# This maps roughly 2x2 meter squares in the Olin-Rice map to cell numbers for
# use with deep learning. In some places the dimensions are a bit different
# Each cell's location is given by (x1, y1) and (x2, y2), where x1 < x2, and y1 < y2, and
# a location (x, y) is in the cell if x1 <= x < x2 and y1 <= y < y2
# cellNumber x1 y1 x2 y2
0 5 6 7 8
1 5 8 7 10
2 5 10 7 12
3 5 12 7 14
4 5 14 7 16
5 5 16 7 18
6 5 18 7 20
7 5 20 7 22
8 5 22 7 24
9 5 24 7 26
10 5 26 7 28
11 5 28 7 30
12 5 30 7 32
13 5 32 7 34
14 5 34 7 36
15 5 36 7 38
16 5 38 7 40
17 5 40 7 42
18 7 9 10 12
19 7 7 10 9
20 7 5 9 7
21 9 5 11 7
22 11 5 13 7
23 13 5 15 7
24 15 5 17 7
25 17 5 19 7
26 19 5 21 7
27 18 7 21 9
28 18 9 21 11
29 19 11 21 13
30 19 13 21 15
31 19 15 21 17
32 18 17 21 19
33 19 19 21 21
34 19 21 22 23
35 19 23 22 25
36 18 25 21 27
37 19 27 21 29
38 19 29 21 31
39 19 31 21 34
40 19 34 21 36
41 18 36 21 38
42 18 38 21 40
43 19 40 21 42
44 21 5 23 7
45 23 5 25 7
46 25 5 27 7
47 27 5 30 7
48 30 5 33 7
49 30 7 33 9
50 30 9 33 11
51 30 11 33 13
52 30 13 33 15
53 30 15 33 17
54 30 17 33 19
55 30 19 33 21
56 29 21 33 23
57 29 23 32 25
58 29 25 33 27
59 29 27 32 29
60 30 29 32 31
61 30 31 33 33
62 30 33 33 35
63 30 35 33 38
64 30 38 33 40
65 30 40 32 42
66 31 42 33 44
67 29 42 31 44
68 27 42 29 44
69 25 42 27 44
70 23 42 25 44
71 21 42 23 44
72 19 42 21 44
73 17 42 19 44
74 15 42 17 44
75 13 42 15 44
76 11 42 13 44
77 9 42 11 44
78 7 42 9 44
79 5 42 7 44
80 5 44 7 46
81 7 44 9 46
82 9 44 11 46
83 11 44 13 46
84 13 44 15 46
85 15 44 17 46
86 17 44 19 46
87 19 44 21 46
88 21 44 23 46
89 23 44 25 46
90 25 44 27 46
91 27 44 29 46
92 29 44 31 46
93 31 44 33 46
94 31 46 34 48
95 29 46 31 48
96 31 48 34 50
97 29 48 31 50
98 31 50 34 52
99 29 50 31 52
100 31 52 34 54
101 29 52 31 54
102 31 54 33 56
103 29 54 31 56
104 27 54 29 56
105 25 54 27 56
106 23 54 25 56
107 21 54 23 56
108 19 54 21 56
109 17 54 19 56
110 15 54 17 56
111 13 54 15 56
112 11 54 13 56
113 9 54 11 56
114 9 52 11 54
115 9 50 11 52
116 9 48 11 50
117 9 46 11 48
118 7 46 9 48
119 5 46 7 48
120 7 48 9 50
121 5 48 7 50
122 7 50 9 52
123 5 50 7 52
124 7 52 9 54
125 5 52 7 54
126 7 54 9 56
127 5 54 7 56
128 5 56 7 59
129 7 56 9 59
130 9 56 11 59
131 11 56 13 58.6
132 13 56 15 58.6
133 15 56 17 58.6
134 17 56 19 58.6
135 19 56 21 58.6
136 21 56 23 58.6
137 23 56 25 58.6
138 25 56 27 58.6
139 27 56 29 58.6
140 29 56 31 58.6
141 31 56 33 58.6
142 30 58.6 32 61
143 30 61 32 63
144 30 63 32 65
145 30 65 32 67
146 29 67 32 69
147 29 69 32 71
148 30 71 32 73
149 30 73 32 75
150 30 75 32 77
151 30 77 32 79
152 15 25 18 29
153 29 79 32 81
154 29 81 32 83
155 30 83 32 85
156 30 85 32 87
157 30 87 32 89
158 30 89 33 91
159 30 91 33 93
160 30 93 32 95
161 30 95 32 97
162 29 97 32 99
163 29 99 32 101
164 30 101 32 103
165 30 103 32 106
166 30 106 32 108
167 28 106 30 108
168 26 106 28 108
169 24 106 26 108
170 22 106 24 108
171 20 106 22 108
172 18 106 20 108
173 16 106 18 108
174 14 106 16 108
175 11.4 106 14 108
176 9.45 106 11.4 108
177 9.45 104 11.4 106
178 9.45 102 11.4 104
179 9.45 100 11.4 102
180 9.45 98 11.4 100
181 9.45 96 11.4 98
182 9.45 94 11.4 96
183 9.45 92 11.4 94
184 9.45 90 11.4 92
185 9.45 88 11.4 90
186 9.45 86 11.4 88
187 9.45 84 11.4 86
188 9.45 82 11.4 84
189 9.45 80 11.4 82
190 9.45 78 11.4 80
191 9.45 76 11.4 78
192 9.45 74 11.4 76
193 9.45 72 11.4 74
194 9.45 70 11.4 72
195 9.45 68 11.4 70
196 9.45 66 11.4 68
197 9.45 64 11.4 66
198 9.45 62 11.4 64
199 9.45 59 11.4 62
200 5 59 7 62
201 5 62 7 64
202 5 64 7 66
203 5 66 7 68
204 5 68 7 70
205 5 70 7 72
206 5 72 7 74
207 7 71 9.45 73
208 7 73 9.45 75
209 7 75 9.45 77
210 5 74 7 76
211 5 76 7 78
212 5 78 7 80
213 5 80 7 82
214 5 82 7 84
215 5 84 7 86
216 5 86 7 88
217 5 88 7 90
218 5 90 7 92
219 5 92 7 95
220 7 90 9.45 92
221 11.4 90 14 92
222 14 90 16 92
223 16 90 18 92
224 18 90 20 92
225 20 90 22 92
226 22 90 24 92
227 24 90 26 92
228 26 90 28 92
229 28 90 30 92
230 32 106 34 108
231 34 106 36 108
232 36 106 38 108
233 38 106 40 108
234 40 106 42 108
235 42 106 44 108
236 44 106 46 108
237 46 106 48 108
238 48 106 50 108
239 50 106 52 108
240 52 106 54 108
241 54 106 56 108
242 56 106 57.6 108
243 57.6 106 59.6 108
244 57.6 104 59.6 106
245 57.6 102 59.6 104
246 57.6 100 59.6 102
247 57.6 98 59.6 100
248 57.6 96 59.6 98
249 57.6 94 59.6 96
250 57.6 92 59.6 94
251 57.6 90 59.6 92
252 57.6 88 59.6 90
253 57.6 86 59.6 88
254 57.6 84 59.6 86
255 57.6 82 59.6 84
256 57.6 79 59.6 82
257 57.6 77 59.6 79
258 56 77 57.6 79
259 54 77 56 79
260 52 77 54 79
261 50 77 52 79
262 48 77 50 79
263 46 77 48 79
264 44 77 46 79
265 42 77 44 79
266 40 77 42 79
267 38 77 40 79
268 36 77 38 79
269 34 77 36 79
270 32 77 34 79
