576 9.1 6.2 180
577 8.8 6.2 180
578 8.6 6.2 180
579 8.2 6.2 180
580 7.9 6.5 135
581 7.5 6.8 135
582 6.9 7.0 135
583 6.7 7.0 135
584 6.4 7.2 135
585 6.3 7.2 135
586 6.3 7.2 135
587 6.3 7.2 135
588 6.3 7.2 90
589 6.3 7.2 90
590 6.3 7.2 90
591 6.3 7.3 90
592 6.3 7.3 90
593 6.3 7.5 90
594 6.4 7.6 135
595 6.3 7.8 135
596 6.2 8.2 90
597 6.2 8.3 135
598 6.1 8.4 90
599 6.1 8.4 90
600 6.1 8.7 90
601 6.1 8.9 90
602 6.1 9.2 90
603 6.1 9.5 90
604 6.1 9.9 90
605 6.1 10.4 90
606 6.1 10.7 90
607 6.1 10.7 90
608 6.1 11.7 90
609 6.1 12.3 90
610 6.1 12.3 90
611 6.1 12.5 90
612 6.1 12.9 90
613 6.1 13.0 90
614 6.1 13.4 90
615 6.1 13.5 90
616 6.1 13.5 90
617 6.1 13.6 90
618 6.1 13.9 90
619 6.1 14.1 90
620 6.1 14.7 90
621 6.1 15.6 90
622 6.1 16.1 90
623 6.1 16.7 90
624 6.1 17.0 90
625 6.1 17.0 90
626 6.1 17.4 90
627 6.1 17.8 90
628 6.1 18.3 90
629 6.1 18.5 90
630 6.1 18.9 90
631 6.1 19.3 90
632 6.1 19.6 90
633 6.1 20.3 90
634 6.1 20.3 90
635 6.1 20.3 90
636 6.1 20.7 90
637 6.1 20.9 90
638 6.1 21.6 90
639 6.1 22.4 90
640 6.1 23.2 90
641 6.1 23.2 90
642 6.1 23.3 90
643 6.1 23.5 90
644 6.1 23.8 90
645 6.1 24.1 90
646 6.1 24.4 90
647 6.1 24.8 90
648 6.1 25.4 90
649 6.1 26.7 90
650 6.1 27.1 90
651 6.1 27.7 90
652 6.1 28.0 90
653 6.1 28.3 90
654 6.1 29.0 90
655 6.1 29.5 90
656 6.1 29.8 90
657 6.1 30.3 90
658 6.1 30.4 90
659 6.1 30.7 90
660 6.1 31.2 90
661 6.1 31.6 90
662 6.1 32.1 90
663 6.1 33.1 90
664 6.1 33.3 90
665 6.1 33.6 90
666 6.1 33.8 90
667 6.1 34.1 90
668 6.1 34.4 90
669 6.1 35.4 90
670 6.1 35.6 90
671 6.1 35.9 90
672 6.1 36.1 90
673 6.1 36.3 90
674 6.1 36.4 90
675 6.1 36.1 90
676 6.1 36.1 90
677 6.1 36.5 90
678 6.1 37.0 90
679 6.1 37.0 90
680 6.1 37.0 90
681 6.1 37.2 90
682 6.1 37.3 90
683 6.1 37.3 90
684 6.1 37.3 90
685 6.1 37.7 90
686 6.1 38.0 90
687 6.1 38.2 90
688 6.1 38.4 90
689 6.1 38.5 90
690 6.1 38.7 90
691 6.1 38.7 90
692 6.1 38.9 90
693 6.1 39.2 90
694 6.1 39.3 90
695 6.1 39.4 90
696 6.1 39.6 90
697 6.1 40.0 90
698 6.1 40.0 90
699 6.1 41.1 90
700 6.1 41.4 90
701 6.1 41.5 90
702 6.1 42.0 90
703 6.1 42.6 90
704 6.1 42.9 90
705 6.1 43.8 90
706 6.1 43.8 90
707 6.1 43.8 90
708 6.1 43.9 90
709 6.1 43.9 90
710 6.1 43.9 45
711 6.1 43.9 45
712 6.1 43.9 45
713 6.1 43.9 45
714 6.1 43.9 0
715 6.1 43.9 0
716 6.1 43.9 0
717 6.4 43.9 0
718 6.7 43.9 0
719 7.1 43.9 0
720 7.3 43.9 0
721 8.3 43.9 0
722 9.0 43.9 0
723 9.6 43.9 0
724 9.8 43.9 0
725 10.1 43.9 0
726 11.0 43.9 0
727 11.9 43.9 0
728 11.9 43.9 0
729 11.9 43.9 0
730 12.3 43.9 0
731 13.9 43.9 0
732 13.9 43.9 0
733 13.9 43.9 0
734 14.1 43.9 0
735 14.6 43.9 0
736 15.4 43.9 0
737 15.9 43.9 0
738 16.8 43.9 0
739 16.9 43.9 0
740 17.1 43.9 0
741 17.7 43.9 0
742 17.9 43.9 0
743 18.1 43.9 0
744 18.1 43.9 0
745 18.2 43.9 0
746 18.3 43.9 0
747 18.4 43.9 0
748 18.4 43.9 0
749 18.5 43.9 315
750 18.55 43.55 315
751 18.55 43.55 315
752 18.55 43.55 270
753 18.55 43.55 270
754 18.55 43.55 270
755 18.55 43.55 270
756 18.55 43.55 315
757 18.55 43.55 315
758 18.55 43.55 0
759 18.55 43.55 0
760 19.15 43.55 0
761 19.35 43.55 315
762 19.35 43.55 315
763 19.35 43.55 315
764 19.35 43.55 315
765 19.35 43.55 315
766 19.35 43.55 315
767 19.35 43.55 270
768 19.35 43.55 315
769 19.35 43.55 315
770 19.35 43.55 0
771 19.35 43.55 0
772 20.05 43.55 0
773 20.45 43.55 0
774 20.65 43.55 0
775 21.25 43.55 0
776 21.25 43.55 0
777 21.55 43.55 0
778 21.95 43.55 0
779 22.75 43.55 0
780 23.75 43.55 0
781 24.55 43.55 0
782 24.55 43.55 0
783 24.55 43.55 0
784 24.85 43.95 0
785 24.85 43.95 0
786 25.15 43.95 0
787 25.45 43.95 0
788 26.05 43.95 0
789 27.45 43.95 0
790 27.85 43.95 0
791 28.35 43.95 0
792 28.75 43.95 0
793 29.05 43.95 0
794 29.05 43.95 0
795 29.85 43.95 0
796 30.15 43.95 0
797 30.45 43.95 0
798 30.45 43.95 0
799 30.45 43.95 0
800 30.65 43.95 0
801 30.95 43.95 0
802 30.95 43.95 315
803 30.95 43.95 270
804 30.95 43.95 225
805 30.95 43.95 225
806 30.95 43.95 180
807 30.95 43.95 180
808 30.95 43.95 180
809 30.95 43.95 180
810 30.95 43.95 180
811 30.95 43.95 225
812 30.95 43.95 225
813 30.95 43.95 225
814 30.95 43.95 225
815 30.95 43.95 225
816 30.95 43.95 270
817 30.95 43.95 270
818 30.95 43.95 270
819 31.05 43.15 270
820 31.05 42.45 270
821 31.05 42.45 270
822 31.05 41.85 270
823 31.05 41.25 270
824 31.05 41.15 270
825 31.05 40.85 270
826 31.05 40.85 270
827 31.05 40.55 270
828 31.05 40.15 270
829 31.05 40.15 270
830 31.05 40.15 270
