0 22.15 3.55 90
1 22.15 3.85 90
2 22.15 3.85 90
3 22.15 3.95 90
4 22.15 4.15 90
5 22.15 4.25 90
6 22.15 4.45 90
7 22.15 4.45 90
8 22.15 4.65 90
9 22.15 4.65 90
10 22.15 4.85 90
11 22.15 4.85 90
12 22.15 5.05 90
13 22.15 5.15 90
14 22.15 5.35 90
15 22.15 5.45 90
16 22.15 5.55 90
17 22.15 5.65 90
18 22.15 5.85 90
19 22.15 6.05 90
20 22.15 6.15 90
21 22.15 6.15 45
22 22.15 6.25 45
23 22.25 6.25 45
24 22.25 6.35 45
25 22.35 6.35 45
26 22.55 6.45 45
27 22.65 6.45 0
28 22.85 6.45 0
29 23.05 6.45 0
30 23.45 6.45 0
31 24.05 6.45 0
32 24.65 6.45 0
33 25.25 6.45 0
34 25.85 6.45 0
35 26.15 6.45 0
36 27.05 6.45 0
37 27.55 6.45 0
38 28.45 6.45 0
39 28.75 6.45 0
40 29.05 6.45 0
41 29.35 6.45 0
42 29.45 6.45 0
43 29.65 6.45 0
44 29.85 6.45 0
45 30.05 6.45 0
46 30.25 6.45 0
47 30.45 6.45 0
48 30.65 6.45 0
49 30.65 6.45 45
50 30.65 6.45 45
51 30.65 6.45 90
52 30.65 6.45 135
53 30.65 6.45 135
54 30.65 6.45 135
55 30.65 6.45 135
56 30.65 6.45 90
57 30.65 6.45 90
58 30.65 7.25 90
59 30.65 7.95 90
60 30.65 8.45 90
61 30.65 9.05 90
62 30.65 9.95 90
63 30.65 10.45 90
64 30.65 11.65 90
65 30.65 12.05 90
66 30.65 12.05 90
67 30.65 12.55 90
68 30.65 14.15 90
69 30.65 14.75 90
70 30.65 15.45 90
71 30.65 15.95 90
72 30.65 16.35 90
73 30.65 16.75 90
74 30.65 18.85 90
75 30.65 20.05 90
76 30.65 20.95 90
77 30.65 22.25 90
78 30.65 23.25 90
79 30.65 23.25 90
80 30.75 23.75 90
81 30.75 24.15 90
82 30.75 24.55 90
83 30.75 24.75 90
84 30.75 25.35 90
85 30.75 26.25 90
86 30.85 27.05 90
87 30.85 28.95 90
88 30.85 30.35 90
89 30.85 31.35 90
90 30.85 31.55 90
91 30.85 32.15 90
92 30.85 33.75 90
93 30.85 33.75 90
94 31.05 33.85 90
95 31.05 35.05 90
96 31.05 36.55 90
97 31.05 36.65 90
98 31.05 38.15 90
99 31.05 38.75 90
100 31.05 38.75 135
101 31.05 38.75 135
102 31.05 38.75 180
103 31.05 38.75 180
104 31.05 38.75 180
105 31.05 38.75 180
106 31.05 38.75 225
107 31.05 38.75 270
108 31.05 38.75 270
109 31.05 38.75 270
110 31.05 38.25 270
111 31.05 37.75 270
112 31.05 37.45 270
113 31.05 36.65 270
114 31.05 36.05 270
115 31.05 35.75 270
116 31.05 35.25 270
117 31.05 35.05 270
118 31.05 34.75 270
119 31.05 34.25 270
120 31.05 33.35 270
121 31.05 32.75 270
122 31.05 31.65 270
123 31.05 29.35 270
124 31.05 29.15 270
125 31.05 28.95 270
126 31.05 28.55 270
127 31.05 28.25 270
128 31.05 28.05 270
129 31.05 27.95 270
130 31.05 27.75 270
131 31.05 27.55 270
132 31.05 27.35 270
133 31.05 27.25 270
134 31.05 27.15 270
135 31.05 27.05 270
136 31.05 26.85 270
137 31.05 26.75 270
138 31.05 26.65 270
139 31.05 26.55 270
140 31.05 26.55 270
141 31.05 26.45 270
142 31.05 26.35 270
143 31.05 25.85 270
144 31.05 25.25 270
145 31.05 24.65 270
146 31.05 23.75 270
147 31.05 22.95 270
148 31.05 22.75 270
149 31.05 22.35 270
150 31.05 21.85 270
151 31.05 21.35 270
152 31.05 20.05 270
153 31.05 19.45 270
154 31.25 18.15 270
155 31.25 18.05 270
156 31.15 16.15 270
157 31.05 14.65 270
158 31.05 14.15 270
159 31.05 13.55 270
160 31.05 12.65 270
161 31.05 12.25 270
162 31.05 11.45 270
163 31.05 11.05 270
164 31.05 9.95 270
165 31.05 9.15 270
166 31.05 8.75 270
167 31.05 8.65 270
168 31.05 8.55 270
169 31.05 8.45 270
170 31.05 8.45 270
171 31.05 8.35 270
172 31.05 8.25 270
173 31.05 8.15 270
174 31.05 8.05 270
175 31.05 7.95 270
176 31.05 7.55 270
177 31.05 7.45 270
178 31.05 7.35 270
179 31.05 7.15 270
180 31.05 6.85 270
181 31.05 6.65 225
182 31.05 6.65 225
183 31.05 6.65 225
184 30.75 6.65 180
185 30.75 6.65 180
186 30.75 6.65 180
187 30.25 6.55 180
188 29.35 6.55 180
189 28.95 6.55 180
190 27.75 6.55 180
191 26.95 6.25 180
192 26.55 6.25 180
193 26.55 6.25 180
194 25.55 6.25 180
195 24.75 6.25 180
196 24.25 6.35 180
197 23.85 6.35 180
198 23.65 6.35 180
199 23.15 6.45 180
200 22.75 6.55 180
201 22.45 6.75 180
202 22.35 6.75 180
203 21.75 6.75 180
204 20.65 6.95 180
205 19.75 7.05 180
206 19.55 7.15 135
207 19.55 7.15 135
208 19.55 7.15 135
209 19.55 7.15 90
210 19.55 7.15 90
211 19.55 7.15 90
212 19.55 7.15 45
213 19.55 7.25 90
214 19.85 7.25 90
215 19.85 7.35 90
216 19.85 7.75 90
217 19.85 10.15 90
218 19.95 14.55 90
219 19.95 15.65 90
220 19.95 16.85 90
221 19.95 17.15 90
222 19.95 17.45 90
223 19.95 17.75 90
224 19.95 19.15 90
225 19.75 20.15 90
226 19.65 21.25 90
227 19.55 22.35 90
228 19.55 22.95 90
229 19.65 23.45 90
230 19.75 23.95 90
231 19.75 24.05 45
232 19.75 24.05 45
233 19.75 24.05 0
234 19.75 24.05 0
235 19.75 24.05 0
236 19.75 24.05 0
237 19.75 24.05 0
238 19.75 24.05 0
239 19.75 24.05 45
240 19.75 24.05 45
241 19.75 24.05 90
242 19.75 24.05 135
243 19.75 24.05 135
244 19.75 24.05 180
245 19.75 24.05 180
246 19.75 24.05 180
247 19.75 24.05 90
248 19.75 24.05 90
249 19.75 24.05 90
250 19.75 24.05 90
251 19.75 24.05 90
252 19.75 23.35 90
253 19.75 23.35 45
254 19.85 24.15 45
255 19.85 25.05 90
256 19.85 25.75 90
257 19.85 25.75 90
258 19.85 25.95 90
259 19.85 26.95 90
260 19.85 27.95 90
261 19.85 29.25 90
262 19.85 29.85 90
263 19.85 31.45 90
264 19.85 32.55 90
265 19.85 33.35 90
266 19.85 33.95 90
267 19.85 34.55 90
268 19.85 34.95 45
269 19.85 34.95 45
270 19.85 34.95 0
271 19.85 34.95 0
272 19.85 34.95 0
273 19.85 34.95 315
274 19.85 34.95 315
275 19.85 34.95 315
276 19.85 34.95 315
277 19.85 34.95 315
278 19.85 34.95 315
279 19.85 34.95 270
280 19.65 34.55 270
281 19.65 34.15 270
282 19.65 32.65 270
283 19.65 32.25 270
284 19.65 32.25 270
285 19.65 31.85 270
286 19.65 31.85 270
287 19.65 31.85 270
288 19.65 31.65 270
289 19.65 31.65 270
290 19.65 31.65 270
291 19.65 31.35 270
292 19.65 31.35 270
293 19.65 31.05 270
294 19.65 31.05 270
295 19.65 29.95 270
296 19.65 29.45 270
297 19.65 29.15 270
298 19.65 28.35 270
299 19.65 26.35 270
300 19.65 26.15 270
301 19.85 25.15 270
302 19.85 23.75 270
303 19.85 22.25 270
304 19.85 21.45 270
305 19.85 20.55 270
306 19.85 19.95 270
307 19.85 18.55 270
308 19.85 18.35 270
309 19.85 17.85 270
310 19.85 17.85 270
311 19.85 17.85 270
312 19.85 17.05 270
313 19.85 17.05 270
314 19.85 16.95 270
315 19.85 14.35 270
316 19.85 14.05 270
317 19.85 11.55 270
318 19.95 11.55 270
319 20.25 10.95 270
320 20.25 10.95 270
321 20.25 10.85 270
322 20.25 10.85 270
323 20.25 10.85 270
324 20.25 10.85 270
325 20.25 10.35 270
326 20.05 8.75 270
327 20.05 8.70 270
328 20.05 8.45 270
329 20.05 8.35 270
330 19.95 8.25 270
331 19.95 8.15 270
332 19.95 8.05 270
333 19.95 7.95 270
334 19.95 7.85 270
335 19.95 7.75 270
336 19.95 7.65 270
337 19.95 7.55 270
338 19.95 7.45 270
339 19.95 7.35 270
340 19.95 7.25 270
341 19.95 7.15 270
342 19.95 7.05 270
343 19.95 6.95 270
344 19.95 6.95 270
345 19.95 6.85 270
346 19.95 6.85 270
347 19.95 6.75 270
348 19.95 6.75 270
349 19.95 6.73 270
350 19.95 6.71 270
351 19.95 6.69 270
352 19.95 6.67 270
353 19.95 6.65 270
354 19.95 6.63 270
355 19.95 6.61 270
356 19.95 6.59 270
357 19.95 6.57 270
358 19.95 6.55 270
359 19.95 6.53 270
360 19.95 6.51 270
361 19.95 6.49 270
362 19.95 6.47 270
363 19.95 6.45 270
364 19.95 6.43 270
365 19.95 6.41 270
366 19.95 6.39 270
367 19.95 6.37 270
368 19.95 6.35 270
369 19.95 6.33 270
370 19.95 6.31 270
371 19.95 6.29 270
372 19.95 6.27 270
373 19.95 6.25 270
374 19.95 6.23 270
375 19.95 6.21 270
376 19.95 6.19 270
377 19.95 6.17 270
378 19.95 6.15 270
379 19.95 6.15 270
380 19.95 6.15 270
381 19.95 6.15 225
382 19.95 6.15 180
383 19.55 6.15 180
384 19.55 6.15 180
385 19.55 6.15 135
386 19.55 6.25 180
387 18.95 6.35 180
388 18.35 6.35 180
389 17.75 6.35 180
390 17.15 6.35 180
391 16.55 6.35 180
392 16.25 6.35 180
393 15.15 6.35 180
394 14.85 6.35 180
395 14.55 6.35 180
396 14.45 6.35 180
397 14.35 6.35 180
398 14.15 6.35 180
399 14.05 6.35 180
400 13.35 6.35 180
401 13.05 6.15 180
402 11.95 6.25 180
403 11.85 6.25 180
404 11.75 6.25 180
405 11.55 6.25 180
406 11.35 6.25 180
407 10.95 6.25 180
408 10.75 6.25 180
409 10.65 6.25 180
410 10.25 6.25 180
411 10.05 6.25 180
412 9.95 6.25 180
413 9.85 6.25 180
414 9.65 6.25 180
415 9.45 6.25 180
416 9.25 6.25 180
417 9.25 6.25 180
418 8.85 6.25 180
419 8.55 6.25 180
420 8.25 6.25 180
421 8.15 6.25 180
422 8.15 6.25 180
423 8.15 6.25 180
424 8.15 6.25 180
425 8.15 6.25 135
426 8.15 6.25 135
427 8.15 6.25 135
428 8.15 6.25 90
429 8.15 6.25 90
430 8.15 6.25 45
431 8.15 6.25 45
432 8.15 6.25 45
433 8.15 6.25 45
434 8.15 6.25 45
435 8.15 6.25 45
436 8.15 6.25 0
437 8.15 6.25 0
438 8.15 6.25 0
439 8.15 6.25 0
440 8.55 6.25 0
441 9.05 6.25 0
442 9.15 6.25 0
443 9.85 6.25 0
444 9.85 6.25 0
445 9.95 6.25 0
446 10.15 6.25 0
447 11.15 6.25 0
448 13.35 6.25 0
449 14.75 6.25 0
450 15.35 6.25 0
451 15.35 6.25 0
452 16.25 6.25 0
453 17.25 6.25 0
454 17.45 6.25 0
455 18.05 6.35 0
456 18.35 6.45 0
457 18.55 6.45 0
458 18.85 6.45 0
459 19.05 6.45 0
460 19.15 6.45 0
461 19.25 6.45 0
462 19.35 6.45 0
463 19.35 6.45 45
464 19.35 6.45 45
465 19.35 6.45 45
466 19.35 6.45 45
467 19.35 6.45 45
468 19.35 6.45 45
469 19.35 6.45 90
470 19.35 6.45 90
471 19.35 6.45 135
472 19.35 6.45 135
473 19.35 6.45 135
474 19.35 6.45 135
475 19.35 6.45 135
476 19.35 6.45 135
477 19.35 6.45 135
478 19.35 6.45 135
491 19.35 6.45 135
492 19.35 6.45 135
493 19.35 6.45 135
494 19.35 6.45 135
495 19.35 6.45 135
496 19.35 6.45 135
509 19.35 6.45 135
510 19.35 6.45 135
511 19.35 6.45 135
512 19.35 6.45 135
513 19.35 6.45 135
514 19.35 6.45 90
515 19.35 6.45 90
516 19.35 6.45 90
517 19.35 6.45 45
518 19.35 6.45 45
519 19.35 6.45 45
520 19.35 6.45 45
521 19.35 6.45 45
522 19.35 6.45 45
523 19.35 6.45 45
524 19.35 6.45 45
525 19.35 6.45 45
526 19.35 6.45 45
527 19.35 6.45 45
528 19.35 6.45 45
529 19.35 6.45 45
530 19.35 6.45 45
531 19.35 6.45 45
532 19.35 6.45 45
533 19.35 6.45 45
534 19.35 6.45 45
535 19.35 6.45 45
536 19.35 6.45 45
537 19.35 6.45 45
538 19.35 6.45 45
539 19.35 6.45 45
540 19.35 6.45 45
541 19.35 6.45 45
542 19.35 6.45 45
543 19.35 6.45 45
544 19.35 6.45 45
545 19.35 6.45 45
546 19.35 6.45 0
547 19.35 6.45 0
548 19.35 6.45 315
549 20.35 6.05 0
550 20.75 6.05 0
551 21.15 6.05 0
552 21.65 6.05 0
553 22.15 6.05 0
554 22.15 6.05 315
555 22.15 6.05 315
556 22.15 6.05 270
557 22.15 6.05 270
558 22.15 6.05 270
559 22.15 6.05 270
560 22.15 6.05 270
561 22.25 5.45 270
562 22.25 4.55 270
563 22.25 4.35 270
564 22.25 4.35 270
565 22.25 4.05 270
566 22.25 3.95 270
567 22.25 3.65 225
568 22.25 3.65 225
569 22.25 3.65 180
570 22.25 3.65 180
571 22.25 3.65 135
572 22.25 3.65 135
573 22.25 3.65 135
574 22.25 3.65 180
575 22.25 3.65 225
576 9.10 6.20 180
577 8.80 6.20 180
578 8.60 6.20 180
579 8.20 6.20 180
580 7.90 6.50 135
581 7.50 6.80 135
582 7.10 6.80 135
583 6.90 6.80 135
584 6.80 6.80 135
585 6.70 6.80 135
586 6.70 6.80 135
587 6.70 6.80 135
588 6.70 6.80 90
589 6.70 6.80 90
590 6.70 6.80 90
591 6.70 6.90 90
592 6.70 6.90 90
593 6.70 7.10 90
594 6.80 7.20 135
595 6.70 7.40 135
596 6.60 7.80 90
597 6.60 7.90 135
598 6.20 8.00 90
599 6.20 8.00 90
600 6.20 8.30 90
601 6.20 8.50 90
602 6.20 8.80 90
603 6.20 9.50 90
604 6.20 9.90 90
605 6.20 10.40 90
606 6.20 10.70 90
607 6.20 10.70 90
608 6.20 11.70 90
609 6.00 12.30 90
610 6.00 12.30 90
611 6.00 12.50 90
612 6.00 12.90 90
613 6.00 13.00 90
614 6.00 13.40 90
615 6.00 13.50 90
616 6.00 13.50 90
617 6.00 13.90 90
618 6.00 14.20 90
619 6.00 14.40 90
620 6.00 15.00 90
621 6.00 15.90 90
622 6.00 16.40 90
623 6.00 16.70 90
624 6.00 17.00 90
625 6.00 16.80 90
626 6.00 17.20 90
627 6.00 17.60 90
628 6.00 18.10 90
629 6.00 18.30 90
630 6.00 18.70 90
631 6.00 19.10 90
632 6.00 19.40 90
633 6.00 20.10 90
634 6.00 20.10 90
635 6.00 20.10 90
636 6.20 20.50 90
637 6.20 20.70 90
638 6.20 21.40 90
639 6.20 22.20 90
640 6.20 23.00 90
641 6.20 23.00 90
642 6.10 23.20 90
643 6.10 23.40 90
644 6.10 23.70 90
645 6.10 24.00 90
646 6.10 24.30 90
647 6.10 24.70 90
648 6.10 25.00 90
649 6.10 26.30 90
650 6.10 26.50 90
651 6.10 26.90 90
652 6.10 27.20 90
653 6.10 27.90 90
654 6.10 28.70 90
655 6.10 29.20 90
656 6.10 29.50 90
657 6.10 30.00 90
658 6.10 30.10 90
659 6.10 30.70 90
660 6.10 31.20 90
661 6.10 31.60 90
662 6.10 32.10 90
663 6.10 33.10 90
664 6.10 33.30 90
665 6.10 33.60 90
666 6.10 33.80 90
667 6.10 34.10 90
668 6.10 34.30 90
669 6.10 34.50 90
670 6.10 34.60 90
671 6.10 34.70 90
672 6.10 34.80 90
673 6.10 34.90 90
674 6.10 35.10 90
675 6.10 35.30 90
676 6.10 35.50 90
677 6.10 35.70 90
678 6.10 36.40 90
679 6.10 36.40 90
680 6.10 36.60 90
681 6.10 36.80 90
682 6.10 36.90 90
683 6.10 36.90 90
684 6.10 36.90 90
685 6.10 37.30 90
686 6.10 37.60 90
687 6.10 37.80 90
688 6.10 38.00 90
689 6.10 38.10 90
690 6.10 38.30 90
691 6.10 38.50 90
692 6.10 38.90 90
693 6.10 39.20 90
694 6.10 39.30 90
695 6.10 39.80 90
696 6.10 40.00 90
697 6.10 40.40 90
698 6.10 40.60 90
699 6.10 41.70 90
700 6.10 42.00 90
701 6.10 42.10 90
702 6.10 42.60 90
703 6.10 43.20 90
704 6.10 43.50 90
705 6.10 43.80 90
706 6.10 43.80 90
707 6.10 43.80 90
708 6.10 43.90 90
709 6.10 43.90 90
710 6.10 43.90 45
711 6.10 43.90 45
712 6.10 43.90 45
713 6.10 43.90 45
714 6.10 43.90 0
715 6.10 43.90 0
716 6.10 43.90 0
717 6.40 43.90 0
718 6.70 43.90 0
719 7.10 43.90 0
720 7.30 43.90 0
721 8.10 43.90 0
722 8.80 43.90 0
723 9.40 43.90 0
724 9.60 43.90 0
725 9.90 43.90 0
726 10.80 43.90 0
727 11.70 43.90 0
728 11.70 43.90 0
729 11.70 43.90 0
730 12.10 43.90 0
731 13.70 43.90 0
732 13.70 43.90 0
733 13.70 43.90 0
734 13.90 43.90 0
735 14.40 43.90 0
736 15.10 43.90 0
737 15.60 43.90 0
738 16.50 43.90 0
739 16.90 43.90 0
740 17.10 43.90 0
741 17.70 43.90 0
742 17.90 43.90 0
743 18.10 43.90 0
744 18.10 43.90 0
745 18.20 43.90 0
746 18.30 43.90 0
747 18.40 43.90 0
748 18.40 43.90 0
749 18.50 43.90 315
750 18.55 43.55 315
759 18.55 43.55 0
760 19.15 43.55 0
761 19.35 43.55 315
762 19.35 43.55 315
763 19.35 43.55 315
764 19.35 43.55 315
765 19.35 43.55 315
766 19.35 43.55 315
767 19.35 43.55 270
768 19.35 43.55 315
769 19.35 43.55 315
770 19.35 43.55 0
771 19.35 43.55 0
772 20.05 43.55 0
773 20.45 43.55 0
774 20.65 43.55 0
775 21.25 43.55 0
776 21.25 43.55 0
777 21.55 43.55 0
778 21.95 43.55 0
779 22.75 43.55 0
780 23.95 43.75 0
781 24.75 43.75 0
782 24.85 43.75 0
783 24.95 43.75 0
784 25.25 43.95 0
785 25.65 43.95 0
786 25.95 43.95 0
787 26.25 43.95 0
788 26.85 43.95 0
789 27.85 43.95 0
790 28.25 43.95 0
791 28.75 43.95 0
792 29.15 43.95 0
793 29.45 43.95 0
794 29.45 43.95 0
795 30.05 43.95 0
796 30.35 43.95 0
797 30.65 43.95 0
798 30.65 43.95 0
799 30.65 43.95 0
800 30.85 43.95 0
801 31.15 43.95 0
802 31.15 43.95 315
803 31.15 43.95 270
804 31.15 43.95 225
805 31.15 43.95 225
806 31.15 43.95 180
807 31.15 43.95 180
808 31.15 43.95 180
809 31.15 43.95 180
810 31.15 43.95 180
811 31.15 43.95 225
812 31.15 43.95 225
813 31.15 43.95 225
814 31.15 43.95 225
815 31.15 43.95 225
816 31.15 43.95 270
817 31.15 43.95 270
818 31.15 43.95 270
819 31.25 43.15 270
820 31.25 42.45 270
821 31.25 42.45 270
822 31.25 41.85 270
823 31.25 41.25 270
824 31.25 41.15 270
825 31.25 40.85 270
826 31.25 40.85 270
827 31.25 40.55 270
828 31.25 40.15 270
829 31.25 40.15 270
830 31.25 40.15 270
831 31.10 37.55 90
832 31.10 38.35 90
833 31.10 39.15 90
834 31.10 39.85 90
835 31.10 39.85 90
836 31.10 40.35 90
837 31.10 40.75 90
838 31.10 41.25 90
839 31.00 41.45 90
840 31.00 41.45 90
841 31.00 41.85 90
842 31.00 42.45 90
843 31.00 42.45 135
844 31.00 42.45 135
845 31.00 42.45 135
846 31.00 42.45 180
847 31.00 42.85 180
848 31.00 42.85 180
849 30.60 43.05 180
850 30.40 43.15 180
851 30.40 43.15 135
852 30.20 43.35 135
853 29.40 43.55 135
854 28.80 43.55 180
855 28.80 43.55 180
856 28.80 43.55 180
857 28.80 43.55 135
858 28.20 43.75 180
859 27.70 43.75 180
860 26.80 43.75 180
861 26.30 43.75 180
862 25.50 43.75 180
863 25.20 43.75 180
864 25.20 43.75 180
865 24.80 43.75 180
866 23.40 43.75 180
867 22.60 43.75 180
868 22.40 43.75 180
869 22.10 43.75 180
870 21.80 43.75 180
871 21.10 43.75 180
872 20.80 43.75 180
873 20.80 43.75 180
874 20.60 43.75 180
875 20.60 43.75 180
876 20.40 43.75 180
877 20.40 43.75 180
878 19.50 43.75 180
879 19.50 43.75 180
880 18.30 43.75 180
881 17.90 43.75 180
882 17.10 43.75 180
883 16.30 43.75 180
884 15.70 43.75 180
885 14.90 43.75 180
886 14.20 43.75 180
887 14.20 43.75 180
888 13.90 43.75 180
889 13.00 43.75 180
890 12.00 43.75 180
891 12.10 43.75 180
892 11.60 43.75 180
893 10.00 43.80 180
894 8.70 43.90 180
895 8.50 43.90 180
896 8.30 43.90 180
897 7.30 43.90 180
898 7.30 43.90 180
899 7.10 43.90 180
900 6.90 43.90 180
901 6.70 43.90 180
902 6.50 43.90 180
903 6.20 43.90 180
904 6.20 43.90 180
905 6.20 43.90 180
906 6.20 43.90 180
907 6.20 43.90 180
908 6.20 43.90 180
933 6.10 43.90 225
934 6.10 43.90 225
935 6.10 43.90 225
936 6.10 43.90 270
938 6.10 43.90 270
939 6.10 43.90 270
940 6.20 41.35 270
941 6.20 40.65 270
942 6.20 40.65 270
943 6.20 39.85 270
944 6.20 39.55 270
945 6.20 39.25 270
946 6.20 38.45 270
947 6.20 38.45 270
948 6.20 38.05 270
949 6.20 37.85 270
950 6.20 37.95 270
951 6.20 37.55 270
952 6.20 37.15 270
953 6.20 36.95 270
954 6.20 36.75 270
955 6.20 36.55 270
956 6.20 36.15 270
957 6.20 35.75 270
958 6.20 35.15 270
959 6.20 34.75 270
960 6.20 33.95 270
961 6.20 33.15 270
962 6.20 32.55 270
963 6.20 32.05 270
964 6.10 30.85 270
965 6.10 30.85 270
966 6.10 30.15 270
967 6.10 28.95 270
968 6.10 28.45 270
969 6.10 27.65 270
970 6.10 27.25 270
971 6.10 26.35 270
972 6.10 25.75 270
973 6.10 24.95 270
974 6.00 24.25 270
975 6.00 24.05 270
976 6.00 24.35 270
977 6.00 24.35 270
978 6.00 24.05 270
979 6.00 23.85 270
980 6.00 23.65 270
981 6.00 23.25 270
982 6.00 22.55 270
983 6.00 21.25 270
984 6.00 20.95 270
985 6.00 20.95 270
986 6.00 20.45 270
987 6.00 20.25 270
988 6.00 20.05 270
989 6.00 19.85 270
990 6.00 19.45 270
991 6.00 19.05 270
992 6.00 18.55 270
993 6.00 17.65 270
994 6.00 17.65 270
995 6.00 17.25 270
996 6.00 16.95 270
997 6.00 16.85 270
998 6.00 16.75 270
999 6.00 16.65 270
1000 6.00 16.55 270
1001 6.00 16.35 270
1002 6.00 16.25 270
1003 6.00 16.05 270
1004 6.00 15.25 270
1005 6.00 14.95 270
1006 6.00 14.75 270
1007 6.00 14.75 270
1008 6.00 14.75 270
1009 6.00 14.15 270
1010 6.00 13.95 270
1011 6.00 13.95 270
1012 6.00 13.95 270
1013 6.00 13.75 270
1014 6.00 13.55 270
1015 6.00 12.85 270
1016 6.00 12.05 270
1017 6.00 12.05 270
1018 6.00 11.55 270
1019 6.00 10.95 270
1020 6.00 10.85 270
1021 6.00 10.85 270
1022 6.00 10.65 270
1023 6.00 10.45 270
1024 6.00 10.25 270
1025 6.00 9.65 270
1026 6.00 9.25 270
1027 6.00 9.25 270
1028 6.00 9.25 270
1029 6.00 9.25 270
1030 6.00 9.25 270
1031 6.00 9.25 270
1032 6.00 9.05 270
1033 6.00 8.85 270
1034 6.00 8.65 270
1035 6.00 8.65 270
1036 5.90 8.35 270
1037 5.90 8.35 270
1038 5.90 8.35 270
1072 6.00 7.45 270
1073 6.00 7.45 270
1074 6.00 7.45 270
1075 6.00 7.45 270
1076 6.00 7.45 270
1077 6.00 7.45 270
1078 6.00 7.45 315
1079 6.00 7.45 315
1080 6.40 7.45 315
1081 6.80 7.45 315
1082 6.90 7.45 315
1083 7.00 7.45 315
1084 7.10 7.25 315
1085 7.10 6.75 0
1086 7.20 6.75 0
