0 21.95 3.3 90
1 21.95 3.3 90
2 21.9 3.45 90
3 22.2 3.95 90
4 22.2 4.3 90
5 22.2 4.3 90
6 22.3 4.75 90
7 22.3 4.75 90
8 22.3 4.75 90
9 22.3 4.75 90
10 22.3 4.75 90
39 22.25 5.45 90
40 22.25 5.45 90
44 22.25 5.45 135
45 22.25 5.45 135
46 22.25 5.45 135
55 22.25 5.45 225
56 22.25 5.45 225
57 22.25 5.45 225
58 22.25 5.45 225
59 22.25 5.45 225
60 22.25 5.45 180
61 22.25 5.45 180
62 22.25 5.45 180
65 22.25 5.45 135
66 22.25 5.45 135
67 22.25 5.45 135
68 22.25 5.45 135
77 22.25 5.45 90
78 22.25 5.45 90
79 22.25 5.45 90
80 22.25 5.45 90
81 22.25 5.45 90
90 22.25 5.45 180
91 22.25 5.45 180
92 22.25 5.45 180
93 21.9 5.8 180
94 21.9 5.8 180
95 21.9 5.8 180
96 21.9 5.8 180
97 21.9 5.8 180
98 21.9 5.8 180
100 21.9 5.8 180
101 21.0 5.95 180
102 20.45 6.1 180
103 19.85 6.1 180
104 19.85 6.1 180
105 19.85 6.1 180
106 19.85 6.1 135
107 19.85 6.1 135
108 19.85 6.1 135
109 19.85 6.1 135
110 19.85 6.1 135
111 19.85 6.1 135
112 19.85 6.1 135
119 19.85 6.1 135
120 19.85 6.1 135
121 19.85 6.1 135
122 19.85 6.1 135
123 19.85 6.1 135
124 19.85 6.1 135
128 19.85 6.1 90
129 19.85 6.1 45
130 19.85 6.1 45
131 19.85 6.1 45
132 19.85 6.1 45
133 19.85 6.1 45
136 19.85 6.1 90
137 19.85 6.1 90
138 19.65 6.75 90
140 19.8 7.2 90
141 19.9 7.75 90
142 19.9 7.75 90
144 19.7 8.3 90
145 19.75 8.7 90
146 19.75 9.85 90
147 19.95 10.35 90
148 19.8 10.7 90
149 19.85 11.1 90
150 19.95 11.35 90
151 19.95 11.35 90
152 19.9 12.15 90
153 19.9 12.55 90
154 19.9 12.55 90
155 19.95 13.8 90
156 19.95 13.8 90
157 19.9 15.8 90
159 19.75 16.85 90
160 19.75 18.15 90
161 19.75 18.15 90
162 19.75 20.05 90
163 19.75 20.85 90
164 19.75 21.95 90
165 19.75 21.95 90
166 19.75 22.35 90
167 19.75 23.55 90
168 19.75 24.55 90
169 19.75 24.65 90
170 19.75 24.65 90
173 19.75 25.25 90
174 19.75 25.75 90
175 19.75 26.05 90
176 19.75 26.55 90
177 19.75 26.65 90
178 19.75 26.95 90
179 19.75 26.95 90
180 19.75 27.25 90
181 19.75 27.55 90
182 19.75 27.75 90
184 19.75 27.75 45
185 19.75 27.75 45
186 19.75 28.65 90
187 19.75 29.15 90
188 19.75 29.35 90
189 19.75 30.15 90
190 19.75 30.65 90
191 19.75 31.05 90
192 19.75 31.95 90
193 19.75 32.75 90
194 19.75 33.15 90
195 19.75 33.35 90
196 19.75 33.95 90
197 19.75 35.35 90
198 19.75 35.45 90
199 19.75 36.25 90
200 19.75 36.35 90
201 19.75 36.85 90
202 19.75 37.05 90
203 19.75 37.05 90
204 19.75 37.45 90
205 19.75 37.85 90
206 19.75 38.15 90
207 19.75 38.35 90
208 19.75 38.35 90
209 19.75 38.45 90
210 19.75 38.45 90
211 19.75 38.45 90
212 19.75 38.45 90
213 19.75 38.45 90
214 19.75 38.65 90
215 19.75 39.35 90
216 19.75 40.35 90
217 19.75 41.25 90
218 19.75 41.25 90
219 19.75 41.25 90
220 19.75 41.25 90
221 19.75 41.75 90
222 19.75 41.75 90
223 19.75 41.85 90
224 19.75 41.95 90
225 19.75 42.25 90
226 19.75 42.35 90
227 19.75 42.35 90
228 19.75 42.35 90
238 19.75 42.35 0
242 19.75 42.35 0
243 19.75 42.35 0
245 19.75 42.35 0
252 19.75 42.35 270
253 19.75 42.35 270
254 19.75 42.35 270
256 19.75 42.35 270
257 19.75 42.25 270
258 19.75 42.25 270
259 19.75 42.15 270
260 19.75 42.05 270
261 19.75 41.95 270
262 19.75 41.95 270
263 19.75 41.95 225
264 19.55 41.65 225
265 19.55 41.65 225
267 19.55 41.65 270
268 19.55 41.25 270
270 19.55 41.05 270
271 19.55 40.65 270
272 19.55 39.55 270
273 19.55 38.95 270
274 19.55 38.25 270
275 19.55 37.75 270
276 19.55 36.85 270
277 19.55 35.95 270
279 19.55 35.85 270
280 19.65 34.25 270
281 20.15 33.05 270
282 20.15 32.05 270
283 20.15 31.05 270
284 20.15 30.05 270
285 20.15 29.55 270
286 20.15 28.95 270
287 20.15 28.95 270
288 20.15 28.75 270
289 20.15 28.65 270
290 20.15 28.55 270
291 20.15 28.15 270
292 20.15 28.05 270
293 19.95 27.45 270
294 19.95 27.25 270
295 19.95 26.85 270
296 19.95 26.75 270
297 19.95 26.35 270
298 19.95 26.35 270
299 19.95 25.85 270
300 19.95 25.65 270
301 19.95 25.45 270
302 19.95 24.95 270
303 19.95 24.25 270
304 19.95 23.55 270
305 19.95 22.65 270
306 19.95 21.85 270
307 19.95 21.65 270
308 19.95 20.95 270
309 19.95 20.55 270
310 19.95 19.25 270
311 19.95 19.25 270
312 19.95 18.55 270
313 19.95 17.45 270
314 19.95 17.35 270
315 19.95 16.45 270
316 19.95 16.25 270
317 19.95 15.65 270
318 19.95 15.45 270
319 19.95 14.15 270
320 19.95 13.65 270
321 19.95 12.85 270
322 19.95 12.75 270
323 19.95 11.75 270
324 19.95 11.25 270
325 19.95 10.95 270
326 19.95 10.05 270
327 19.95 8.25 270
328 19.95 7.95 270
329 19.95 7.45 270
330 19.95 7.45 270
331 19.95 7.15 270
332 19.95 7.05 270
333 19.95 7.05 270
334 19.95 6.95 270
335 19.95 6.95 270
336 19.95 6.85 270
337 19.95 6.85 270
338 19.95 6.85 270
339 19.95 6.75 270
351 19.95 6.45 270
352 19.95 6.45 270
353 19.95 6.45 270
354 19.95 6.35 270
355 19.95 6.35 270
370 19.95 6.25 270
371 19.95 6.25 270
372 19.95 6.25 270
378 19.95 6.25 315
383 19.95 6.25 0
384 21.95 6.25 0
385 22.85 6.25 0
386 22.95 6.25 0
387 24.65 6.25 0
389 25.75 6.25 0
390 27.05 6.25 0
391 28.25 6.25 0
392 29.15 6.25 0
393 29.25 6.25 0
394 29.55 6.25 0
395 29.75 6.25 0
396 29.85 6.25 0
397 30.05 6.25 0
398 30.35 6.25 0
399 30.45 6.25 0
400 30.55 6.25 0
401 30.55 6.25 0
402 30.65 6.25 0
403 30.85 6.25 0
404 30.85 6.25 0
405 30.95 6.25 0
406 30.95 6.25 0
407 30.95 6.25 0
408 31.05 6.25 0
409 31.05 6.25 0
410 31.05 6.25 0
411 31.15 6.25 0
412 31.15 6.25 0
413 31.15 6.25 0
414 31.15 6.25 0
415 31.15 6.25 0
416 31.15 6.25 0
417 31.15 6.25 0
418 31.15 6.25 0
419 31.15 6.25 45
426 31.15 6.25 45
427 31.15 6.25 135
428 30.95 6.65 135
430 30.95 6.65 90
431 31.05 8.65 90
432 31.05 8.85 90
433 31.05 9.55 90
434 31.05 9.65 90
436 31.05 10.15 90
437 31.05 10.65 90
438 31.05 11.65 90
439 31.05 12.45 90
440 31.05 12.95 90
441 31.05 13.05 90
442 31.05 13.25 90
443 31.05 13.45 90
444 31.05 13.75 90
445 31.05 14.85 90
446 30.75 16.15 90
447 30.75 16.15 90
448 30.75 16.25 90
449 30.75 16.45 90
450 30.75 16.55 90
451 30.75 16.75 90
452 30.75 17.05 90
453 30.75 18.05 90
454 30.75 18.55 90
455 30.75 19.25 90
456 30.75 19.95 90
457 30.75 20.55 90
458 30.75 21.75 90
459 30.75 22.25 90
460 30.75 23.05 90
461 30.65 23.75 90
462 30.65 24.05 90
463 30.65 24.15 90
464 30.65 24.85 90
465 30.65 25.15 90
466 30.65 25.45 90
467 30.65 25.85 90
468 30.65 26.15 90
469 30.65 26.85 90
470 30.65 28.15 90
471 30.85 28.95 90
472 31.25 29.65 90
473 31.25 30.45 90
474 31.25 31.05 90
475 31.25 31.45 90
476 31.25 31.85 90
477 31.25 32.15 90
478 31.25 32.35 90
479 31.25 33.15 90
480 31.25 33.65 90
481 31.25 34.15 90
482 31.25 34.75 90
483 31.25 35.55 90
484 31.25 36.05 90
485 31.25 36.55 90
486 31.25 37.05 90
487 31.25 37.85 90
488 30.95 38.85 90
489 30.75 39.85 90
490 30.75 40.95 90
491 30.75 41.65 90
492 30.75 42.15 90
493 30.75 42.15 90
494 30.75 42.25 90
495 30.75 42.25 90
496 30.85 42.15 90
497 30.85 42.25 90
498 30.85 42.25 90
499 30.85 42.55 90
516 30.85 42.55 315
517 30.75 42.45 270
518 30.75 41.95 270
519 30.75 40.75 270
520 30.75 39.55 270
521 30.75 38.65 270
522 30.75 37.65 270
523 30.75 36.55 270
524 30.75 35.35 270
525 30.75 34.05 270
526 30.75 33.65 270
527 30.75 32.75 270
528 30.75 32.05 270
529 30.75 31.65 270
530 30.85 31.15 270
531 30.95 30.65 270
532 31.15 30.15 270
533 31.15 29.45 270
534 31.15 29.15 270
535 31.15 28.55 270
536 31.15 28.05 270
537 31.15 27.85 270
538 31.15 27.55 270
539 31.15 26.55 270
540 31.15 25.45 270
541 31.15 24.55 270
542 31.15 23.35 270
543 31.15 22.55 225
544 31.05 22.35 225
545 31.05 22.15 225
546 31.05 22.15 225
547 31.05 22.15 225
548 31.05 21.55 270
549 31.05 21.05 270
550 31.05 20.55 270
551 31.05 19.65 270
552 31.15 19.35 270
553 31.15 18.55 270
554 31.15 17.55 270
555 31.15 16.85 270
556 31.15 16.45 270
557 31.15 16.15 270
558 31.15 15.85 270
559 31.15 15.65 270
560 31.15 15.35 270
561 31.15 14.95 270
562 31.15 14.75 270
563 31.15 14.15 270
564 31.15 13.75 270
565 31.15 13.45 270
566 31.15 12.45 270
567 31.15 11.85 270
568 31.15 11.35 270
569 31.15 10.35 270
570 31.15 9.65 270
571 31.15 9.55 270
572 31.15 9.15 270
573 31.15 8.85 270
574 31.15 8.25 270
575 31.15 7.85 270
576 31.15 7.35 270
577 31.15 7.05 270
578 31.15 7.05 270
579 31.15 6.85 270
580 31.15 6.75 270
581 31.15 6.75 225
582 31.05 6.65 225
583 30.65 6.45 180
584 30.45 6.45 180
586 30.35 6.45 180
587 30.35 6.45 180
588 30.15 6.45 180
589 29.85 6.45 180
590 29.35 6.45 180
591 28.45 6.45 180
592 28.05 6.45 180
593 27.25 6.45 180
594 26.25 6.45 180
595 25.75 6.45 180
596 25.55 6.45 180
597 24.45 6.45 180
598 23.85 6.45 180
603 22.25 6.45 270
604 22.25 6.45 270
605 22.25 6.45 270
606 22.25 5.95 270
607 22.25 5.75 270
608 22.25 5.65 270
610 22.25 4.55 225
611 22.25 4.55 225
612 22.2 3.7 0
613 22.15 6.4 0
614 22.15 6.4 270
615 22.15 6.4 90
616 22.15 6.4 90
617 19.95 6.3 90
618 19.95 6.3 90
619 19.95 6.3 270
620 19.85 5.7 270
621 19.85 5.7 180
622 19.85 5.7 0
623 19.9 9.7 90
624 19.9 9.7 270
625 19.9 9.7 90
626 20.05 18.05 270
627 20.7 17.95 270
628 20.7 17.95 0
629 20.75 22.5 0
630 20.75 22.5 90
631 19.2 22.5 270
632 20.75 22.4 270
633 20.75 22.4 90
634 20.55 26.05 90
635 20.55 26.05 270
636 19.5 26.05 270
637 20.65 28.3 90
638 20.65 28.3 270
639 19.3 28.25 90
640 20.7 28.05 270
641 19.35 28.1 270
642 20.1 41.3 90
643 20.1 41.3 270
644 19.35 41.4 270
645 19.35 41.4 90
646 20.45 41.4 90
647 20.45 41.4 270
648 31.0 41.55 270
649 31.35 41.6 270
650 30.45 41.5 270
651 30.45 41.5 90
652 30.95 41.5 90
653 31.3 41.6 90
654 31.0 38.2 270
655 30.2 38.25 270
656 31.75 38.4 270
657 31.75 38.4 90
658 31.1 38.55 90
659 30.3 38.5 90
660 30.25 27.85 270
661 31.0 27.95 270
662 31.65 27.85 270
663 31.65 27.85 90
664 30.2 27.95 90
665 30.25 22.55 270
666 30.9 22.45 270
667 31.65 22.55 270
668 31.85 20.75 90
669 31.05 20.8 90
670 30.3 20.75 90
671 30.05 22.4 270
672 30.95 22.55 270
673 31.65 22.5 270
674 31.6 17.75 90
675 31.25 17.65 90
676 30.2 17.55 90
677 30.2 17.55 270
678 30.95 17.45 270
679 31.9 17.5 270
680 31.9 17.5 270
681 31.8 12.55 90
682 31.1 12.6 90
683 30.05 12.6 90
684 30.05 12.6 270
685 30.95 12.45 270
686 31.8 12.5 270
687 31.8 9.7 90
688 31.05 9.85 90
689 30.35 9.9 90
690 30.9 6.65 270
691 31.0 6.65 0
692 31.0 6.65 315
693 31.0 6.65 180
694 31.0 6.65 180
695 30.45 6.15 180
696 22.2 4.55 270
697 22.2 4.55 315
698 22.2 4.55 315
699 22.2 4.55 0
700 22.2 4.55 45
701 22.2 4.55 90
702 22.2 4.55 135
703 22.2 4.55 180
704 22.3 3.85 90
705 22.3 6.05 90
706 22.3 5.55 90
707 22.3 4.85 90
708 20.0 6.25 0
709 20.0 6.25 45
710 25.5 6.25 180
711 25.5 6.25 135
712 22.3 5.15 270
713 22.3 4.55 270
714 22.3 3.75 270
