0 21.95 3.30 90
1 21.95 3.30 90
2 21.90 3.45 90
3 22.20 3.95 90
4 22.20 4.30 90
5 22.20 4.30 90
6 22.30 4.75 90
7 22.30 4.85 90
8 22.30 4.95 90
9 22.30 5.05 90
10 22.30 5.35 90
39 22.25 5.65 90
40 22.25 5.65 90
44 22.25 5.65 135
45 22.25 5.65 135
46 22.25 5.65 135
55 22.25 5.65 225
56 22.25 5.65 225
57 22.25 5.65 225
58 22.25 5.65 225
59 22.25 5.65 225
60 22.25 5.65 180
61 22.25 5.65 180
62 22.25 5.75 180
65 22.25 5.75 135
66 22.25 5.75 135
67 22.25 5.75 135
68 22.25 5.75 135
77 22.25 5.75 90
78 22.25 5.75 90
79 22.25 5.75 90
80 22.25 5.75 90
81 22.25 5.75 90
90 22.25 5.75 135
91 22.25 5.75 135
92 22.25 5.75 135
93 21.90 6.10 135
94 21.70 6.10 135
95 21.60 6.10 135
96 21.60 6.10 135
97 21.50 6.10 135
98 21.40 6.10 135
100 21.40 6.10 180
101 20.80 6.25 180
102 20.45 6.40 180
103 19.95 6.40 180
104 19.95 6.40 180
105 19.95 6.40 135
106 19.95 6.40 135
107 19.95 6.40 135
108 19.95 6.40 135
109 19.95 6.40 135
110 19.95 6.40 135
111 19.95 6.40 135
112 19.95 6.40 135
119 19.95 6.40 135
120 19.95 6.40 135
121 19.95 6.40 135
122 19.95 6.40 135
123 19.95 6.40 135
124 19.95 6.40 135
128 19.95 6.40 45
129 19.85 6.40 45
130 19.85 6.40 45
131 19.85 6.40 45
132 19.85 6.40 45
133 19.85 6.40 45
136 19.85 6.40 90
137 19.85 6.40 90
138 19.75 7.05 90
140 19.90 7.50 90
141 20.00 8.05 90
142 20.00 8.35 90
144 19.80 8.90 90
145 19.85 9.30 90
146 19.85 10.15 90
147 20.05 10.65 90
148 19.90 11.10 90
149 19.95 11.70 90
150 20.05 11.95 90
151 20.05 11.95 90
152 20.00 12.45 90
153 20.00 13.05 90
154 20.00 13.05 90
155 19.95 14.40 90
156 19.95 14.40 90
157 19.90 16.00 90
159 19.75 17.45 90
160 19.75 18.75 90
161 19.75 18.85 90
162 19.75 20.25 90
163 19.85 20.15 90
164 19.85 20.45 90
165 19.85 20.55 90
166 19.85 21.15 90
167 19.85 21.95 90
168 19.85 22.95 90
169 19.85 23.05 90
170 19.85 23.05 90
173 19.85 23.35 90
174 19.85 23.65 90
175 19.85 23.55 90
176 19.85 24.05 90
177 19.85 24.15 90
178 19.85 24.25 90
179 19.85 24.25 90
180 19.85 24.35 90
181 19.85 24.65 90
182 19.85 25.05 90
184 19.85 25.05 45
185 19.75 25.95 45
186 19.75 26.65 90
187 19.85 27.15 90
188 19.85 27.75 90
189 19.85 28.55 90
190 19.85 29.05 90
191 19.85 29.45 90
192 19.85 30.35 90
193 19.85 31.15 90
194 19.85 31.55 90
195 19.85 31.75 90
196 19.85 32.65 90
197 19.85 33.95 90
198 19.85 34.05 90
199 19.85 34.65 90
200 19.85 34.75 90
201 19.85 35.15 90
202 19.85 35.35 90
203 19.85 35.45 90
204 19.85 35.85 90
205 19.85 36.25 90
206 19.85 36.75 90
207 19.85 37.05 90
208 19.85 37.15 90
209 19.85 37.25 90
210 19.85 37.25 90
211 19.85 37.45 90
212 19.85 37.45 90
213 19.85 37.45 90
214 19.75 37.85 90
215 19.75 38.65 90
216 19.75 38.95 90
217 19.75 39.45 90
218 19.75 39.45 90
219 19.75 39.55 90
220 19.75 39.65 90
221 19.75 40.05 90
222 19.75 40.15 90
223 19.75 40.65 90
224 19.75 40.95 90
225 19.75 41.25 90
226 19.75 41.55 90
227 19.75 41.95 90
228 19.75 41.95 90
238 19.75 42.15 0
242 19.75 42.15 0
243 19.75 42.15 0
245 19.75 42.15 0
252 19.75 41.95 270
253 19.75 41.95 270
254 19.75 41.95 270
256 19.75 41.65 270
257 19.75 41.55 270
258 19.75 41.55 270
259 19.75 41.35 270
260 19.75 41.25 270
261 19.75 41.15 270
262 19.75 41.05 270
263 19.75 40.75 225
264 19.65 40.45 225
265 19.65 40.35 225
267 19.65 40.25 270
268 19.65 40.05 270
270 19.65 39.85 270
271 19.65 39.45 270
272 19.65 38.75 270
273 19.65 38.15 270
274 19.75 37.65 270
275 19.85 37.35 270
276 20.05 36.45 270
277 20.05 35.75 270
279 20.05 35.65 270
280 20.05 35.25 270
281 20.05 35.15 270
282 20.05 34.85 270
283 20.05 34.55 270
284 20.05 34.35 270
285 20.15 33.55 270
286 20.15 33.35 270
287 20.15 33.35 270
288 20.15 33.15 270
289 20.15 33.05 270
290 20.15 32.95 270
291 20.15 31.75 270
292 20.15 31.35 270
293 19.95 30.35 270
294 19.95 30.15 270
295 19.95 29.45 270
296 19.95 29.35 270
297 19.95 28.75 270
298 19.95 28.75 270
299 19.85 28.05 270
300 19.85 27.75 270
301 19.85 26.85 270
302 19.85 26.35 270
303 19.85 25.25 270
304 19.85 24.55 270
305 19.85 23.65 270
306 19.95 22.85 270
307 19.95 22.65 270
308 19.95 21.95 270
309 19.95 21.55 270
310 19.95 20.55 270
311 19.95 20.55 270
312 19.95 19.85 270
313 19.95 19.25 270
314 19.95 19.15 270
315 19.95 18.65 270
316 19.95 18.75 270
317 19.95 17.95 270
318 19.95 17.75 270
319 19.95 16.45 270
320 19.95 15.95 270
321 19.95 14.75 270
322 19.95 14.65 270
323 19.95 12.75 270
324 19.95 12.45 270
325 19.95 11.85 270
326 19.95 11.05 270
327 19.95 10.25 270
328 19.95 10.15 270
329 19.95 9.65 270
330 19.95 9.65 270
331 19.95 8.85 270
332 19.95 8.45 270
333 19.95 8.35 270
334 19.95 8.25 270
335 19.95 7.95 270
336 19.95 7.85 270
337 19.95 7.65 270
338 19.95 7.55 270
339 19.95 7.35 270
351 19.95 7.05 270
352 19.95 6.95 270
353 19.95 6.85 270
354 19.95 6.75 270
355 19.95 6.65 270
370 19.95 6.55 315
371 19.95 6.55 315
372 19.95 6.55 315
378 19.95 6.55 315
383 19.95 6.15 0
384 20.85 6.35 0
385 21.55 6.35 0
386 21.75 6.35 0
387 22.65 6.35 0
389 22.75 6.35 0
390 22.75 6.45 0
391 23.15 6.55 0
392 23.65 6.55 0
393 24.35 6.55 0
394 24.95 6.55 0
395 26.15 6.45 0
396 26.25 6.45 0
397 26.45 6.45 0
398 27.15 6.45 0
399 27.45 6.45 0
400 27.55 6.45 0
401 27.95 6.45 0
402 28.25 6.45 0
403 28.55 6.45 0
404 28.55 6.45 0
405 28.65 6.45 0
406 28.95 6.45 0
407 29.25 6.45 0
408 29.55 6.45 0
409 30.15 6.45 0
410 30.45 6.45 0
411 30.65 6.45 0
412 30.75 6.45 0
413 30.85 6.45 0
414 30.85 6.45 0
415 30.95 6.65 0
416 31.05 6.65 0
417 31.05 6.65 0
418 31.05 6.65 0
419 31.05 6.65 45
426 31.05 6.65 45
427 31.05 6.65 135
428 30.85 6.95 135
430 30.85 6.75 90
431 30.95 8.05 90
432 30.95 8.75 90
433 30.95 9.75 90
434 30.95 9.85 90
436 30.95 10.35 90
437 30.95 10.85 90
438 30.95 11.85 90
439 30.95 12.55 90
440 30.95 12.65 90
441 30.95 12.65 90
442 30.95 13.05 90
443 30.95 13.25 90
444 30.95 13.75 90
445 30.95 14.25 90
446 30.75 14.65 90
447 30.75 14.55 90
448 30.75 14.65 90
449 30.75 15.05 90
450 30.75 15.25 90
451 30.75 15.65 90
452 30.75 16.35 90
453 30.75 17.35 90
454 30.75 17.45 90
455 30.75 18.35 90
456 30.75 19.25 90
457 30.75 19.85 90
458 30.75 20.35 90
459 30.65 20.95 90
460 30.65 21.75 90
461 30.55 22.45 90
462 30.55 22.75 90
463 30.55 23.05 90
464 30.75 23.75 90
465 30.75 24.15 90
466 30.75 24.65 90
467 30.95 25.25 90
468 30.95 25.55 90
469 30.95 26.25 90
470 30.95 27.35 90
471 31.15 28.15 90
472 31.15 28.85 90
473 31.15 29.65 90
474 31.15 30.25 90
475 31.15 30.85 90
476 31.15 31.05 90
477 31.15 31.25 90
478 31.15 31.55 90
479 31.15 32.55 90
480 31.15 32.95 90
481 31.15 33.95 90
482 31.15 34.55 90
483 31.15 35.35 90
484 31.15 35.85 90
485 31.15 36.35 90
486 31.15 36.85 90
487 31.15 37.55 90
488 30.85 38.25 90
489 30.65 38.95 90
490 30.65 38.75 90
491 30.65 38.85 90
492 30.65 39.15 90
493 30.65 39.35 90
494 30.65 39.45 90
495 30.65 39.85 90
496 30.75 40.35 90
497 30.75 41.05 90
498 30.75 41.45 90
499 30.75 41.65 90
516 30.75 41.65 315
517 30.65 41.75 270
518 30.65 41.25 270
519 30.65 40.45 270
520 30.65 39.75 270
521 30.65 38.85 270
522 30.65 38.15 270
523 30.65 37.25 270
524 30.65 36.05 270
525 30.65 35.45 270
526 30.65 34.75 270
527 30.65 34.05 270
528 30.65 33.35 270
529 30.65 32.95 270
530 30.75 32.05 270
531 30.85 31.05 270
532 31.05 30.35 270
533 31.15 29.65 270
534 31.15 29.65 270
535 31.15 29.15 270
536 31.15 28.45 270
537 31.15 28.15 270
538 31.15 27.85 270
539 31.15 27.05 270
540 31.15 25.95 270
541 31.15 24.95 270
542 31.15 23.95 270
543 31.15 23.95 225
544 31.05 23.95 225
545 30.95 23.95 225
546 30.95 23.95 225
547 30.95 23.95 225
548 30.95 23.35 270
549 30.85 22.95 270
550 30.85 22.45 270
551 30.85 21.05 270
552 30.95 20.55 270
553 30.95 19.45 270
554 30.95 18.35 270
555 30.95 17.65 270
556 30.95 17.15 270
557 30.95 16.85 270
558 30.95 16.35 270
559 30.95 16.15 270
560 30.95 15.45 270
561 30.95 14.65 270
562 30.95 14.05 270
563 30.95 13.25 270
564 30.95 12.65 270
565 30.95 12.55 270
566 30.95 11.55 270
567 30.95 11.15 270
568 30.95 10.65 270
569 30.95 9.85 270
570 31.05 9.25 270
571 31.05 9.15 270
572 31.05 8.75 270
573 31.05 8.45 270
574 31.05 7.85 270
575 31.05 7.45 270
576 31.05 7.15 270
577 31.05 6.85 270
578 30.95 6.85 270
579 30.95 6.85 270
580 30.95 6.75 270
581 30.95 6.75 225
582 30.85 6.65 225
583 30.65 6.65 135
584 30.85 6.85 180
586 30.65 6.65 180
587 30.65 6.65 180
588 30.45 6.65 180
589 30.15 6.65 180
590 29.65 6.65 180
591 28.45 6.65 180
592 28.05 6.65 180
593 26.95 6.65 180
594 25.95 6.65 180
595 25.15 6.65 180
596 24.05 6.65 180
597 23.65 6.35 180
598 22.15 6.35 180
603 22.05 6.35 270
604 22.05 6.15 270
605 22.05 6.15 270
606 22.05 5.75 270
607 22.05 5.55 270
608 22.15 5.45 270
610 22.15 4.55 225
611 22.05 4.65 225
612 22.00 3.80 0
613 21.95 6.30 0
614 21.95 6.30 270
615 21.95 6.30 180
616 21.95 6.30 180
617 19.75 6.20 180
618 19.75 6.20 90
619 19.75 6.20 0
620 19.65 6.00 0
621 19.65 6.00 180
622 19.65 6.00 90
623 19.70 9.90 180
624 19.70 9.90 270
625 19.70 9.90 90
626 19.85 18.25 270
627 20.50 18.15 270
628 20.50 18.15 90
629 20.55 22.70 90
630 19.35 22.70 90
631 19.30 22.70 270
632 20.85 22.60 270
633 19.25 26.30 90
634 20.65 26.25 90
635 20.65 26.25 270
636 19.40 26.25 270
637 20.55 28.50 90
638 20.55 28.50 270
639 19.40 28.45 90
640 20.70 28.25 270
641 19.45 28.30 270
642 20.00 41.50 90
643 20.00 41.50 270
644 19.45 41.60 270
645 19.45 41.60 90
646 20.45 41.60 90
647 20.45 41.60 270
648 31.00 41.15 270
649 31.35 41.20 270
650 30.45 41.10 270
651 30.45 41.10 90
652 30.95 41.10 90
653 31.30 41.10 90
654 31.10 38.40 270
655 30.30 38.45 270
656 31.85 38.60 270
657 31.65 38.40 90
658 31.00 38.55 90
659 30.40 38.50 90
660 30.35 28.05 270
661 31.00 28.15 270
662 31.55 28.05 270
663 31.55 28.05 90
664 30.20 28.05 90
665 30.35 22.75 270
666 31.00 22.65 270
667 31.75 22.65 270
668 31.75 20.95 90
669 31.05 21.00 90
670 30.30 20.95 90
671 30.15 22.60 270
672 31.05 22.75 270
673 31.65 22.70 270
674 31.70 17.95 90
675 31.05 17.85 90
676 30.30 22.35 90
677 30.30 17.75 270
678 31.05 17.65 270
679 31.60 17.70 270
680 31.60 17.70 270
681 31.50 17.85 90
682 31.10 17.90 90
683 30.35 17.90 90
684 30.25 9.60 270
685 31.05 9.45 270
686 31.70 9.50 270
687 31.50 9.50 90
688 31.05 9.65 90
689 30.35 9.70 90
690 31.00 6.55 270
691 31.10 6.55 0
692 31.10 6.55 315
693 31.10 6.55 180
694 31.10 6.95 180
695 30.55 5.85 180
696 22.30 4.25 270
697 22.30 4.25 315
698 22.30 4.25 315
699 22.30 4.25 0
700 22.30 4.25 45
701 22.30 4.25 90
702 22.30 4.25 135
703 22.30 4.25 180
704 22.40 3.55 90
705 22.20 6.05 90
706 22.20 5.05 90
707 22.20 4.35 90
708 19.90 6.35 0
709 19.90 6.35 45
710 25.40 6.35 180
711 25.40 6.35 135
712 22.20 5.25 270
713 22.20 4.65 270
714 22.20 3.85 270
715 21.95 3.75 90
716 21.95 3.95 90
717 21.95 4.05 90
718 22.05 4.45 90
719 22.05 4.45 90
720 22.05 4.65 90
721 22.05 4.85 90
722 22.05 4.95 90
723 22.15 5.05 90
724 22.15 5.15 90
725 22.15 5.25 90
726 22.15 5.35 90
727 22.15 5.45 90
728 22.15 6.05 90
729 22.15 6.05 90
730 22.15 6.05 90
731 22.15 6.15 90
732 22.15 6.25 90
733 22.15 6.35 90
734 22.15 6.35 135
735 22.15 6.35 135
736 22.15 6.35 135
737 22.05 6.35 180
738 21.95 6.35 180
739 21.05 6.35 180
740 20.05 6.40 180
741 19.65 6.40 180
742 19.15 6.30 180
743 18.65 6.30 180
744 17.55 6.30 180
745 15.75 6.30 180
746 15.35 6.30 180
747 15.05 6.30 180
748 14.55 6.20 180
749 14.15 6.20 180
750 13.75 6.20 180
751 13.25 6.20 180
752 12.95 6.20 180
753 12.75 6.20 180
754 12.25 6.20 180
755 11.85 6.20 180
756 11.45 6.20 180
757 11.25 6.20 180
758 10.85 6.20 180
759 10.85 6.20 180
760 10.65 6.20 180
761 10.45 6.10 180
762 10.35 6.10 180
763 10.05 6.10 180
764 10.05 6.10 180
765 9.95 6.10 180
766 9.75 6.10 180
767 9.65 6.10 180
768 9.35 6.20 180
769 9.35 6.20 180
770 9.15 6.20 180
771 9.15 6.20 180
772 8.85 6.20 180
773 8.85 6.20 158
774 8.85 6.20 158
775 8.45 6.30 158
776 8.15 6.50 158
777 7.85 6.50 158
778 7.65 6.50 158
779 7.45 6.70 158
780 7.25 6.60 158
781 7.15 6.60 158
782 7.05 6.70 158
783 6.65 6.70 158
784 6.65 6.70 158
785 6.65 6.70 158
786 6.65 6.60 120
787 6.15 6.70 120
788 6.15 7.00 120
789 6.15 7.00 120
790 6.15 7.30 120
791 6.15 7.50 90
792 6.15 7.70 90
793 6.15 7.90 90
794 6.15 8.00 90
795 6.15 8.10 90
796 6.15 8.50 90
797 6.15 8.70 90
798 6.15 8.90 90
799 6.15 9.10 90
800 6.15 9.20 90
801 6.15 9.40 90
802 6.15 9.60 90
803 6.15 10.00 90
804 6.15 10.20 90
805 6.15 10.40 90
806 6.05 11.60 90
807 6.05 11.80 90
808 6.05 12.00 90
809 6.05 12.00 90
810 6.05 12.20 90
811 6.05 12.40 90
812 6.05 12.40 90
813 6.05 12.70 90
814 6.05 13.10 90
815 6.05 13.40 90
816 6.05 13.60 90
817 6.05 13.80 90
818 6.05 14.00 90
819 6.05 14.10 90
820 6.05 14.20 90
821 6.05 14.30 90
822 6.05 14.40 90
823 6.05 14.70 90
824 6.05 15.10 90
825 6.05 15.30 90
826 6.05 15.80 90
827 6.05 16.50 90
828 6.05 16.60 90
829 6.05 16.80 90
830 6.05 17.10 90
831 6.05 17.40 90
832 6.05 17.60 90
833 6.05 17.90 90
834 6.05 18.30 90
835 6.05 18.40 90
836 6.05 18.40 90
837 6.05 18.60 90
838 6.05 18.90 90
839 6.05 19.00 90
840 6.05 19.50 90
841 6.05 20.00 90
842 6.05 20.50 90
843 6.05 20.60 90
844 6.05 20.60 90
845 6.05 20.70 90
846 6.05 21.00 90
847 6.05 21.30 90
848 6.05 21.80 90
849 6.05 22.10 90
850 6.15 22.80 90
851 6.15 23.30 90
852 6.15 23.60 90
853 6.15 23.80 90
854 6.15 24.00 90
855 6.15 24.10 90
856 6.15 24.20 90
857 6.05 24.50 90
858 6.05 24.80 90
859 6.05 25.10 90
860 6.05 25.40 90
861 6.05 25.70 90
862 6.05 25.80 90
863 6.05 26.20 90
864 6.05 26.10 90
865 6.05 26.50 90
866 6.05 26.60 90
867 6.05 26.80 90
868 6.15 26.90 90
869 6.15 27.10 90
870 6.15 27.20 90
871 6.15 27.40 90
872 6.15 27.60 90
873 6.15 27.60 90
874 6.15 27.90 90
875 6.15 28.10 90
876 6.15 28.40 90
877 6.15 28.60 90
878 6.05 28.90 90
879 6.05 29.10 90
880 6.05 29.30 90
881 6.05 29.20 90
882 6.05 29.30 90
883 6.05 29.40 90
884 6.05 29.50 90
885 6.05 29.60 90
886 6.05 29.70 90
887 6.05 29.80 90
888 6.05 29.90 90
889 6.05 30.00 90
890 6.05 30.10 90
891 6.05 30.20 90
892 6.05 30.20 90
893 6.05 30.30 90
894 6.05 30.50 90
895 6.05 30.80 90
896 6.05 30.90 90
897 6.05 31.10 90
898 6.05 31.30 90
899 6.05 31.50 90
900 6.05 31.60 90
901 6.05 31.70 90
902 6.05 31.90 90
903 6.05 32.10 90
904 6.05 32.20 90
905 6.05 32.30 90
906 6.05 32.50 90
907 6.05 32.60 90
908 6.05 32.70 90
909 6.05 32.80 90
910 6.05 33.00 90
911 6.05 33.10 90
912 6.05 33.50 90
913 6.05 33.70 90
914 6.05 34.20 90
915 6.05 34.80 90
916 6.05 35.50 90
917 6.05 35.80 90
918 6.05 36.00 90
919 6.05 36.30 90
920 6.05 36.30 90
921 6.05 36.50 90
922 6.05 36.70 90
923 6.05 36.80 90
924 6.05 36.90 90
925 6.05 37.10 90
926 6.05 37.40 90
927 6.05 37.70 90
928 6.05 38.00 90
929 6.15 37.90 90
930 6.15 38.00 90
931 6.15 38.20 90
932 6.15 38.30 90
933 6.15 38.50 90
934 6.15 38.60 90
935 6.15 38.80 90
936 6.15 39.00 90
937 6.15 39.30 90
938 6.15 39.50 90
939 6.15 39.50 90
940 6.15 39.90 90
941 6.15 40.00 90
942 6.15 40.30 90
943 6.25 40.60 90
944 6.35 40.60 90
945 6.35 40.90 90
946 6.35 41.00 90
947 6.35 41.10 90
948 6.45 41.50 90
949 6.45 41.50 90
950 6.45 41.70 90
951 6.45 42.00 90
952 6.45 42.30 90
953 6.45 42.30 90
954 6.45 42.30 45
955 6.45 42.50 45
956 6.45 42.70 0
957 6.45 42.60 0
958 6.45 42.60 315
959 6.45 42.60 45
960 6.45 42.60 90
961 6.45 42.60 90
962 6.45 42.60 90
963 6.45 42.70 90
964 6.45 42.80 90
965 6.45 42.90 90
966 6.45 43.00 90
967 6.45 43.00 45
968 6.45 43.00 45
969 6.45 43.00 0
970 6.45 43.00 0
971 6.75 43.00 0
972 7.05 43.00 0
973 7.35 43.00 0
974 7.55 43.00 0
975 7.55 43.00 45
976 7.55 43.00 45
977 7.55 43.00 135
978 7.25 43.00 135
979 7.05 43.10 135
980 7.05 43.10 135
981 7.05 43.10 135
982 7.05 43.10 90
983 7.05 43.10 90
984 6.95 43.10 90
985 6.95 43.10 90
986 6.95 43.30 90
987 6.95 43.50 90
988 6.95 43.50 90
989 6.95 43.50 45
990 6.95 43.50 45
991 6.95 43.50 0
992 7.75 44.30 270
993 6.95 44.00 225
994 6.95 43.70 135
995 6.95 43.70 180
996 6.95 43.70 225
997 6.95 43.70 315
998 6.95 43.70 0
999 6.95 43.70 0
1000 7.35 43.70 0
1001 7.65 43.70 0
1002 7.95 43.70 0
1003 8.15 44.00 0
1004 8.65 43.90 315
1005 8.65 43.90 0
1006 9.15 43.90 0
1007 9.55 43.90 0
1008 10.05 43.90 0
1009 10.35 43.90 0
1010 10.75 43.90 0
1011 11.25 43.90 0
1012 11.55 43.90 0
1013 12.05 43.90 0
1014 12.35 43.90 0
1015 12.75 43.90 0
1016 13.15 43.90 0
1017 12.85 44.60 0
1018 12.95 44.80 0
1019 13.15 44.60 0
1020 13.95 44.10 0
1021 13.95 44.10 0
1022 14.25 44.10 0
1023 14.25 44.10 0
1024 14.45 44.10 0
1025 14.45 44.10 45
1026 14.55 44.10 0
1027 14.55 44.10 0
1028 15.15 44.10 0
1029 15.25 44.10 0
1030 15.35 44.10 0
1031 15.35 44.10 0
1032 15.45 44.10 0
1033 15.15 44.10 0
1034 15.35 44.10 0
1035 15.95 43.80 0
1036 16.45 43.90 0
1037 17.45 43.90 0
1038 18.45 43.90 0
1039 18.75 43.90 0
1040 18.85 43.90 0
1041 19.05 43.90 0
1042 18.85 43.90 0
1043 19.25 43.90 0
1044 19.45 43.90 0
1045 19.65 43.90 0
1046 19.65 43.90 0
1047 19.95 43.90 0
1048 20.25 43.90 0
1049 20.35 43.90 0
1050 20.65 43.90 0
1051 20.95 43.60 0
1052 21.25 43.60 0
1053 21.65 43.60 0
1054 21.75 43.60 0
1055 22.05 43.60 0
1056 22.35 43.60 0
1057 22.55 43.60 0
1058 22.75 43.60 0
1059 22.95 43.60 0
1060 23.15 43.60 0
1061 23.35 43.60 0
1062 24.15 43.70 0
1063 24.85 43.70 0
1064 26.55 43.75 0
1065 27.15 43.75 0
1066 27.35 43.75 0
1067 27.95 43.75 0
1068 28.55 43.75 0
1069 29.35 43.75 0
1070 29.75 43.75 0
1071 29.95 43.75 0
1072 29.95 43.75 315
1073 29.95 43.75 315
1074 29.95 43.75 315
1075 29.95 43.75 0
1076 30.15 43.75 0
1077 30.15 43.75 0
1078 30.15 43.75 0
1079 30.15 43.75 315
1080 30.15 43.75 270
1081 30.15 43.75 225
1082 30.15 43.75 90
1083 30.15 43.75 135
1084 30.15 43.75 180
1085 29.85 43.75 180
1086 29.55 43.75 180
1087 29.25 43.75 180
1088 28.95 43.75 180
1089 28.55 43.75 180
1090 28.15 43.75 180
1091 27.65 43.75 180
1092 27.25 43.75 180
1093 26.85 43.75 180
1094 26.45 43.75 180
1095 26.05 43.75 180
1096 25.65 43.75 180
1097 25.25 43.75 180
1098 24.85 43.75 180
1099 24.45 43.75 180
1100 24.05 43.75 180
1101 23.35 43.75 180
1102 22.05 43.75 180
1103 21.45 43.75 180
1104 21.55 43.75 180
1105 21.15 43.75 180
1106 21.05 43.75 180
1107 20.95 43.75 180
1108 20.95 43.75 180
1109 20.65 43.75 180
1110 20.55 43.75 180
1111 20.65 43.75 180
1112 20.65 43.75 180
1113 20.65 43.75 180
1114 20.65 43.75 180
1115 20.65 43.75 180
1116 20.65 43.75 180
1117 20.35 43.75 180
1118 19.95 43.75 180
1119 19.55 43.75 180
1120 19.25 43.75 180
1121 19.05 43.75 180
1122 18.65 43.75 180
1123 18.25 43.75 180
1124 18.05 43.75 180
1125 18.05 43.75 180
1126 17.85 43.75 180
1127 17.75 43.75 180
1128 17.25 43.75 180
1129 16.85 43.75 180
1130 16.85 43.75 180
1131 16.65 43.75 180
1132 15.65 43.75 180
1133 15.35 43.75 180
1134 15.05 43.75 180
1135 14.75 43.75 180
1136 14.45 43.75 180
1137 14.35 43.75 180
1138 14.15 43.75 180
1139 13.55 43.65 180
1140 13.35 43.65 180
1141 13.05 43.65 180
1142 12.75 43.65 180
1143 12.85 43.35 180
1144 12.45 43.35 180
1145 12.15 43.35 180
1146 10.75 43.65 180
1147 10.55 43.65 180
1148 10.55 43.55 180
1149 10.05 43.55 180
1150 9.95 43.55 180
1151 9.55 43.55 180
1152 9.55 43.55 180
1153 9.25 43.55 180
1154 8.75 43.55 180
1155 8.35 43.55 180
1156 7.95 43.55 180
1157 7.85 43.55 180
1158 7.75 43.55 180
1159 7.65 43.55 180
1160 7.55 43.55 180
1161 7.45 43.55 180
1162 7.35 43.55 180
1163 7.25 43.55 180
1164 7.15 43.55 180
1165 7.05 43.55 180
1166 7.05 43.55 180
1167 7.05 43.55 180
1168 7.05 43.55 180
1169 6.85 43.55 180
1170 6.85 43.55 180
1171 6.85 43.55 270
1172 6.85 43.45 270
1173 6.75 43.25 270
1174 6.65 43.15 270
1175 6.55 42.95 270
1176 6.55 42.75 270
1177 6.55 42.55 270
1178 6.55 42.35 270
1179 6.55 41.95 270
1180 6.55 41.65 270
1181 6.55 41.45 270
1182 6.55 41.45 270
1183 6.45 41.35 270
1184 6.45 41.25 270
1185 6.45 41.15 270
1186 6.45 40.85 270
1187 6.45 40.65 270
1188 6.45 40.55 270
1189 6.45 40.45 270
1190 6.45 40.35 270
1191 6.45 40.25 270
1192 6.45 40.15 270
1193 6.45 40.05 270
1194 6.45 39.95 270
1195 6.45 40.05 270
1196 6.45 39.95 270
1197 6.45 39.85 270
1198 6.45 39.15 270
1199 6.45 38.85 270
1200 6.45 38.85 270
1201 6.45 38.45 270
1202 6.45 38.25 270
1203 6.15 37.95 270
1204 6.15 37.95 270
1205 6.15 37.65 270
1206 6.15 37.25 270
1207 6.15 36.95 270
1208 6.15 36.45 270
1209 6.15 36.05 270
1210 6.15 35.75 270
1211 6.15 35.35 270
1212 6.15 35.15 270
1213 6.15 34.75 270
1214 6.15 34.35 270
1215 6.15 34.05 270
1216 6.15 33.75 270
1217 6.15 33.75 270
1218 6.15 33.55 270
1219 5.95 33.05 270
1220 5.95 32.25 270
1221 5.95 31.85 270
1222 5.95 31.35 270
1223 5.95 30.75 270
1224 5.95 30.15 270
1225 5.95 29.65 270
1226 5.95 29.05 270
1227 5.95 28.85 270
1228 5.95 28.75 270
1229 5.95 28.65 270
1230 5.95 28.35 270
1231 5.95 28.15 270
1232 5.95 27.75 270
1233 5.95 27.55 270
1234 5.95 27.15 270
1235 5.95 26.65 270
1236 5.95 26.25 270
1237 5.95 25.85 270
1238 5.95 25.45 270
1239 5.95 25.15 270
1240 5.95 24.85 270
1241 5.95 24.55 270
1242 5.95 24.35 270
1243 5.95 24.35 270
1244 5.95 24.05 270
1245 5.95 23.35 270
1246 5.95 22.85 270
1247 5.95 22.65 270
1248 5.95 22.45 270
1249 5.95 22.25 270
1250 5.95 21.95 270
1251 5.95 21.75 270
1252 5.95 21.55 270
1253 5.95 21.45 270
1254 5.95 21.15 270
1255 5.95 20.95 270
1256 5.95 20.75 270
1257 5.95 20.45 270
1258 5.95 20.15 270
1259 5.95 19.85 270
1260 5.95 19.55 270
1261 5.95 19.15 270
1262 5.95 19.05 270
1263 5.95 18.85 270
1264 5.95 18.85 270
1265 5.95 18.65 270
1266 5.95 18.35 270
1267 5.95 18.15 270
1268 5.95 17.85 270
1269 5.95 17.55 270
1270 5.95 17.45 270
1271 5.95 17.25 270
1272 5.95 17.05 270
1273 5.95 16.95 270
1274 5.95 16.85 270
1275 5.95 16.75 270
1276 5.95 16.75 270
1277 5.95 16.05 270
1278 5.95 15.35 270
1279 5.95 14.85 270
1280 6.15 13.95 270
1281 6.15 13.65 270
1282 6.15 13.35 270
1283 6.15 12.85 270
1284 6.15 12.55 270
1285 6.15 12.35 270
1286 6.15 12.25 270
1287 6.15 12.15 270
1288 6.15 11.65 270
1289 6.35 11.35 270
1290 6.35 11.25 270
1291 6.35 11.15 270
1292 6.35 11.05 270
1293 6.55 10.85 270
1294 6.55 10.75 270
1295 6.45 10.45 270
1296 6.45 10.35 270
1297 6.45 10.25 270
1298 6.45 9.95 270
1299 6.55 9.65 270
1300 6.55 9.35 270
1301 6.55 9.15 270
1302 6.55 8.95 270
1303 6.55 8.75 270
1304 6.55 8.65 270
1305 6.55 8.35 270
1306 6.55 8.15 270
1307 6.25 8.35 270
1308 6.25 8.15 270
1309 6.25 8.05 270
1310 6.25 7.95 270
1311 6.25 7.95 270
1312 6.25 7.75 270
1313 6.25 7.65 270
1314 6.25 7.55 270
1315 6.25 7.55 270
1316 6.25 7.35 270
1317 6.25 7.15 270
1318 6.25 7.15 270
1319 6.25 7.05 270
1320 6.25 6.95 270
1321 6.25 6.95 270
1322 6.25 6.85 270
1323 6.25 6.65 270
1324 6.25 6.65 270
1325 6.25 6.55 270
1326 6.25 6.55 270
1327 6.25 6.55 270
1328 6.25 6.55 270
1329 6.25 6.55 270
1330 6.25 6.55 270
1331 6.25 6.55 270
1332 6.25 6.45 270
1333 6.25 6.35 270
1334 6.25 6.35 270
1335 6.25 6.35 270
1336 6.25 6.35 0
1337 6.25 6.35 0
1338 6.25 6.35 0
1339 6.25 6.35 0
1340 6.25 6.35 0
1341 6.25 6.35 0
1342 6.85 6.35 0
1343 7.05 6.65 315
1344 7.05 6.65 315
1345 7.05 6.65 315
1346 7.65 6.45 315
1347 7.95 6.35 315
1348 8.15 6.35 315
1349 8.15 6.35 0
1350 8.35 6.25 0
1351 8.45 6.25 0
1352 9.35 6.15 0
1353 10.15 6.15 0
1354 10.65 6.25 0
1355 11.15 6.25 0
1356 11.65 6.15 0
1357 12.05 6.15 0
1358 12.75 6.25 0
1359 13.35 6.35 0
1360 13.75 6.35 0
1361 14.75 6.35 0
1362 15.75 6.35 0
1363 16.35 6.35 0
1364 17.25 6.35 0
1365 16.25 6.15 0
1366 16.95 6.15 0
1367 18.55 6.15 0
1368 19.75 6.15 0
1369 20.75 6.15 0
1370 7.00 43.10 0
1371 7.00 43.10 315
1372 7.00 43.10 315
1374 6.90 42.70 180
1375 6.90 42.70 135
1376 6.90 42.70 90
1377 6.90 42.70 45
1378 6.90 42.70 0
1380 7.65 42.50 180
1381 7.65 42.50 0
1382 7.65 42.50 270
1383 6.75 43.75 180
1384 7.35 43.75 0
1385 7.15 43.85 270
1386 19.90 43.45 0
1387 19.90 43.35 315
1388 19.90 43.35 270
1389 19.90 43.35 225
1390 19.90 43.35 180
1391 19.90 43.35 135
1392 19.90 43.35 90
1393 19.90 43.35 45
1394 20.10 44.10 90
1395 20.10 44.10 0
1396 20.10 44.10 180
1397 20.10 44.10 270
1398 21.10 43.35 270
1399 21.10 43.35 0
1400 21.10 43.35 90
1401 21.10 43.35 180
1402 19.00 43.35 180
1403 18.90 43.35 90
1404 18.90 44.05 0
1405 18.90 44.05 270
1406 19.00 44.55 270
1407 19.00 44.55 180
1408 18.95 44.65 90
1409 18.95 44.65 0
1410 19.10 44.75 0
1411 21.05 45.05 270
1412 21.20 44.45 180
1413 21.20 44.45 90
1414 23.05 43.40 0
1415 23.05 43.40 315
1416 23.05 43.40 270
1417 23.05 43.40 225
1418 23.05 43.40 180
1419 23.05 43.40 135
1420 23.05 43.40 135
1421 23.05 43.40 90
1422 23.05 43.40 45
1423 24.55 43.40 0
1424 24.55 43.40 0
1425 23.15 43.35 45
1426 23.15 43.35 90
1427 23.15 43.35 180
1428 23.15 43.35 180
1430 23.15 43.35 180
1431 23.15 43.35 90
1432 23.05 44.15 0
1433 24.05 44.20 270
1434 24.05 44.20 180
1435 22.10 44.30 180
1436 23.50 44.40 90
1437 24.10 44.35 0
1438 23.60 44.40 270
1439 23.60 44.40 180
1440 22.35 44.65 90
1441 23.00 44.55 0
1442 22.20 44.50 270
1443 22.25 42.90 270
1444 22.25 42.90 180
1445 22.25 42.90 90
1446 22.25 43.80 0
1447 31.10 43.95 0
1448 31.10 43.95 270
1449 31.10 43.95 180
1450 31.10 43.95 90
1451 30.95 44.00 270
1453 30.95 44.00 135
1454 30.95 44.00 45
1455 31.90 44.05 0
1456 31.90 44.05 270
1457 31.90 44.05 180
1458 31.90 44.05 90
1459 31.95 45.00 90
1460 31.95 45.00 0
1461 31.95 45.00 270
1462 31.95 45.00 180
1463 30.95 45.00 180
1464 30.95 45.00 90
1465 30.95 44.90 0
1466 30.95 44.90 270
1467 30.05 44.90 180
1468 30.05 44.90 90
1469 29.90 44.85 0
1470 29.90 44.85 270
1471 30.05 43.10 270
1472 30.05 43.10 180
1473 30.05 43.10 90
1475 30.05 43.10 0
1476 6.65 42.90 90
1477 6.65 42.90 45
1478 6.30 42.50 90
1479 6.20 42.10 90
1480 6.05 42.30 0
1481 7.45 6.45 90
1482 7.45 6.45 45
1483 7.45 6.45 0
1484 7.45 6.45 135
1485 6.30 8.20 90
1486 6.30 8.20 45
1487 6.30 8.55 0
1488 6.30 8.45 315
1489 6.30 8.45 270
1490 6.30 8.45 225
1491 6.10 8.55 180
1492 6.10 8.55 135
1493 5.50 8.55 45
1494 5.50 8.55 315
1495 6.70 8.55 225
1496 7.20 8.55 135
1497 6.05 14.40 90
1498 6.05 14.40 45
1499 6.05 14.40 0
1500 6.05 14.40 315
1501 6.05 14.40 270
1502 6.05 14.40 225
1503 6.05 14.40 180
1504 6.05 14.40 135
1505 5.50 14.45 45
1506 5.50 14.45 315
1507 6.65 14.35 225
1508 6.65 14.35 135
1509 6.00 20.40 90
1510 6.00 20.40 45
1511 6.00 20.40 0
1512 6.00 20.40 315
1513 6.00 20.40 270
1514 6.00 20.40 225
1515 6.00 20.40 180
1516 6.00 20.40 135
1517 5.50 20.40 45
1518 5.50 20.40 315
1519 6.60 20.30 225
1520 6.60 20.30 135
1521 6.00 26.65 90
1522 6.00 26.65 45
1523 6.00 26.65 0
1524 6.00 26.65 315
1525 6.00 26.65 270
1526 6.00 26.65 225
1527 6.00 26.65 180
1528 6.00 26.65 135
1529 5.45 26.60 45
1530 5.45 26.60 315
1531 6.60 26.60 225
1532 6.60 26.60 135
1533 6.10 32.70 90
1534 6.10 32.70 45
1535 6.10 32.70 0
1536 6.10 32.70 315
1537 6.10 32.70 270
1538 6.10 32.70 225
1539 6.10 32.70 180
1540 6.10 32.70 135
1541 5.40 32.65 45
1542 5.40 32.65 315
1543 6.55 32.60 225
1544 6.55 32.60 135
1545 6.30 38.25 90
1546 6.30 38.25 45
1547 6.30 38.25 0
1548 6.30 38.25 315
1549 6.30 38.25 270
1550 6.30 38.45 225
1551 6.30 38.45 180
1552 6.30 38.45 135
1553 5.40 38.60 45
1554 5.40 38.60 315
1555 6.50 38.70 225
1556 6.50 38.70 135
1557 6.05 42.10 90
1558 6.05 42.10 45
1559 6.05 42.10 0
1560 6.05 42.10 315
1561 6.05 42.10 270
1562 6.05 42.10 225
1563 6.05 42.10 180
1564 6.05 42.10 135
1565 6.35 43.70 90
1566 6.35 43.70 45
1567 6.35 43.70 0
1568 6.35 43.70 315
1569 6.35 43.70 270
1570 6.35 43.70 225
1571 6.35 43.70 180
1572 6.35 43.70 135
1573 8.30 44.15 270
1574 8.30 44.15 90
1575 6.20 44.40 90
1576 6.10 44.40 45
1577 6.10 44.40 0
1578 6.10 44.40 315
1579 6.35 46.75 90
1580 6.35 46.75 45
1581 6.35 46.75 0
1582 6.35 46.75 315
1583 6.35 46.75 315
1584 6.35 46.75 270
1585 6.35 46.75 225
1586 6.35 46.75 180
1587 6.35 46.75 135
1588 6.10 48.65 90
1589 6.10 48.65 45
1590 6.10 48.65 0
1591 6.10 48.65 315
1592 6.10 48.65 270
1593 6.05 50.20 90
1594 6.05 50.20 45
1595 6.05 50.20 0
1596 6.05 50.20 315
1597 6.05 50.20 270
1598 8.20 50.10 90
1599 8.20 50.10 45
1600 8.20 50.10 0
1601 8.20 50.10 315
1602 8.50 50.10 270
1603 11.30 44.15 90
1604 11.30 44.15 45
1605 11.30 44.15 0
1606 11.30 44.15 315
1607 11.30 44.15 270
1608 11.30 44.15 225
1609 11.30 44.15 180
1610 11.30 44.15 135
1611 15.00 44.00 90
1612 15.00 44.00 45
1613 15.00 44.00 0
1614 15.00 44.00 315
1615 15.00 44.00 270
1616 15.00 44.00 225
1617 15.00 44.00 180
1618 15.00 44.00 135
1619 22.20 4.00 270
1620 22.20 4.00 270
1621 22.20 4.00 270
1622 22.20 4.00 270
1623 22.20 4.00 270
1624 22.20 4.00 270
1625 22.20 4.00 270
1626 22.20 4.00 270
