0 21.95 3.3 90
1 21.95 3.3 90
2 21.9 3.45 90
3 22.2 3.95 90
4 22.2 4.3 90
5 22.2 4.3 90
6 22.3 4.75 90
7 22.3 4.75 90
8 22.3 4.75 90
9 22.3 4.75 90
10 22.30 5.05 90
39 22.25 5.65 90
40 22.25 5.65 90
44 22.25 5.65 135
45 22.25 5.65 135
46 22.25 5.65 135
55 22.25 5.65 225
56 22.25 5.65 225
57 22.25 5.65 225
58 22.25 5.65 225
59 22.25 5.65 225
60 22.25 5.65 180
61 22.25 5.65 180
62 22.25 5.75 180
65 22.25 5.75 135
66 22.25 5.75 135
67 22.25 5.75 135
68 22.25 5.75 135
77 22.25 5.75 90
78 22.25 5.75 90
79 22.25 5.75 90
80 22.25 5.75 90
81 22.25 5.75 90
90 22.25 5.75 180
91 22.25 5.75 180
92 22.25 5.75 180
93 21.90 6.10 180
94 21.90 6.10 180
95 21.90 6.10 180
96 21.90 6.10 180
97 21.90 6.10 180
98 21.90 6.10 180
100 21.90 6.10 180
101 21.00 6.25 180
102 20.45 6.40 180
103 19.85 6.40 180
104 19.85 6.40 180
105 19.85 6.40 180
106 19.85 6.40 135
107 19.85 6.40 135
108 19.85 6.40 135
109 19.85 6.40 135
110 19.85 6.40 135
111 19.85 6.40 135
112 19.85 6.40 135
119 19.85 6.40 135
120 19.85 6.40 135
121 19.85 6.40 135
122 19.85 6.40 135
123 19.85 6.40 135
124 19.85 6.40 135
128 19.85 6.40 90
129 19.85 6.40 45
130 19.85 6.40 45
131 19.85 6.40 45
132 19.85 6.40 45
133 19.85 6.40 45
136 19.85 6.40 90
137 19.85 6.40 90
138 19.65 7.05 90
140 19.80 7.50 90
141 19.90 8.05 90
142 19.90 8.05 90
144 19.70 8.60 90
145 19.75 9.00 90
146 19.75 10.15 90
147 19.95 10.65 90
148 19.80 11.00 90
149 19.85 11.40 90
150 19.95 11.65 90
151 19.95 11.65 90
152 19.90 12.45 90
153 19.90 12.85 90
154 19.90 12.85 90
155 19.95 14.10 90
156 19.95 14.10 90
157 19.90 16.10 90
159 19.75 17.45 90
160 19.75 18.75 90
161 19.75 18.75 90
162 19.75 20.65 90
163 19.75 20.85 90
164 19.75 21.35 90
165 19.75 21.35 90
166 19.75 21.75 90
167 19.75 22.75 90
168 19.75 23.75 90
169 19.75 23.85 90
170 19.75 23.85 90
173 19.75 24.15 90
174 19.75 24.65 90
175 19.75 24.65 90
176 19.75 25.15 90
177 19.75 25.25 90
178 19.75 25.35 90
179 19.75 25.35 90
180 19.75 25.65 90
181 19.75 25.75 90
182 19.75 25.95 90
184 19.75 25.95 45
185 19.75 25.95 45
186 19.75 26.65 90
187 19.75 27.15 90
188 19.75 27.35 90
189 19.75 28.15 90
190 19.75 28.65 90
191 19.75 29.05 90
192 19.75 29.95 90
193 19.75 30.75 90
194 19.75 31.15 90
195 19.75 31.35 90
196 19.75 31.95 90
197 19.75 33.35 90
198 19.75 33.45 90
199 19.75 34.25 90
200 19.75 34.35 90
201 19.75 34.85 90
202 19.75 35.05 90
203 19.75 35.05 90
204 19.75 35.25 90
205 19.75 35.65 90
206 19.75 36.15 90
207 19.75 36.45 90
208 19.75 36.55 90
209 19.75 36.65 90
210 19.75 36.65 90
211 19.75 36.65 90
212 19.75 36.65 90
213 19.75 36.65 90
214 19.75 36.85 90
215 19.75 37.55 90
216 19.75 38.55 90
217 19.75 39.45 90
218 19.75 39.45 90
219 19.75 39.45 90
220 19.75 39.45 90
221 19.75 39.95 90
222 19.75 39.95 90
223 19.75 40.05 90
224 19.75 40.15 90
225 19.75 40.45 90
226 19.75 40.55 90
227 19.75 40.55 90
228 19.75 40.55 90
238 19.75 40.55 0
242 19.75 40.55 0
243 19.75 40.55 0
245 19.75 40.55 0
252 19.75 41.15 270
253 19.75 41.15 270
254 19.75 41.15 270
256 19.75 41.15 270
257 19.75 41.05 270
258 19.75 41.05 270
259 19.75 40.95 270
260 19.75 40.85 270
261 19.75 40.75 270
262 19.75 40.75 270
263 19.75 40.75 225
264 19.55 40.45 225
265 19.55 40.45 225
267 19.55 40.45 270
268 19.55 40.05 270
270 19.55 39.85 270
271 19.55 39.45 270
272 19.55 38.35 270
273 19.55 37.75 270
274 19.55 37.05 270
275 19.55 36.55 270
276 19.55 35.65 270
277 19.55 34.75 270
279 19.55 34.65 270
280 19.65 33.65 270
281 20.15 32.45 270
282 20.15 31.45 270
283 20.15 30.45 270
284 20.15 29.45 270
285 20.15 29.65 270
286 20.15 29.45 270
287 20.15 29.45 270
288 20.15 29.25 270
289 20.15 29.15 270
290 20.15 29.05 270
291 20.15 28.65 270
292 20.15 28.55 270
293 19.95 28.25 270
294 19.95 28.05 270
295 19.95 27.65 270
296 19.95 27.55 270
297 19.95 27.15 270
298 19.95 27.15 270
299 19.95 26.85 270
300 19.95 26.65 270
301 19.95 26.45 270
302 19.95 25.95 270
303 19.95 25.25 270
304 19.95 24.55 270
305 19.95 23.65 270
306 19.95 22.85 270
307 19.95 22.65 270
308 19.95 21.95 270
309 19.95 21.55 270
310 19.95 20.25 270
311 19.95 20.25 270
312 19.95 19.55 270
313 19.95 18.45 270
314 19.95 18.35 270
315 19.95 17.45 270
316 19.95 17.25 270
317 19.95 16.65 270
318 19.95 16.45 270
319 19.95 15.15 270
320 19.95 14.65 270
321 19.95 13.85 270
322 19.95 13.75 270
323 19.95 12.75 270
324 19.95 12.25 270
325 19.95 11.95 270
326 19.95 10.85 270
327 19.95 9.45 270
328 19.95 9.35 270
329 19.95 8.85 270
330 19.95 8.85 270
331 19.95 8.55 270
332 19.95 8.45 270
333 19.95 8.45 270
334 19.95 8.35 270
335 19.95 8.35 270
336 19.95 8.25 270
337 19.95 8.25 270
338 19.95 7.95 270
339 19.95 7.75 270
351 19.95 7.45 270
352 19.95 7.45 270
353 19.95 7.35 270
354 19.95 7.25 270
355 19.95 7.15 270
370 19.95 6.85 270
371 19.95 6.85 270
372 19.95 6.85 270
378 19.95 6.85 315
383 19.95 6.45 0
384 21.95 6.45 0
385 22.85 6.45 0
386 22.95 6.45 0
387 24.65 6.45 0
389 25.25 6.45 0
390 26.05 6.45 0
391 27.25 6.45 0
392 28.15 6.45 0
393 28.25 6.45 0
394 28.15 6.45 0
395 28.35 6.45 0
396 28.45 6.45 0
397 28.65 6.45 0
398 28.95 6.45 0
399 29.05 6.45 0
400 29.15 6.45 0
401 29.15 6.45 0
402 29.15 6.45 0
403 29.35 6.45 0
404 29.35 6.45 0
405 29.45 6.45 0
406 29.75 6.45 0
407 29.85 6.45 0
408 30.05 6.45 0
409 30.15 6.45 0
410 30.45 6.45 0
411 30.65 6.45 0
412 30.75 6.45 0
413 30.85 6.45 0
414 30.95 6.45 0
415 31.05 6.45 0
416 31.05 6.45 0
417 31.05 6.45 0
418 31.05 6.45 0
419 31.05 6.45 45
426 31.05 6.45 45
427 31.05 6.45 135
428 30.85 6.85 135
430 30.85 6.85 90
431 30.95 8.85 90
432 30.95 9.05 90
433 30.95 9.75 90
434 30.95 9.85 90
436 30.95 10.35 90
437 30.95 10.85 90
438 30.95 11.85 90
439 30.95 12.65 90
440 30.95 12.95 90
441 30.95 13.05 90
442 30.95 13.25 90
443 30.95 13.45 90
444 30.95 13.75 90
445 30.95 14.85 90
446 30.65 16.15 90
447 30.65 16.15 90
448 30.65 16.25 90
449 30.65 16.45 90
450 30.65 16.55 90
451 30.65 16.65 90
452 30.65 16.95 90
453 30.65 17.95 90
454 30.65 18.45 90
455 30.65 19.15 90
456 30.65 19.85 90
457 30.65 20.45 90
458 30.65 21.65 90
459 30.65 22.15 90
460 30.65 22.95 90
461 30.55 23.65 90
462 30.55 23.95 90
463 30.55 24.05 90
464 30.55 24.75 90
465 30.55 25.05 90
466 30.55 25.35 90
467 30.55 25.75 90
468 30.55 26.05 90
469 30.55 26.75 90
470 30.55 27.85 90
471 30.75 28.65 90
472 31.15 29.35 90
473 31.15 30.15 90
474 31.15 30.75 90
475 31.15 31.15 90
476 31.15 31.55 90
477 31.15 31.85 90
478 31.15 32.05 90
479 31.15 32.85 90
480 31.15 33.35 90
481 31.15 33.85 90
482 31.15 34.45 90
483 31.15 35.25 90
484 31.15 35.75 90
485 31.15 36.25 90
486 31.15 36.75 90
487 31.15 37.55 90
488 30.85 38.55 90
489 30.65 39.55 90
490 30.65 40.65 90
491 30.65 41.35 90
492 30.65 41.85 90
493 30.65 41.85 90
494 30.65 41.95 90
495 30.65 41.95 90
496 30.75 41.85 90
497 30.75 41.65 90
498 30.75 41.65 90
499 30.75 41.85 90
516 30.75 41.85 315
517 30.65 41.75 270
518 30.65 41.25 270
519 30.65 40.25 270
520 30.65 39.45 270
521 30.65 38.55 270
522 30.65 37.55 270
523 30.65 36.45 270
524 30.65 35.25 270
525 30.65 34.15 270
526 30.65 33.75 270
527 30.65 32.85 270
528 30.65 32.15 270
529 30.65 31.75 270
530 30.75 31.25 270
531 30.85 30.75 270
532 31.05 30.25 270
533 31.05 29.55 270
534 31.05 29.35 270
535 31.05 28.85 270
536 31.05 28.45 270
537 31.05 28.25 270
538 31.05 27.95 270
539 31.05 27.05 270
540 31.05 25.95 270
541 31.05 25.05 270
542 31.05 23.85 270
543 31.05 23.05 225
544 30.95 22.85 225
545 30.95 22.65 225
546 30.95 22.65 225
547 30.95 22.65 225
548 30.95 22.05 270
549 30.95 21.55 270
550 30.95 21.05 270
551 30.95 20.15 270
552 31.05 19.85 270
553 31.05 19.05 270
554 31.05 18.05 270
555 31.05 17.35 270
556 31.05 16.95 270
557 31.05 16.65 270
558 31.05 16.35 270
559 31.05 16.15 270
560 31.05 15.85 270
561 31.05 15.45 270
562 31.05 14.85 270
563 31.05 13.85 270
564 31.05 12.95 270
565 31.05 12.65 270
566 31.05 11.65 270
567 31.05 11.05 270
568 31.05 10.55 270
569 31.05 9.75 270
570 31.05 9.05 270
571 31.05 8.95 270
572 31.05 8.55 270
573 31.05 8.25 270
574 31.05 7.65 270
575 31.05 7.25 270
576 31.05 6.75 270
577 31.05 6.45 270
578 31.05 6.45 270
579 31.05 6.45 270
580 31.05 6.35 270
581 31.05 6.35 225
582 30.95 6.25 225
583 30.55 6.05 180
584 30.45 6.25 180
586 30.35 6.25 180
587 30.35 6.25 180
588 30.15 6.25 180
589 29.85 6.25 180
590 29.35 6.25 180
591 28.45 6.25 180
592 28.05 6.25 180
593 27.25 6.25 180
594 26.25 6.25 180
595 25.75 6.25 180
596 25.55 6.25 180
597 24.15 6.35 180
598 22.15 6.35 180
603 22.05 6.35 270
604 22.05 6.35 270
605 22.05 6.35 270
606 22.05 5.85 270
607 22.05 5.65 270
608 22.05 5.55 270
610 22.05 4.45 225
611 22.05 4.45 225
612 22.00 3.60 0
613 21.95 6.30 0
614 21.95 6.30 270
615 21.95 6.30 180
616 21.95 6.30 180
617 19.75 6.20 180
618 19.75 6.20 90
619 19.75 6.20 0
620 19.65 6.40 0
621 19.65 6.40 180
622 19.65 6.40 90
623 19.70 9.90 180
624 19.70 9.90 270
625 19.70 9.90 90
626 19.85 18.25 270
627 20.50 18.15 270
628 20.50 18.15 90
629 20.55 22.70 90
630 19.35 22.70 90
631 19.30 22.70 270
632 20.85 22.60 270
633 20.85 22.60 90
634 20.65 26.25 90
635 20.65 26.25 270
636 19.60 26.25 270
637 20.75 28.50 90
638 20.75 28.50 270
639 19.40 28.45 90
640 20.80 28.25 270
641 19.45 28.30 270
642 20.20 41.50 90
643 20.20 41.50 270
644 19.45 41.60 270
645 19.45 41.60 90
646 20.55 41.60 90
647 20.55 41.60 270
648 31.10 41.75 270
649 31.45 41.80 270
650 30.55 41.70 270
651 30.55 41.70 90
652 31.05 41.70 90
653 31.40 41.80 90
654 31.10 38.40 270
655 30.30 38.45 270
656 31.85 38.60 270
657 31.85 38.60 90
658 31.20 38.75 90
659 30.40 38.70 90
660 30.35 28.05 270
661 31.10 28.15 270
662 31.75 28.05 270
663 31.75 28.05 90
664 30.30 28.15 90
665 30.35 22.75 270
666 31.00 22.65 270
667 31.75 22.75 270
668 31.95 20.95 90
669 31.15 21.00 90
670 30.40 20.95 90
671 30.15 22.60 270
672 31.05 22.75 270
673 31.75 22.70 270
674 31.70 17.95 90
675 31.35 17.85 90
676 30.30 17.75 90
677 30.30 17.75 270
678 31.05 17.65 270
679 32.00 17.70 270
680 32.00 17.70 270
681 31.90 12.75 90
682 31.20 12.80 90
683 30.15 12.80 90
684 30.25 9.60 270
685 31.15 9.45 270
686 32.00 9.50 270
687 31.80 9.50 90
688 31.05 9.65 90
689 30.35 9.70 90
690 31.00 6.55 270
691 31.10 6.55 0
692 31.10 6.55 315
693 31.10 6.55 180
694 31.10 6.95 180
695 30.55 5.85 180
696 22.30 4.25 270
697 22.30 4.25 315
698 22.30 4.25 315
699 22.30 4.25 0
700 22.30 4.25 45
701 22.30 4.25 90
702 22.30 4.25 135
703 22.30 4.25 180
704 22.40 3.55 90
705 22.20 5.55 90
706 22.20 5.05 90
707 22.20 4.35 90
708 19.90 6.35 0
709 19.90 6.35 45
710 25.40 6.35 180
711 25.40 6.35 135
712 22.20 5.25 270
713 22.20 4.65 270
714 22.20 3.85 270
715 22.05 4.35 90
716 22.05 4.55 90
717 22.05 4.65 90
718 22.05 4.85 90
719 22.05 4.95 90
720 22.05 5.05 90
721 22.05 5.15 90
722 22.05 5.25 90
723 22.05 5.35 90
724 22.05 5.45 90
725 22.05 5.55 90
726 22.05 5.65 90
727 22.05 5.75 90
728 22.05 5.85 90
729 22.05 5.95 90
730 22.05 6.05 90
731 22.05 6.15 90
732 22.05 6.25 90
733 22.05 6.35 90
734 22.05 6.35 135
735 22.05 6.35 180
736 22.05 6.35 135
737 22.05 6.35 180
738 21.95 6.35 180
739 21.05 6.35 180
740 19.95 6.4 180
741 19.55 6.4 180
742 19.05 6.4 180
743 18.55 6.40 180
744 17.95 6.40 180
745 17.25 6.40 180
746 16.85 6.40 180
747 16.35 6.40 180
748 15.45 6.40 180
749 15.05 6.40 180
750 14.35 6.40 180
751 13.85 6.40 180
752 13.35 6.40 180
753 13.15 6.40 180
754 12.75 6.40 180
755 12.35 6.40 180
756 11.95 6.30 180
757 11.35 6.20 180
758 10.85 6.20 180
759 10.55 6.20 180
760 10.25 6.20 180
761 10.05 6.20 180
762 9.95 6.20 180
763 9.65 6.20 135
764 9.65 6.20 135
765 9.65 6.20 135
766 9.35 6.50 135
767 9.35 6.50 135
768 9.05 6.80 135
769 9.05 6.80 180
770 8.55 6.80 180
771 8.25 6.80 180
772 7.95 6.80 180
773 7.95 6.80 135
774 7.95 6.80 135
775 7.65 7.20 135
776 7.35 7.40 135
777 7.05 7.60 135
778 6.85 7.10 135
779 6.65 7.40 135
780 6.45 7.50 135
781 6.35 7.60 135
782 6.25 7.60 135
783 6.05 7.60 135
784 6.05 7.60 180
785 6.05 7.60 180
786 6.05 7.60 90
787 6.05 7.80 90
788 6.05 8.10 90
789 6.05 8.10 90
790 6.05 8.40 90
791 6.05 8.80 90
792 6.05 9.10 90
793 6.05 9.40 90
794 6.05 9.60 90
795 6.05 9.60 90
796 6.05 9.90 90
797 6.05 10.10 90
798 6.05 10.30 90
799 6.05 10.50 90
800 6.05 10.60 90
801 6.05 10.80 90
802 6.05 11.00 90
803 6.05 11.20 90
804 6.05 11.40 90
805 6.05 11.60 90
806 6.05 11.60 90
807 6.05 11.80 90
808 6.05 12.00 90
809 6.05 12.00 90
810 6.05 12.20 90
811 6.05 12.40 90
812 6.05 12.40 90
813 6.05 12.70 90
814 6.05 13.10 90
815 6.05 13.40 90
816 6.05 13.60 90
817 6.05 13.80 90
818 6.05 14.00 90
819 6.05 14.10 90
820 6.05 14.20 90
821 6.05 14.30 90
822 6.05 14.40 90
823 6.05 14.70 90
824 6.05 15.10 90
825 6.05 15.30 90
826 6.05 15.50 90
827 6.05 15.60 90
828 6.05 15.80 90
829 6.05 16.00 90
830 6.05 16.20 90
831 6.05 16.50 90
832 6.05 16.70 90
833 6.05 17.00 90
834 6.05 17.60 90
835 6.05 17.70 90
836 6.05 17.70 90
837 6.05 17.90 90
838 6.05 18.20 90
839 6.05 18.30 90
840 6.05 18.80 90
841 6.05 19.30 90
842 6.05 19.90 90
843 6.05 20.00 90
844 6.05 20.00 90
845 6.05 20.10 90
846 6.05 20.40 90
847 6.05 20.70 90
848 6.05 20.90 90
849 6.05 20.90 90
850 6.05 21.20 90
851 6.05 21.40 90
852 6.05 21.80 90
853 6.05 22.00 90
854 6.05 22.30 90
855 6.05 22.50 90
856 6.05 23.10 90
857 6.05 23.40 90
858 6.05 23.70 90
859 6.05 24.00 90
860 6.05 24.30 90
861 6.05 24.60 90
862 6.05 24.70 90
863 6.05 25.10 90
864 6.05 25.40 90
865 6.05 25.80 90
866 6.05 26.20 90
867 6.05 26.30 90
868 6.05 26.40 90
869 6.05 26.60 90
870 6.05 26.70 90
871 6.05 26.90 90
872 6.05 27.10 90
873 6.05 27.30 90
874 6.05 27.50 90
875 6.05 27.70 90
876 6.05 28.00 90
877 6.05 28.20 90
878 6.05 28.50 90
879 6.05 28.80 90
880 6.05 29.10 90
881 6.05 29.30 90
882 6.05 29.30 90
883 6.05 29.40 90
884 6.05 29.50 90
885 6.05 29.60 90
886 6.05 29.70 90
887 6.05 29.80 90
888 6.05 29.90 90
889 6.05 30.00 90
890 6.05 30.10 90
891 6.05 30.20 90
892 6.05 30.20 90
893 6.05 30.30 90
894 6.05 30.50 90
895 6.05 30.80 90
896 6.05 30.90 90
897 6.05 31.10 90
898 6.05 31.30 90
899 6.05 31.50 90
900 6.05 31.60 90
901 6.05 31.70 90
902 6.05 31.90 90
903 6.05 32.10 90
904 6.05 32.20 90
905 6.05 32.30 90
906 6.05 32.50 90
907 6.05 32.60 90
908 6.05 32.70 90
909 6.05 32.80 90
910 6.05 33.00 90
911 6.05 33.10 90
912 6.05 33.20 90
913 6.05 33.20 90
914 6.05 33.70 90
915 6.05 34.00 90
916 6.05 34.20 90
917 6.05 34.50 90
918 6.05 34.60 90
919 6.05 34.90 90
920 6.05 35.20 90
921 6.05 35.40 90
922 6.05 35.70 90
923 6.05 35.90 90
924 6.05 36.20 90
925 6.05 36.50 90
926 6.05 36.80 90
927 6.05 36.90 90
928 6.05 37.30 90
929 6.05 37.60 90
930 6.05 37.80 90
931 6.05 38.10 90
932 6.05 38.30 90
933 6.05 38.50 90
934 6.05 38.70 90
935 6.05 38.90 90
936 6.05 39.10 90
937 6.05 39.40 90
938 6.05 39.70 90
939 6.05 40.00 90
940 6.05 40.20 90
941 6.05 40.40 90
942 6.05 40.70 90
943 6.05 41.00 90
944 6.05 41.30 90
945 6.05 41.50 90
946 6.05 41.80 90
947 6.05 42.00 90
948 6.05 42.20 90
949 6.05 42.20 90
950 6.05 42.20 90
951 6.05 42.40 90
952 6.05 42.50 90
953 6.05 42.60 90
954 6.05 42.60 45
955 6.05 42.60 45
956 6.05 42.60 0
957 6.05 42.60 0
958 6.05 42.60 315
959 6.05 42.60 45
960 6.05 42.60 90
961 6.05 42.60 90
962 6.15 42.60 90
963 6.15 42.70 90
964 6.15 42.80 90
965 6.15 42.90 90
966 6.15 43.10 90
967 6.15 43.20 45
968 6.15 43.20 45
969 6.15 43.20 0
970 6.15 43.20 0
971 6.45 43.20 0
972 6.75 43.20 0
973 7.05 43.20 0
974 7.35 43.20 0
975 7.35 43.20 45
976 7.35 43.20 45
977 7.35 43.20 135
978 7.05 43.20 135
979 6.85 43.20 135
980 6.85 43.20 135
981 6.85 43.20 135
982 6.85 43.20 90
983 6.85 43.20 90
984 6.85 43.20 90
985 6.85 43.20 90
986 6.85 43.40 90
987 6.85 43.60 90
988 6.85 43.60 90
989 6.85 43.60 45
990 6.85 43.60 45
991 6.85 43.60 45
992 7.75 43.60 270
993 7.75 43.60 225
994 7.75 43.60 135
995 7.75 43.60 180
996 7.75 43.60 225
997 7.75 43.60 270
998 7.75 43.60 0
999 7.75 43.60 0
1000 8.05 43.60 0
1001 8.45 43.60 0
1002 8.85 43.60 0
1003 9.15 43.60 0
1004 8.55 43.60 315
1005 8.55 43.60 0
1006 9.05 43.60 0
1007 9.45 43.60 0
1008 9.95 43.60 0
1009 10.25 43.60 0
1010 10.65 43.60 0
1011 11.15 43.60 0
1012 11.55 43.60 0
1013 11.95 43.60 0
1014 12.35 43.60 0
1015 12.75 43.60 0
1016 13.15 43.60 0
1017 13.15 43.60 0
1018 13.45 43.60 0
1019 13.75 43.60 0
1020 13.95 43.60 0
1021 13.95 43.60 0
1022 14.25 43.60 0
1023 14.25 43.60 0
1024 14.45 43.60 0
1025 14.45 43.60 45
1026 14.55 43.60 0
1027 14.55 43.60 0
1028 15.15 43.60 0
1029 15.45 43.60 0
1030 15.75 43.60 0
1031 15.95 43.60 0
1032 16.25 43.60 0
1033 16.05 43.60 0
1034 16.05 43.60 0
1035 16.65 43.60 0
1036 16.95 43.60 0
1037 17.45 43.60 0
1038 18.45 43.60 0
1039 18.75 43.60 0
1040 18.85 43.60 0
1041 19.05 43.60 0
1042 18.85 43.60 0
1043 19.25 43.60 0
1044 19.45 43.60 0
1045 19.65 43.60 0
1046 19.65 43.60 0
1047 19.95 43.60 0
1048 20.25 43.60 0
1049 20.35 43.60 0
1050 20.65 43.60 0
1051 20.95 43.60 0
1052 21.25 43.60 0
1053 21.65 43.60 0
1054 21.75 43.60 0
1055 22.05 43.60 0
1056 22.35 43.60 0
1057 22.55 43.60 0
1058 22.75 43.60 0
1059 22.95 43.60 0
1060 23.15 43.60 0
1061 23.35 43.60 0
1062 24.15 43.70 0
1063 24.85 43.70 0
1064 26.55 43.75 0
1065 27.15 43.75 0
1066 27.35 43.75 0
1067 27.95 43.75 0
1068 28.55 43.75 0
1069 29.35 43.75 0
1070 29.75 43.75 0
1071 29.95 43.75 0
1072 29.95 43.75 315
1073 29.95 43.75 315
1074 29.95 43.75 315
1075 29.95 43.75 0
1076 30.15 43.75 0
1077 30.15 43.75 0
1078 30.15 43.75 0
1079 30.15 43.75 315
1080 30.15 43.75 270
1081 30.15 43.75 225
1082 30.15 43.75 90
1083 30.15 43.75 135
1084 30.15 43.75 180
1085 29.85 43.75 180
1086 29.55 43.75 180
1087 29.25 43.75 180
1088 28.95 43.75 180
1089 28.55 43.75 180
1090 28.15 43.75 180
1091 27.65 43.75 180
1092 27.25 43.75 180
1093 26.85 43.75 180
1094 26.45 43.75 180
1095 26.05 43.75 180
1096 25.65 43.75 180
1097 25.25 43.75 180
1098 24.85 43.75 180
1099 24.45 43.75 180
1100 24.05 43.75 180
1101 23.35 43.75 180
1102 22.05 43.75 180
1103 21.45 43.75 180
1104 21.55 43.75 180
1105 21.15 43.75 180
1106 21.05 43.75 180
1107 20.95 43.75 180
1108 20.95 43.75 180
1109 20.65 43.75 180
1110 20.55 43.75 180
1111 20.65 43.75 180
1112 20.65 43.75 180
1113 20.65 43.75 180
1114 20.65 43.75 180
1115 20.65 43.75 180
1116 20.65 43.75 180
1117 20.35 43.75 180
1118 19.95 43.75 180
1119 19.55 43.75 180
1120 19.25 43.75 180
1121 19.05 43.75 180
1122 18.65 43.75 180
1123 18.25 43.75 180
1124 18.05 43.75 180
1125 18.05 43.75 180
1126 17.85 43.75 180
1127 17.75 43.75 180
1128 17.25 43.75 180
1129 16.85 43.75 180
1130 16.85 43.75 180
1131 16.65 43.75 180
1132 15.65 43.75 180
1133 15.35 43.75 180
1134 15.05 43.75 180
1135 14.75 43.75 180
1136 14.45 43.75 180
1137 14.35 43.75 180
1138 14.15 43.75 180
1139 13.65 43.85 180
1140 13.45 43.85 180
1141 13.15 43.85 180
1142 12.65 43.85 180
1143 12.25 43.85 180
1144 11.55 43.85 180
1145 11.05 43.85 180
1146 10.25 43.85 180
1147 9.75 43.85 180
1148 9.55 43.85 180
1149 8.95 43.85 180
1150 8.85 43.85 180
1151 8.45 43.85 180
1152 8.45 43.85 180
1153 8.35 43.85 180
1154 7.95 43.85 180
1155 7.55 43.85 180
1156 7.25 43.85 180
1157 7.15 43.85 180
1158 7.05 43.85 180
1159 7.05 43.85 180
1160 6.95 43.85 180
1161 6.85 43.85 180
1162 6.75 43.85 180
1163 6.65 43.85 180
1164 6.55 43.85 180
1165 6.45 43.85 180
1166 6.45 43.85 180
1167 6.45 43.85 180
1168 6.45 43.85 180
1169 6.45 43.85 180
1170 6.45 43.85 180
1171 6.45 43.85 270
1172 6.55 43.85 270
1173 6.45 43.65 270
1174 6.45 43.65 270
1175 6.35 43.55 270
1176 6.35 43.35 270
1177 6.35 43.15 270
1178 6.35 42.95 270
1179 6.35 42.55 270
1180 6.35 42.25 270
1181 6.35 42.05 270
1182 6.35 42.05 270
1183 6.25 41.95 270
1184 6.25 41.85 270
1185 6.25 41.75 270
1186 6.25 41.45 270
1187 6.25 41.25 270
1188 6.25 41.15 270
1189 6.25 41.05 270
1190 6.25 40.95 270
1191 6.25 40.85 270
1192 6.25 40.75 270
1193 6.25 40.65 270
1194 6.25 40.55 270
1195 6.25 40.45 270
1196 6.25 40.35 270
1197 6.25 40.25 270
1198 6.25 39.55 270
1199 6.25 39.25 270
1200 6.25 39.25 270
1201 6.25 38.85 270
1202 6.25 38.65 270
1203 5.95 38.35 270
1204 5.95 38.35 270
1205 5.95 38.05 270
1206 5.95 37.65 270
1207 5.95 37.35 270
1208 5.95 36.85 270
1209 5.95 36.45 270
1210 5.95 36.15 270
1211 5.95 35.75 270
1212 5.95 35.55 270
1213 5.95 35.15 270
1214 5.95 34.75 270
1215 5.95 34.45 270
1216 5.95 34.15 270
1217 5.95 34.15 270
1218 5.95 33.95 270
1219 5.95 33.05 270
1220 5.95 32.25 270
1221 5.95 31.85 270
1222 5.95 31.35 270
1223 5.95 30.75 270
1224 5.95 30.15 270
1225 5.95 29.65 270
1226 5.95 29.05 270
1227 5.95 28.85 270
1228 5.95 28.75 270
1229 5.95 28.65 270
1230 5.95 28.35 270
1231 5.95 28.15 270
1232 5.95 27.75 270
1233 5.95 27.55 270
1234 5.95 27.15 270
1235 5.95 26.65 270
1236 5.95 26.25 270
1237 5.95 25.85 270
1238 5.95 25.45 270
1239 5.95 25.15 270
1240 5.95 24.85 270
1241 5.95 24.55 270
1242 5.95 24.35 270
1243 5.95 24.35 270
1244 5.95 24.05 270
1245 5.95 23.35 270
1246 5.95 22.85 270
1247 5.95 22.65 270
1248 5.95 22.45 270
1249 5.95 22.25 270
1250 5.95 21.95 270
1251 5.95 21.75 270
1252 5.95 21.55 270
1253 5.95 21.45 270
1254 5.95 21.15 270
1255 5.95 20.95 270
1256 5.95 20.75 270
1257 5.95 20.45 270
1258 5.95 20.15 270
1259 5.95 19.85 270
1260 5.95 19.55 270
1261 5.95 19.15 270
1262 5.95 19.05 270
1263 5.95 18.85 270
1264 5.95 18.85 270
1265 5.95 18.65 270
1266 5.95 18.35 270
1267 5.95 18.15 270
1268 5.95 17.85 270
1269 5.95 17.55 270
1270 5.95 17.45 270
1271 5.95 17.25 270
1272 5.95 17.05 270
1273 5.95 16.95 270
1274 5.95 16.85 270
1275 5.95 16.75 270
1276 5.95 16.75 270
1277 5.95 16.05 270
1278 5.95 15.35 270
1279 5.95 14.85 270
1280 5.95 14.05 270
1281 5.95 13.65 270
1282 5.95 13.25 270
1283 5.95 12.65 270
1284 5.95 12.25 270
1285 5.95 12.05 270
1286 5.95 11.95 270
1287 5.95 11.95 270
1288 5.95 11.75 270
1289 5.95 11.55 270
1290 5.95 11.25 270
1291 5.95 11.05 270
1292 5.95 10.95 270
1293 5.95 10.15 270
1294 5.95 10.15 270
1295 5.95 9.95 270
1296 5.95 9.95 270
1297 5.95 9.95 270
1298 5.95 9.75 270
1299 6.05 9.55 270
1300 6.05 9.25 270
1301 6.05 9.05 270
1302 6.05 8.85 270
1303 6.05 8.65 270
1304 6.05 8.55 270
1305 6.05 8.35 270
1306 6.05 8.15 270
1307 6.05 7.95 270
1308 6.05 7.65 270
1309 6.05 7.45 270
1310 6.05 7.25 270
1311 6.05 7.15 270
1312 6.05 7.15 270
1313 6.05 7.05 270
1314 6.05 6.95 270
1315 6.05 6.95 270
1316 6.05 6.95 270
1317 6.05 6.85 270
1318 6.05 6.75 270
1319 6.05 6.75 270
1320 6.05 6.65 270
1321 6.05 6.65 270
1322 6.05 6.65 270
1323 6.05 6.55 270
1324 6.05 6.55 270
1325 6.05 6.55 270
1326 6.05 6.55 270
1327 6.05 6.55 270
1328 6.05 6.55 270
1329 6.05 6.55 270
1330 6.05 6.55 270
1331 6.05 6.55 270
1332 6.05 6.55 270
1333 6.05 6.55 270
1334 6.05 6.55 270
1335 6.05 6.55 270
1336 6.05 6.55 0
1337 6.05 6.55 0
1338 6.05 6.55 0
1339 6.05 6.55 0
1340 6.05 6.55 0
1341 6.05 6.55 0
1342 6.65 6.55 0
1343 6.95 6.55 315
1344 6.95 6.55 315
1345 6.95 6.55 315
1346 7.55 6.35 315
1347 7.95 6.15 315
1348 8.35 6.15 315
1349 8.35 6.15 0
1350 8.95 6.15 0
1351 9.35 6.15 0
1352 9.55 6.15 0
1353 9.85 6.15 0
1354 10.35 6.25 0
1355 10.75 6.25 0
1356 11.15 6.05 0
1357 11.75 6.05 0
1358 12.15 6.05 0
1359 12.55 6.05 0
1360 12.85 6.05 0
1361 13.15 6.05 0
1362 13.55 6.05 0
1363 13.85 6.05 0
1364 14.55 6.05 0
1365 16.25 6.15 0
1366 16.95 6.15 0
1367 18.55 6.15 0
1368 19.75 6.15 0
1369 20.75 6.15 0
