0 22.15 3.55 90
1 22.15 3.85 90
3 22.15 3.95 45
4 22.15 4.15 45
5 22.15 4.25 90
6 22.15 4.35 90
7 22.15 4.45 90
8 22.15 4.65 90
9 22.15 4.75 90
10 22.15 4.95 90
11 22.15 4.95 90
12 22.15 5.15 90
13 22.15 5.25 90
14 22.15 5.45 90
15 22.15 5.55 90
16 22.15 5.65 90
17 22.15 5.75 90
22 22.15 6.35 45
23 22.25 6.35 45
25 22.35 6.45 45
26 22.55 6.55 45
27 22.65 6.55 0
28 23.15 6.45 0
29 23.35 6.45 0
30 24.05 6.45 0
31 24.65 6.45 0
32 25.25 6.45 0
33 25.85 6.45 0
34 26.45 6.45 0
35 26.95 6.45 0
36 27.85 6.45 0
37 28.35 6.45 0
38 28.75 6.45 0
39 28.85 6.45 0
40 29.05 6.45 0
41 29.35 6.45 0
42 29.45 6.45 0
43 29.85 6.45 0
44 30.05 6.45 0
45 30.15 6.45 0
46 30.25 6.45 0
47 30.45 6.45 0
53 30.65 6.45 135
57 30.65 6.45 90
58 30.65 7.65 90
59 30.65 8.15 90
60 30.65 9.05 90
61 30.65 9.35 90
62 30.65 10.25 90
63 30.65 10.75 90
64 30.65 11.55 90
65 30.65 12.05 90
66 30.65 12.35 90
67 30.65 13.15 90
68 30.65 14.55 90
69 30.65 15.15 90
70 30.65 15.65 90
71 30.65 15.95 90
72 30.65 16.45 90
73 30.65 17.15 90
74 30.65 18.85 90
75 30.65 20.05 90
76 30.65 20.75 90
77 30.65 21.95 90
78 30.65 22.25 90
79 30.65 22.45 90
80 30.75 22.95 90
81 30.75 23.35 90
82 30.75 23.75 90
83 30.75 24.45 90
84 30.75 25.35 90
85 30.75 26.45 90
86 30.85 27.25 90
87 30.85 28.85 90
88 30.85 29.85 90
89 30.85 30.75 90
90 30.85 30.85 90
91 30.85 31.95 90
92 30.85 32.95 90
93 30.85 33.25 90
94 31.05 33.85 90
95 31.05 34.85 90
96 31.05 36.15 90
97 31.05 36.65 90
98 31.05 38.05 90
99 31.05 38.65 90
105 31.05 38.65 180
108 31.05 38.65 270
109 31.05 38.65 270
110 31.05 38.15 270
111 31.05 37.65 270
112 31.05 36.95 270
113 31.05 35.85 270
114 31.05 35.55 270
115 31.05 35.25 270
116 31.05 35.15 270
117 31.05 35.35 270
118 31.05 34.95 270
119 31.05 34.25 270
120 31.05 33.35 270
121 31.05 32.75 270
122 31.05 31.45 270
123 31.05 29.95 270
124 31.05 29.95 270
125 31.05 29.75 270
126 31.05 29.55 270
127 31.05 29.25 270
128 31.05 29.05 270
129 31.05 28.95 270
130 31.05 28.75 270
131 31.05 28.35 270
132 31.05 28.15 270
133 31.05 28.05 270
134 31.05 27.95 270
135 31.05 27.85 270
136 31.05 27.65 270
137 31.05 27.55 270
138 31.05 27.45 270
139 31.05 27.35 270
140 31.05 27.35 270
141 31.05 27.25 270
142 31.05 27.15 270
143 31.05 26.65 270
144 31.05 26.05 270
145 31.05 25.45 270
146 31.05 24.35 270
147 31.05 23.55 270
148 31.05 23.35 270
149 31.05 22.95 270
150 31.05 22.15 270
151 31.05 21.35 270
152 31.05 20.05 270
153 31.05 19.45 270
154 31.35 18.15 270
155 31.35 18.05 270
156 31.15 16.15 270
157 31.05 14.95 270
158 31.05 14.15 270
159 31.05 13.55 270
160 31.05 12.65 270
161 31.05 12.25 270
162 31.05 11.45 270
163 31.05 11.05 270
164 31.05 9.95 270
165 31.05 9.15 270
166 31.05 8.45 270
167 31.05 8.35 270
168 31.05 8.25 270
169 31.05 8.15 270
170 31.05 8.05 270
171 31.05 7.95 270
172 31.05 7.85 270
173 31.05 7.65 270
174 31.05 7.55 270
175 31.05 7.45 270
176 31.05 7.05 270
177 31.05 6.95 270
178 31.05 6.85 270
179 31.05 6.75 270
180 31.05 6.65 270
183 31.05 6.65 225
184 30.75 6.65 225
185 30.75 6.65 180
186 30.75 6.65 180
187 30.05 6.45 180
188 28.45 6.35 180
190 27.05 6.05 180
191 26.65 6.05 180
192 26.25 6.05 180
194 25.45 6.25 180
195 24.75 6.25 180
196 24.25 6.35 180
197 23.85 6.35 180
198 23.65 6.35 180
199 23.35 6.45 180
200 22.75 6.55 180
201 22.55 6.65 180
202 22.35 6.65 180
203 21.75 6.65 180
204 20.85 6.85 180
205 19.95 6.95 180
212 19.75 7.05 45
213 19.75 7.15 90
214 20.05 7.15 90
215 20.05 7.25 90
216 20.05 7.75 90
217 20.05 10.35 90
218 20.15 14.35 90
219 20.15 15.55 90
220 20.15 16.75 90
221 19.95 17.35 90
222 19.95 18.05 90
223 19.95 19.55 90
224 19.95 20.15 90
225 19.75 21.15 90
226 19.55 22.25 90
227 19.45 23.35 90
229 19.55 24.05 90
230 19.55 23.95 90
231 19.55 24.05 90
236 19.75 24.05 0
237 19.75 24.05 0
271 19.85 34.95 0
275 19.85 34.95 315
276 19.85 34.95 315
277 19.85 34.95 315
278 19.85 34.95 315
279 19.85 34.95 270
280 19.65 34.55 270
281 19.65 33.55 270
282 19.65 31.65 270
283 19.65 31.25 270
284 19.65 31.35 270
285 19.65 31.05 270
286 19.65 31.15 270
287 19.65 31.35 270
288 19.65 31.15 270
289 19.65 31.15 270
290 19.65 31.15 270
291 19.65 30.85 270
292 19.65 30.85 270
293 19.65 30.55 270
294 19.65 30.45 270
295 19.65 29.75 270
296 19.65 29.65 270
297 19.65 29.35 270
298 19.65 28.35 270
299 19.65 26.35 270
300 19.65 26.15 270
301 19.85 24.85 270
302 19.85 23.75 270
303 19.85 22.45 270
304 19.85 21.85 270
305 19.85 20.75 270
306 19.85 20.05 270
307 19.85 18.85 270
308 19.85 18.65 270
309 19.85 18.35 270
310 19.85 18.35 270
311 19.85 18.35 270
312 19.85 17.75 270
313 19.85 17.75 270
314 19.85 17.65 270
315 19.85 15.05 270
316 19.85 14.75 270
317 19.85 12.95 270
318 19.95 12.75 270
319 20.25 11.75 270
320 20.25 11.65 270
322 20.25 11.35 270
323 20.25 11.35 270
324 20.25 11.15 270
325 20.25 10.65 270
326 20.05 9.25 270
327 20.05 9.20 270
328 20.05 8.45 270
329 20.05 8.35 270
330 19.95 8.25 270
331 19.95 8.15 270
333 19.95 7.95 270
334 19.95 7.85 270
335 19.95 7.75 270
337 19.95 7.55 270
338 19.95 7.45 270
340 19.95 7.25 270
341 19.95 7.15 270
342 19.95 7.05 270
344 19.95 6.95 270
345 19.95 6.85 270
346 19.95 6.85 270
347 19.95 6.75 270
349 19.95 6.73 270
350 19.95 6.71 270
351 19.95 6.69 270
352 19.95 6.67 270
353 19.95 6.65 270
354 19.95 6.63 270
355 19.95 6.61 270
356 19.95 6.59 270
357 19.95 6.57 270
385 19.55 6.15 135
386 19.55 6.25 180
387 18.95 6.35 180
388 18.35 6.35 180
389 17.75 6.35 180
390 17.15 6.35 180
391 16.55 6.35 180
392 16.25 6.35 180
393 15.15 6.35 180
394 14.85 6.25 180
395 14.55 6.25 180
396 14.45 6.25 180
397 14.15 6.25 180
398 13.75 6.25 180
399 13.65 6.25 180
400 13.15 6.25 180
401 12.85 6.25 180
402 11.95 6.25 180
403 11.85 6.25 180
405 11.55 6.25 180
406 11.35 6.25 180
407 10.95 6.25 180
408 10.75 6.25 180
409 10.45 6.25 180
410 9.95 6.25 180
411 9.85 6.25 180
412 9.95 6.15 180
413 9.85 6.15 180
414 9.65 6.15 180
415 9.45 6.15 180
416 9.25 6.15 180
417 9.25 6.15 180
418 8.85 6.15 180
419 8.55 6.15 180
420 8.25 6.15 180
421 8.15 6.15 180
428 8.15 6.15 90
431 8.15 6.15 45
432 8.15 6.15 45
433 8.15 6.15 45
434 8.15 6.15 45
435 8.15 6.15 45
439 8.15 6.15 0
440 8.55 6.15 0
441 9.05 6.15 0
442 9.15 6.15 0
443 9.85 6.15 0
445 10.25 6.15 0
446 10.85 6.15 0
447 11.35 6.15 0
448 13.05 6.15 0
449 14.65 6.15 0
450 15.25 6.15 0
451 15.25 6.15 0
452 16.25 6.25 0
453 17.25 6.25 0
454 17.45 6.25 0
455 18.05 6.35 0
456 18.35 6.35 0
457 18.55 6.35 0
458 19.05 6.35 0
459 19.25 6.35 0
460 19.35 6.35 0
513 19.55 6.35 135
515 19.55 6.35 90
523 19.55 6.35 45
524 19.55 6.35 45
525 19.55 6.35 45
527 19.55 6.35 45
528 19.55 6.35 45
529 19.55 6.35 45
530 19.55 6.35 45
531 19.55 6.35 45
532 19.55 6.35 45
533 19.55 6.35 45
540 19.55 6.35 45
548 19.55 6.35 315
549 19.95 6.05 0
550 20.35 6.05 0
551 20.75 6.05 0
552 21.25 6.05 0
553 21.95 6.05 0
559 21.95 6.05 270
560 21.95 6.05 270
561 22.05 5.45 270
562 22.05 4.75 270
563 22.05 4.55 270
564 22.05 4.55 270
565 22.05 4.25 270
566 22.05 4.15 270
572 22.05 3.85 135
573 22.05 3.85 135
575 22.05 3.85 225
576 8.90 6.10 180
577 8.60 6.10 180
578 8.40 6.10 180
579 8.20 6.10 180
580 7.90 6.40 158
581 7.50 6.70 158
582 7.10 6.70 158
583 6.90 6.80 158
584 6.80 6.80 158
590 6.70 6.80 90
591 6.70 6.90 90
592 6.70 6.90 100
593 6.70 7.10 110
594 6.60 7.20 110
595 6.50 7.40 110
596 6.60 7.80 110
597 6.60 7.90 110
598 6.10 8.20 110
599 6.10 8.20 110
600 6.10 8.50 90
601 6.10 8.70 90
602 6.10 9.30 90
603 6.10 10.00 90
604 6.10 10.30 90
605 6.10 10.80 90
606 6.10 11.10 90
607 6.10 11.40 90
608 6.10 12.00 90
609 5.90 12.20 90
610 5.90 12.20 90
611 5.90 12.40 90
612 5.90 12.90 90
613 6.00 13.00 90
614 6.00 13.40 90
615 6.00 13.50 90
616 6.00 13.50 90
617 6.00 14.20 90
618 6.00 14.50 90
619 6.00 14.70 90
620 6.00 14.90 90
621 6.00 15.60 90
622 6.00 16.10 90
623 6.00 16.40 90
624 6.00 16.50 90
625 6.00 16.60 90
626 6.00 17.20 90
627 6.00 17.60 90
628 6.00 18.10 90
629 6.00 18.30 90
630 6.00 18.70 90
631 6.00 19.40 90
632 6.00 19.60 90
633 6.00 20.30 90
634 6.00 20.30 90
635 6.00 20.40 90
636 6.20 20.80 90
637 6.20 20.90 90
638 6.20 21.60 90
639 6.20 22.40 90
640 6.20 23.00 90
641 6.20 23.00 90
642 6.10 23.20 90
643 6.10 23.40 90
644 6.10 23.70 90
645 6.10 24.00 90
646 6.10 24.30 90
647 6.10 24.70 90
648 6.10 25.00 90
649 6.10 26.20 90
650 6.10 26.40 90
651 6.10 26.80 90
652 6.10 27.10 90
653 6.10 27.90 90
654 6.10 28.70 90
655 6.10 29.20 90
656 6.10 29.50 90
657 6.10 30.00 90
658 6.10 30.10 90
659 6.10 30.80 90
660 6.10 31.30 90
661 6.10 31.70 90
662 6.10 32.20 90
663 6.10 33.20 90
664 6.10 33.40 90
665 6.10 33.40 90
666 6.10 33.60 90
667 6.10 34.20 90
668 6.20 34.60 90
669 6.20 34.80 90
670 6.20 34.90 90
671 6.20 35.20 90
672 6.10 35.30 90
673 6.10 35.40 90
674 6.10 35.60 90
675 6.10 35.60 90
676 6.10 35.80 90
677 6.10 36.00 90
678 6.10 36.70 90
679 6.10 36.70 90
680 6.10 36.90 90
681 6.10 37.10 90
682 6.10 37.20 90
683 6.10 37.20 90
684 6.10 37.20 90
685 6.10 37.60 90
686 6.10 37.90 90
687 6.10 38.10 90
688 6.10 38.30 90
689 6.10 38.40 90
690 6.10 38.60 90
691 6.10 38.80 90
692 6.10 39.20 90
693 6.10 39.50 90
694 6.10 39.80 90
695 6.10 40.30 90
696 6.10 40.50 90
697 6.10 40.90 90
698 6.10 41.30 90
699 6.10 41.90 90
700 6.10 42.20 90
701 6.10 42.30 90
702 6.10 42.60 90
703 6.10 43.00 90
704 6.10 43.00 90
705 6.10 43.10 90
706 6.10 42.90 90
707 6.10 42.90 90
708 6.10 43.00 90
713 6.10 43.00 45
714 6.10 43.20 0
715 6.10 43.20 0
717 6.40 43.20 0
718 6.70 43.90 0
719 7.10 43.90 0
720 7.60 43.90 0
721 8.40 43.90 0
722 9.10 43.90 0
723 9.70 43.90 0
724 9.90 43.90 0
725 10.40 43.90 0
726 11.10 43.90 0
727 11.80 43.80 0
728 11.80 43.80 0
729 11.80 43.80 0
730 12.20 43.80 0
731 13.80 43.80 0
732 13.80 43.80 0
733 13.80 43.80 0
734 14.00 43.80 0
735 14.50 43.80 0
736 15.20 43.80 0
737 15.70 43.70 0
738 16.70 43.60 0
739 17.40 43.60 0
740 17.80 43.70 0
741 18.20 43.70 0
742 18.30 43.90 0
743 18.50 43.90 0
744 18.60 43.90 0
745 18.50 43.90 0
746 18.40 43.90 0
747 18.50 43.90 0
748 18.50 43.90 0
749 18.60 43.90 315
750 17.75 43.55 315
759 18.55 43.55 0
760 19.15 43.55 0
764 19.35 43.55 315
766 19.35 43.55 315
767 19.35 43.55 270
771 19.35 43.55 0
772 20.25 43.55 0
773 20.65 43.55 0
774 20.85 43.55 0
775 21.95 43.55 0
777 22.25 43.55 0
779 23.75 43.65 0
780 24.25 43.85 0
781 25.05 43.75 0
782 25.15 43.75 0
783 25.05 43.75 0
784 25.35 44.05 0
785 25.75 44.05 0
786 26.05 44.05 0
787 26.35 44.05 0
788 27.25 44.05 0
789 28.25 44.05 0
790 28.85 44.05 0
791 29.35 44.05 0
792 29.75 44.05 0
793 30.05 44.05 0
794 30.05 44.05 0
795 30.65 44.05 0
796 30.75 44.05 0
797 30.85 44.05 0
798 30.65 44.05 0
799 30.45 44.05 0
800 30.65 44.05 0
801 30.95 44.05 0
808 30.95 44.05 180
810 30.75 44.05 225
812 30.75 44.05 225
814 30.75 44.05 225
815 30.75 44.05 225
817 30.75 44.05 270
818 30.75 44.05 270
819 30.75 43.35 270
820 30.75 42.75 270
821 30.75 42.65 270
822 30.75 42.05 270
823 30.75 41.75 270
824 30.75 41.55 270
825 31.05 40.85 270
826 31.05 40.85 225
827 31.05 40.35 270
830 31.05 39.95 270
831 31.10 37.55 90
832 31.10 38.35 90
833 31.10 39.15 90
834 31.10 39.85 90
835 31.10 39.85 90
836 31.10 40.35 90
837 31.10 40.75 90
838 31.10 41.25 90
839 31.00 41.45 90
840 31.00 41.45 90
841 31.00 41.85 90
842 31.00 42.25 90
847 31.00 42.85 180
848 31.00 42.85 180
849 30.60 43.05 180
850 30.40 43.15 180
851 30.00 43.15 135
852 29.80 43.05 135
853 28.60 43.25 135
854 28.00 43.45 180
855 27.80 43.45 180
856 27.80 43.45 180
857 27.80 43.45 135
859 26.70 43.65 180
860 26.60 43.65 180
861 26.30 43.75 180
862 25.50 43.75 180
863 25.20 43.75 180
865 24.60 43.75 180
866 23.60 43.75 180
867 22.80 43.75 180
868 22.60 43.75 180
869 22.30 43.75 180
870 22.00 43.75 180
871 21.30 43.75 180
872 21.00 43.75 180
873 20.90 43.75 180
874 20.70 43.75 180
875 20.50 43.75 180
876 20.30 43.75 180
877 20.30 43.65 180
878 19.40 43.65 180
879 19.20 43.65 180
880 18.00 43.65 180
881 17.60 43.65 180
882 16.80 43.65 180
883 16.00 43.65 180
884 15.20 43.65 180
885 14.40 43.65 180
886 13.70 43.65 180
887 13.70 43.65 180
888 13.20 43.65 180
889 12.30 43.75 180
890 11.70 43.75 180
891 11.70 43.75 180
892 11.20 43.75 180
893 10.00 43.80 180
894 8.70 43.90 180
895 8.00 43.90 180
896 7.80 43.90 180
897 7.20 43.90 180
898 7.00 43.90 180
899 6.80 43.90 180
900 6.70 43.90 180
901 6.60 43.90 180
902 6.50 43.90 180
903 6.30 43.90 180
904 6.10 43.90 180
934 6.00 43.90 225
935 6.00 43.90 225
936 6.00 43.90 270
938 6.00 43.70 270
939 6.00 43.30 270
940 6.10 41.35 270
941 6.20 40.65 270
942 6.20 40.65 270
943 6.20 39.85 270
944 6.20 39.55 270
945 6.20 39.25 270
946 6.20 38.45 270
947 6.20 38.45 270
948 6.20 38.05 270
949 6.10 38.35 270
950 6.10 38.25 270
951 6.10 37.75 270
952 6.10 37.25 270
953 6.10 37.05 270
954 6.10 36.75 270
955 6.10 36.55 270
956 6.10 36.15 270
957 6.10 35.75 270
958 6.10 35.15 270
959 6.10 34.75 270
960 6.10 33.95 270
961 6.10 33.15 270
962 6.10 32.55 270
963 6.10 32.05 270
964 6.00 30.85 270
965 6.00 30.65 270
966 6.00 30.25 270
967 6.00 29.05 270
968 6.00 28.55 270
969 6.00 27.75 270
970 6.00 27.35 270
971 6.00 26.45 270
972 6.00 25.75 270
973 6.00 24.95 270
974 5.90 24.25 270
975 6.00 24.25 270
976 6.00 24.55 270
977 6.00 24.35 270
978 6.00 24.05 270
979 6.00 23.25 270
980 6.00 22.75 270
981 6.00 22.35 270
982 6.00 21.65 270
983 6.00 20.35 270
984 6.00 20.15 270
985 6.00 20.15 270
986 6.00 19.75 270
987 6.00 19.55 270
988 6.00 19.35 270
989 6.00 19.15 270
990 6.00 18.75 270
991 6.00 18.35 270
992 6.00 17.85 270
993 6.00 17.15 270
994 6.00 17.15 270
995 6.00 16.75 270
996 6.00 16.45 270
997 6.00 16.35 270
998 6.00 16.75 270
999 6.00 16.65 270
1000 6.00 16.55 270
1001 6.00 16.35 270
1002 6.00 16.25 270
1003 6.00 16.05 270
1004 6.00 15.25 270
1005 6.00 15.05 270
1006 6.00 15.05 270
1007 6.00 15.05 270
1008 6.00 14.85 270
1009 6.00 14.45 270
1010 6.00 14.15 270
1011 6.00 14.05 270
1012 6.00 13.75 270
1013 6.00 13.55 270
1014 6.00 13.35 270
1015 6.00 12.65 270
1016 6.00 12.05 270
1017 6.00 12.05 270
1018 6.00 11.65 270
1019 6.00 11.05 270
1020 6.00 10.85 270
1021 6.00 10.85 270
1022 6.00 10.65 270
1023 6.00 10.45 270
1024 6.00 10.25 270
1025 6.00 9.65 270
1026 6.00 9.25 270
1027 6.00 9.45 270
1028 6.00 9.35 270
1029 6.00 9.35 270
1030 6.00 9.35 270
1031 6.00 9.35 270
1032 6.00 9.05 270
1033 6.00 8.85 270
1034 6.00 8.65 270
1035 6.00 8.45 270
1036 5.90 8.15 270
1037 5.90 8.15 270
1038 5.90 8.05 270
1072 6.00 7.35 270
1075 6.00 7.35 270
1076 6.00 7.35 270
1077 6.00 7.35 270
1078 6.00 7.35 315
1079 6.00 7.35 315
1080 6.40 7.35 315
1081 6.80 7.15 315
1082 6.70 6.95 315
1083 6.60 6.95 315
1084 7.00 6.75 315
1085 7.00 6.55 0
1086 7.10 6.55 0
1087 22.10 6.40 180
1088 22.10 5.85 180
1089 22.10 5.85 0
1090 22.10 6.85 0
1091 22.10 6.85 180
1092 30.90 6.45 0
1093 30.90 6.45 270
1094 30.90 6.45 180
1095 30.90 5.85 180
1096 30.90 7.05 180
1097 30.30 7.05 90
1098 31.60 7.05 90
1099 31.00 7.05 90
1100 31.00 9.75 90
1101 31.00 9.75 270
1102 31.60 9.75 270
1103 31.60 9.75 90
1104 30.30 9.75 90
1105 30.30 9.75 270
1106 31.70 17.75 90
1107 31.70 17.75 270
1108 31.00 17.75 270
1109 31.00 17.75 90
1110 30.30 17.75 90
1111 30.30 17.75 270
1112 31.60 22.55 90
1113 31.60 22.55 270
1114 30.90 22.55 270
1115 30.90 22.55 90
1116 30.20 22.55 90
1117 30.20 22.55 270
1118 31.70 25.95 90
1119 31.70 25.95 270
1120 31.00 25.95 270
1121 31.00 25.95 90
1122 30.30 25.95 90
1123 30.30 25.95 270
1124 30.30 27.85 90
1125 30.30 27.85 270
1126 30.90 27.85 270
1127 30.90 27.85 90
1128 30.90 27.85 90
1129 31.60 27.85 270
1130 31.70 38.35 90
1131 31.70 38.35 90
1132 31.00 38.35 90
1133 31.00 38.35 90
1134 31.00 38.35 270
1135 30.20 38.35 270
1136 30.20 38.35 90
1137 31.50 41.20 90
1138 31.00 41.20 90
1139 31.00 41.20 90
1140 30.40 41.20 90
1141 30.40 41.20 270
1142 31.00 41.20 270
1143 31.50 41.20 270
1144 31.30 44.40 90
1145 31.30 44.40 180
1146 31.00 44.40 270
1147 31.00 44.40 225
1148 31.00 44.40 315
1149 23.00 44.40 270
1150 23.00 44.40 180
1151 23.00 44.40 90
1152 23.00 44.40 0
1153 23.00 44.40 180
1154 20.00 44.40 225
1155 20.00 44.40 270
1156 20.00 44.40 315
1157 20.00 44.40 0
1158 20.00 44.40 90
1159 22.00 4.00 90
1160 22.00 4.60 90
1161 22.10 5.40 90
1162 22.10 6.30 90
1163 20.00 6.25 45
1164 20.00 6.25 0
1165 23.95 6.30 180
1166 23.95 6.30 135
1167 22.05 6.40 270
1168 22.05 4.90 270
1169 22.05 4.30 270
1170 22.05 4.10 270
1171 20.00 41.35 270
1172 19.40 41.35 270
1173 20.50 41.35 270
1174 20.50 41.35 90
1175 20.00 41.35 90
1176 19.40 41.35 90
1177 20.70 28.45 270
1178 20.00 28.45 270
1179 19.30 28.45 270
1180 19.30 28.45 90
1181 20.00 28.45 90
1182 20.70 28.45 90
1183 19.30 26.30 270
1184 20.00 26.30 270
1185 20.70 26.30 270
1186 20.70 26.30 90
1187 20.00 26.30 90
1188 19.30 26.30 90
1189 19.35 22.40 270
1190 19.95 22.40 270
1191 20.75 22.40 270
1192 20.75 22.40 90
1193 20.05 22.40 90
1194 19.35 22.40 90
1195 19.30 18.35 270
1196 20.00 18.35 270
1197 20.70 18.35 270
1198 20.70 18.35 90
1199 20.00 18.35 90
1200 19.30 18.35 90
1201 19.30 9.85 270
1202 20.00 9.85 270
1203 20.70 9.85 270
1204 20.70 9.85 90
1205 20.00 9.85 90
1206 19.30 9.85 90
1207 22.05 4.10 90
1208 22.05 4.30 90
1209 22.05 4.40 90
1210 22.05 4.50 90
1211 22.05 4.70 90
1212 22.05 4.80 90
1213 22.05 4.90 90
1214 22.05 5.00 90
1215 22.05 5.10 90
1216 22.05 5.20 90
1217 22.05 5.30 90
1218 22.05 5.40 90
1219 22.05 5.50 90
1220 22.05 5.60 90
1221 22.05 5.70 90
1222 22.05 5.80 90
1223 22.05 5.90 90
1224 22.05 6.00 90
1225 22.05 6.10 90
1226 22.05 6.20 90
1227 22.05 6.30 90
1228 22.05 6.30 90
1229 22.05 6.30 90
1230 22.05 6.40 90
1231 22.05 6.40 135
1232 22.05 6.40 180
1233 21.85 6.40 180
1234 20.65 6.40 180
1235 20.25 6.40 180
1236 19.75 6.40 180
1237 19.65 6.40 180
1238 18.95 6.40 180
1239 18.45 6.40 180
1240 17.95 6.40 180
1241 16.75 6.40 180
1242 15.55 6.40 180
1243 14.95 6.40 180
1244 14.35 6.40 180
1245 13.95 6.40 180
1246 13.85 6.40 180
1247 13.30 6.45 0
1248 13.30 6.45 0
1249 14.50 6.45 0
1250 15.10 6.45 0
1251 16.40 6.45 0
1252 17.30 6.45 0
1253 17.70 6.45 0
1254 17.90 6.45 0
1255 18.60 6.45 0
1256 19.40 6.45 0
1257 19.70 6.45 0
1258 19.90 6.45 0
1259 20.40 6.35 0
1260 20.80 6.35 0
1261 20.70 6.25 0
1262 20.90 6.25 0
1263 21.20 6.25 0
1264 21.60 6.25 0
1265 22.00 6.25 0
1266 22.00 6.05 135
1267 22.00 6.05 135
1268 22.00 6.05 180
1269 22.00 6.05 135
1270 22.00 6.05 135
1271 22.00 6.05 135
1272 22.00 6.05 135
1273 22.00 6.05 135
1274 22.00 6.05 135
1275 22.00 6.05 135
1276 22.00 6.05 135
1277 22.00 6.05 135
1278 22.00 6.05 90
1279 22.00 6.05 90
1280 22.00 6.05 90
1281 22.00 6.05 45
1282 22.00 6.05 45
1283 22.00 6.05 45
1284 22.00 6.05 135
1285 22.20 6.15 225
1286 22.20 6.15 225
1287 22.20 6.15 180
1288 20.10 25.85 90
1289 20.10 27.45 90
1290 20.00 28.40 90
1291 20.00 28.50 90
1292 20.15 29.30 90
1293 20.15 29.40 90
1294 20.15 29.70 90
1295 20.15 30.20 90
1296 20.15 30.50 90
1297 20.15 31.00 90
1298 20.15 31.50 90
1299 20.15 32.00 90
1300 20.15 32.50 90
1301 20.15 32.70 90
1302 20.15 32.90 90
1303 20.15 33.50 90
1304 20.15 34.00 90
1305 20.15 34.50 90
1306 20.05 35.65 90
1307 20.05 37.10 90
1308 20.10 38.35 90
1309 19.95 38.85 90
1310 19.95 39.60 90
1311 19.90 40.25 90
<<<<<<< HEAD
1312 19.90 40.70 90
1313 19.90 41.35 90
1314 19.90 41.55 90
1315 19.90 41.55 45
=======
1312 19.90 40.40 90
1313 19.90 40.75 90
1314 19.90 40.95 90
1315 19.90 40.95 45
1316 6.05 14.35 90
1317 6.05 14.35 180
1318 6.05 14.35 135
1319 6.05 14.35 225
1320 6.05 14.35 270
1321 6.05 14.35 315
1322 6.05 14.35 0
1323 6.55 14.30 90
1324 6.55 14.30 180
1325 6.55 14.30 225
1326 6.55 14.30 270
1327 5.45 14.30 315
1328 5.45 14.30 45
1329 6.00 20.45 90
1330 6.00 20.45 135
1331 6.00 20.45 180
1332 6.00 20.45 225
1333 6.00 20.45 270
1334 6.00 20.45 315
1335 6.00 20.45 0
1336 6.00 20.45 45
1337 6.55 20.40 135
1338 6.55 20.40 225
1339 5.35 20.40 315
1340 5.35 20.40 45
1341 6.00 26.45 90
1342 6.00 26.45 135
1343 6.00 26.45 180
1344 6.00 26.45 225
1345 6.00 26.45 270
1346 6.00 26.45 315
1347 6.00 26.45 0
1348 6.00 26.45 45
1349 6.65 26.55 135
1350 6.65 26.55 225
1351 5.45 26.50 315
1352 5.45 26.50 45
1353 5.95 32.60 90
1354 5.95 32.60 270
1355 5.95 32.60 90
1356 5.95 32.60 135
1357 5.95 32.60 180
1358 5.95 32.60 225
1359 5.95 32.60 315
1360 5.95 32.60 0
1361 5.95 32.60 45
1362 5.95 32.60 45
1363 6.55 32.65 135
1364 6.55 32.65 225
1365 5.40 32.70 315
1366 5.40 32.70 45
1367 6.00 38.60 90
1368 6.00 38.60 135
1369 6.00 38.60 180
1370 6.00 38.60 225
1371 6.00 38.60 270
1372 6.00 38.60 315
1373 6.00 38.60 0
1374 6.00 38.60 45
1375 6.55 38.70 135
1376 6.55 38.70 225
1377 5.35 38.65 315
1378 5.35 38.65 45
1379 6.10 41.80 0
1380 6.10 41.80 45
1381 6.10 42.70 90
1382 6.60 43.20 90
1383 7.15 44.00 45
1384 7.15 44.00 0
1385 7.15 44.00 90
1386 7.05 46.50 45
1387 7.05 46.50 315
1388 7.05 46.50 270
1389 7.05 46.50 180
1390 7.05 46.50 0
1391 7.05 48.45 90
1392 7.05 48.45 45
1393 7.05 48.45 0
1394 7.05 48.45 315
1395 7.05 48.45 270
1396 6.85 50.30 90
1397 6.85 50.30 45
1398 6.85 50.30 0
1399 6.85 50.30 315
1400 6.85 50.30 270
1401 8.30 50.25 90
1402 8.30 50.25 45
1403 8.30 50.25 0
1404 8.30 50.25 315
1405 8.30 50.25 270
1406 8.40 46.50 0
1407 8.40 46.50 315
1408 8.40 46.50 270
1409 8.40 46.50 225
1410 8.40 46.50 45
1411 8.40 46.50 90
1412 8.40 46.50 90
1413 12.10 43.05 45
1414 12.10 43.05 0
1415 12.10 43.05 90
1416 12.10 43.05 135
1417 12.10 43.05 180
1418 15.10 43.10 0
1419 15.10 43.10 45
1420 15.10 43.10 270
1421 15.10 43.10 90
1422 15.10 43.10 135
1423 15.10 43.10 180
1424 13.45 44.10 315
1425 16.30 44.40 225
>>>>>>> origin/master
