1802
1803
1804
1805
1806
1807
1808
1809
1810
1811
1812
1813
1814
1815
1816
1817
1818
1819
1820
1821
1823
1824
1825
1826
1827
1828
1829
1830
1831
1832
1833
1834
1835
1836
1837
1838
1839
1840
1841
1842
1843
1844
1846
1847
1848
1849
1850
1851
1852
1853
1854
1855
1856
1857
1858
1859
1860
1861
1862
1865
1869
1864
1866
1867
1868
1870
1871
1872
1873
1874
1875
1876
1877
1878
1879
1880
1881
1883
1884
1885
1886
1887
1888
1889
1890
1891
1892
1893
1894
1895
1896
1898
1899
1900
1901
1902
1904
1905
1906
1907
1908
1909
1910
1911
1912
1914
1915
1916
1917
1918
1919
1920
1921
1922
1923
1924
1925
1926
1927
1929
1930
1931
1932
1933
1934
1935
1936
1937
1938
1939
1941
1942
1943
1944
1945
1946
1947
1949
1950
1951
1952
1953
1954
1955
1956
1957
1958
1961
1960
1962
1963
1964
1965
1966
1967
1968
1969
1970
1971
1972
1974
1975
1976
1977
1978
1979
1980
1981
1982
1983
1984
1985
1987
1988
1989
1990
1991
1992
1993
1994
1995
1997
1998
1999
2000
2001
2002
2003
2004
2005
2006
2007
2008
2010
2011
2012
2013
2014
2015
2016
2017
2018
2019
2020
2021
2022
2023
2024
2026
2027
2028
2029
2030
2031
2032
2033
2034
2035
2036
2037
2042
2043
2044
2050
2052
2055
2056
2057
2058
2059
2060
2061
2062
2063
2064
2066
2067
2068
2069
2070
2072
2073
2075
2076
2077
2078
2079
2080
2081
2094
2095
2096
2097
2098
2099
2100
2101
2102
2103
2104
2105
2107
2108
2109
2110
2111
2112
2113
2114
2115
2116
2117
2118
2120
2121
2122
2123
2124
2125
2126
2127
2128
2129
2130
2131
2133
2134
2135
2136
2137
2138
2139
2140
2141
2142
2143
2144
2145
2146
2148
2149
2150
2151
2152
2153
2154
2155
2156
2157
2159
2160
2161
2162
2163
2164
2166
2167
2168
2169
2170
2171
2172
2173
2175
2176
2177
2178
2179
2180
2181
2183
2184
2185
2186
2187
2188
2189
2190
2192
2193
2194
2195
2196
2197
2199
2200
2201
2202
2203
2204
2205
2206
2208
2209
2210
2211
2234
2241
2213
2214
2215
2216
2217
2218
2219
2220
2221
2222
2223
2224
2225
2226
2227
2230
2231
2232
2233
2235
2236
2237
2238
2239
2240
2242
2243
2244
2245
2246
2247
2248
2253
2254
2255
2256
2257
2258
2259
2260
2261
2262
2263
2264
2265
2266
2267
2268
2269
2270
2271
2272
2296
2252
2298
2299
2300
2301
2304
2273
2277
2278
2279
2280
2281
2282
2283
2284
2285
2286
2287
2288
2289
2290
2313
2291
2293
2307
2310
2311
2314
2315
2316
2323
2292
2312
2317
2318
2319
2320
2321
2322
2302
2303
2305
2306
2308
2309
2324
2297
2326
2327
2328
2329
2330
2331
2332
2333
2334
2335
2336
2337
2338
2339
2340
2341
2342
2343
2344
2345
2346
2347
2348
2349
2350
2351
2372
2373
2374
2353
2354
2355
2356
2357
2358
2359
2360
2361
2362
2363
2364
2365
2366
2367
2368
2369
2370
2371
2375
2376
2377
2378
2379
2380
2381
2382
2383
2384
2388
2389
2390
2391
2392
2393
2394
2395
2387
2397
2398
2399
2400
2401
2402
2403
2404
2405
2406
2407
2408
2411
2412
2413
2416
2417
2418
2419
2420
2421
2422
2423
2424
2415
2425
2426
2427
2428
2429
2430
2431
2432
2433
2434
2435
2436
2437
2438
2439
2440
2441
2442
2443
2444
2446
2447
2448
2449
2450
2451
2452
2453
2454
2455
2456
2457
2458
2459
2460
2461
2462
2463
2464
2465
2466
2467
2468
2469
2470
2471
2472
2473
2474
2475
2476
2480
2481
2482
2483
2484
2485
2486
2487
2488
2489
2490
2491
2492
2493
2494
2495
2496
2497
2498
2499
2500
2501
2502
2503
2479
2505
2506
2507
2508
2509
2510
2512
2513
2514
2515
2516
2517
2519
2520
2521
2522
2524
2525
2526
2527
2529
2530
2532
2534
2567
2568
2569
2578
2579
2580
2581
2582
2583
2585
2587
2588
2591
2592
2595
2596
2597
2598
2599
2600
2601
2602
2606
2608
2609
2613
2614
2615
2616
2617
2618
2619
2620
2611
2612
2621
2622
2623
2624
2625
2626
2627
2629
2630
2631
2632
2633
2634
2635
2637
2638
2639
2640
2641
2644
2645
2646
2647
2649
2650
2652
2653
2655
2657
2658
2659
2660
2661
2662
2663
2664
2665
2667
2668
2669
2670
2671
2672
2674
2675
2676
2678
2679
2680
2682
2683
2684
2685
2686
2687
2688
2691
2692
2693
2694
2695
2696
2697
2698
2700
2701
2703
2704
2705
2706
2707
2708
2709
2710
2712
2713
2715
2717
2718
2726
2720
2721
2722
2723
2731
2725
2727
2728
2729
2730
2732
2733
2734
2735
2737
2738
2739
2741
2742
2743
2744
2746
2747
2748
2749
2750
2752
2753
2754
2755
2756
2757
2758
2759
2760
2761
2762
2763
2764
2765
2767
2768
2769
2770
2771
2772
2773
2774
2776
2777
2782
2784
2786
2787
2789
2790
2791
2792
2793
2794
2795
2797
2802
2805
2808
2812
2814
2815
2816
2817
2818
2821
2823
2824
2825
2826
2827
2828
2832
2833
2834
2835
2836
2837
2838
2839
2840
2841
2842
2843
2844
2845
2846
2847
2848
2849
2850
2851
2852
2853
2854
2855
2856
2857
2858
2859
2860
2861
2862
2864
2865
2867
2866
2868
2869
2870
2871
2873
2874
2875
2876
2877
2878
2879
2880
2881
2882
2883
2884
2885
2887
2888
2889
2890
2891
2893
2894
2895
2896
2897
2898
2899
2900
2901
2903
2904
2905
2906
2907
2908
2909
2913
2914
2915
2916
2917
2918
2919
2920
2921
2922
2923
2924
2925
2926
2927
2928
2929
2911
2912
2931
2932
2934
2935
2936
2937
2938
2939
2940
2941
2942
2943
2944
2945
2946
2947
2948
2949
2950
2951
2952
2953
2954
2955
2956
2957
2959
2958
2960
2962
2963
2964
2965
2966
2967
2968
2969
2970
2971
2972
2973
2974
2975
2976
2977
2978
2983
2980
2981
2982
2984
2985
2986
2987
2988
2989
2990
2991
2992
2993
2994
2995
2996
2997
2998
2999
3000
3001
3002
3004
3006
3005
3007
3010
3011
3012
3014
3015
3016
3017
3018
3019
3020
3013
3021
3023
3024
3025
3026
3027
3028
3029
3030
3031
3032
3033
3034
3039
3040
3041
3042
3043
3044
3045
3046
3047
3048
3049
3037
3038
3050
3052
3053
3054
3055
3056
3057
3058
3059
3060
3061
3062
3063
3064
3065
3066
3068
3069
3070
3071
3072
3073
3074
3075
3076
3077
3078
3079
3080
3082
3083
3084
3085
3086
3087
3088
3089
3090
3091
3093
3095
3096
3097
3098
3099
3100
3101
3102
3103
3104
3106
3107
3108
3109
3110
3111
3112
3113
3114
3115
3116
3117
3118
3119
3120
3121
3122
3123
3357
3367
3369
3370
3371
3372
3373
3374
3375
3376
3377
3378
3379
3380
3381
3382
3383
3384
3385
3386
3387
3388
3389
3390
3391
3392
3134
3135
3137
3208
3209
3207
3180
3181
3182
3183
3184
3185
3186
3187
3188
3189
3190
3205
3193
3194
3195
3196
3197
3198
3199
3200
3201
3202
3203
3204
3307
3308
3309
3216
3243
3244
3218
3219
3220
3221
3222
3223
3224
3225
3226
3227
3228
3229
3236
3237
3241
3242
3231
3232
3233
3234
3235
3238
3239
3240
3246
3247
3248
3249
3250
3251
3252
3253
3254
3255
3256
3257
3258
3259
3260
3261
3262
3263
3264
3269
3270
3271
3272
3273
3274
3275
3276
3277
3278
3279
3280
3281
3282
3291
3292
3293
3294
3296
3298
3300
3301
3302
3290
3295
3297
3299
3306
3327
3311
3312
3313
3314
3315
3316
3317
3318
3319
3320
3321
3322
3323
3324
3325
3326
3333
3334
3336
3337
3368
3339
3340
3341
3343
3345
3347
3348
3350
3351
3352
3353
3354
3355
3356
3358
3359
3360
3361
3362
3363
3364
3365
3366
3344
3346
3349
3394
3395
3396
3397
3398
3399
3400
3401
3402
3403
3404
3405
3406
3407
3409
3410
3411
3412
3413
3414
3415
3416
3417
3418
3419
3420
3421
3423
3424
3425
3426
3427
3428
3429
3430
3431
3432
3433
3434
3435
3437
3438
3439
3440
3441
3442
3443
3444
3445
3446
3447
3449
3450
3451
3457
3463
3464
3465
3466
3467
3469
3470
3471
3472
3473
3474
3475
3476
3477
3478
3484
3485
3459
3460
3461
3462
3468
3479
3480
3481
3482
3483
3486
3487
3489
3490
3491
3492
3493
3494
3495
3497
3498
3499
3500
3501
3503
3504
3505
3507
3508
3510
3511
3513
3515
3516
3517
3518
3519
3520
3521
3522
3523
3524
3525
3526
3527
3528
3530
3531
3533
3553
3552
3537
3539
3540
3541
3542
3543
3544
3545
3546
3547
3548
3549
3555
3556
3557
3558
3559
3560
3561
3562
3563
3564
3565
3566
3567
3568
3569
3570
3571
3572
3573
3574
3575
3576
