1
2
3
4
5
6
7
8
9
10
11
12
13
14
15
16
17
18
20
21
22
23
24
25
26
27
28
29
30
31
32
33
35
36
37
38
39
40
41
42
43
44
45
46
47
48
49
50
53
54
55
56
57
58
59
60
61
63
62
64
65
66
67
68
70
72
73
74
75
76
77
78
79
80
81
82
84
85
88
89
90
91
92
93
94
95
96
97
98
99
100
101
102
103
104
105
107
108
109
110
111
112
113
115
116
117
121
130
124
125
126
127
128
129
131
134
135
136
137
138
139
133
141
142
144
146
147
149
150
151
152
153
154
155
156
157
158
159
161
162
163
164
165
166
167
168
170
171
172
173
174
175
177
178
185
186
187
181
182
183
189
190
191
193
194
195
196
198
199
200
202
203
204
207
208
210
211
213
215
217
218
219
220
221
222
223
225
226
227
228
229
231
232
233
234
236
237
238
240
241
243
244
245
247
249
250
252
253
255
256
258
259
261
262
263
265
267
268
270
271
273
274
275
277
278
279
280
282
283
284
285
287
288
290
291
292
294
295
296
298
299
301
302
304
309
310
311
312
313
314
315
316
317
318
319
320
321
322
323
324
328
326
327
329
330
332
333
334
336
338
339
341
343
344
345
346
348
349
351
373
376
384
385
386
387
388
389
390
391
392
393
394
395
396
397
398
399
400
401
402
403
404
405
406
407
408
409
410
411
412
413
414
415
416
417
418
419
420
428
422
423
424
425
426
427
430
431
432
433
434
435
436
438
439
440
443
444
445
446
447
448
449
450
452
442
458
454
455
456
457
460
461
462
464
466
467
468
469
470
475
472
473
474
476
477
478
479
480
481
483
484
485
486
487
489
490
491
492
493
494
495
496
497
498
509
500
501
502
503
504
505
506
507
508
510
511
513
514
515
516
518
519
520
522
523
524
526
527
528
529
530
532
533
534
535
536
538
539
541
542
544
545
546
548
549
550
551
553
554
555
556
558
559
560
562
563
564
566
567
568
569
570
572
573
574
575
576
578
579
580
581
582
583
584
586
587
588
589
591
592
593
594
595
596
597
598
599
600
602
603
604
605
606
607
608
610
611
612
614
615
616
617
618
619
620
622
623
624
625
626
628
629
630
631
632
634
635
636
638
639
640
642
643
644
646
647
648
650
651
652
654
655
656
658
660
661
662
663
664
665
666
668
670
671
672
674
676
678
679
680
682
683
684
686
688
690
692
694
696
698
700
702
704
706
708
710
712
714
716
717
718
719
720
721
722
724
726
728
730
732
734
736
738
740
742
744
746
748
750
752
754
755
756
758
759
760
761
762
763
764
765
766
767
768
769
770
772
773
774
775
776
777
778
779
780
781
782
783
784
785
787
788
789
790
791
792
793
794
796
797
798
799
800
802
803
804
806
807
808
817
810
811
812
813
814
815
816
818
820
821
822
824
825
826
828
829
830
831
833
835
842
843
844
834
836
837
838
839
840
841
846
848
850
852
853
854
857
858
859
861
862
856
860
863
864
866
868
870
872
877
880
879
881
882
883
884
885
886
887
888
914
915
916
917
918
919
920
922
924
926
930
931
932
933
934
935
936
937
938
941
942
943
944
945
946
947
948
952
953
954
955
956
957
958
959
960
961
962
964
966
967
968
970
971
972
973
974
975
976
978
979
980
981
982
983
984
986
987
988
989
990
991
992
993
994
995
996
998
999
1000
1002
1003
1004
1006
1007
1008
1009
1010
1011
1012
1013
1014
1015
1016
1017
1018
1019
1020
1022
1023
1024
1025
1026
1027
1028
1029
1030
1031
1034
1035
1036
1037
1038
1039
1040
1041
1042
1043
1044
1045
1046
1047
1048
1049
1050
1051
1052
1053
