newNum oldNum

/Users/JJ/turtlebot_videos/atriumClockwiseFrames/
0 572
1 587
2 599
3 615
4 628
5 634
6 652
7 662
8 676
9 685
10 701
11 707
12 718
13 730
14 752
15 765
16 776
17 808
18 893
19 907
20 924
21 942
22 957
23 964
24 1024
25 1038
26 1049
27 1098
28 1101
29 1108
30 1110
31 1113
32 1119
33 1122
34 1125
35 1130
36 1135
37 1141
38 1144
39 1147
40 1154
41 1165
42 1174
43 1185
44 1192
45 1198
46 1204
47 1210
48 1216
49 1221
50 1227
51 1233
52 1237
53 1245
54 1249
55 1252
56 1254
57 1257
58 1260
59 1263
60 1266
61 1269
62 1272
63 1275
64 1278
65 1281
66 1284
67 1287
68 1289
69 1292
70 1294
71 1298
72 1302
73 1306
74 1313
75 1319
76 1325
77 1329
78 1333
79 1337
80 1341
81 1345
82 1366
83 1370
84 1374
85 1378
86 1382
87 1389
88 1393
89 1403
90 1407
91 1411
92 1415
93 1418
94 1421
95 1427
96 1432
97 1434
98 1436
99 1438
100 1440
101 1442
102 1444
103 1446
104 1448
105 1450
106 1455
107 1459
108 1461
109 1463
110 1466
111 1479
112 1484
113 1486
114 1487
115 1500
116 1507
117 1514
118 1519
119 1521
120 1522
121 1524
122 1529
123 1531
124 1545
125 1550
126 1569
127 1573
128 1577
129 1578
130 1580
131 1581
132 1588
133 1593
134 1601
135 1613
136 1617
137 1621
138 1627
139 1628
140 1632
141 1634
142 1638
143 1639
144 1644
145 1648
146 1654
147 1655
148 1656
149 1657
150 1678
151 1679
152 1680
153 1684
154 1685
155 1696
156 1697
157 1698
158 1703
159 1704
160 1708
161 1709
162 1721
163 1722
164 1723
165 1724
166 1737
167 1739
168 1740
169 1760
170 1762
171 1763
172 1765
173 1767
174 1768
175 1769
176 1770
177 1771
178 1776
179 1777
180 1778
181 1784
182 1788
183 1789
184 1791
185 1792
186 1793
187 1794
188 1796
189 1797
190 1799
191 1801
192 1804
193 1805
194 1806
195 1808
196 1810
197 1815
198 1817
199 1819
200 1823
201 1825
202 1826
203 1827
204 1828
205 1829
206 1830
207 1831
208 1832
209 1833
210 1834
211 1837
212 1838
213 1840
214 1841
215 1843
216 1844
217 1846
218 1848
219 1849
220 1850
221 1853
222 1861
223 1863
224 1866
225 1869
226 1872
227 1874
228 1876
229 1878
230 1879
231 1880
232 1881
233 1884
234 1886
235 1888
236 1890
237 1892
238 1893
239 1899
240 1902
241 1903
242 1908
243 1909
244 1910
245 1912
246 1913
247 1915
248 1916
249 1917
250 1918
251 1919
252 1920
253 1921
254 1924
255 1926
256 1928
257 1930
258 1932
259 1935
260 1938
261 1940
262 1942
263 1944
264 1947
265 1950
266 1951
267 1953
268 1967
269 1978
270 1979
271 1982
272 1985
273 1988
274 1991
275 1994
276 2000
277 2006
278 2013
279 2016
280 2017
281 2018
282 2022
283 2029
284 2034
285 2038
286 2046
287 2052
288 2056
289 2060
290 2063
291 2069
292 2075
293 2078
294 2084
295 2086
296 2089
297 2091
298 2094
299 2097
300 2100
301 2101
302 2103
303 2105
304 2109
305 2115
306 2123
307 2129
308 2140
309 2142
310 2146
311 2147
312 2152
313 2155
314 2158
315 2162
316 2167
317 2173
318 2181
319 2188
320 2194
321 2198
322 2199
323 2200
324 2205
325 2206
326 2209
327 2210
328 2211
329 2212
330 2213
331 2214
332 2216
333 2217
334 2218
335 2219
336 2220
337 2222
338 2223
339 2224
340 2237
341 2238
342 2245
343 2247
344 2252
345 2255
346 2259
347 2260
348 2261
349 2262
350 2265
351 2269
352 2271
353 2274
354 2278
355 2280
356 2283
357 2286
358 2289
359 2302
360 2303
361 2304
362 2305
363 2307
364 2313
365 2316
366 2318
367 2320
368 2323
369 2327
370 2331
371 2332
372 2333
373 2335
374 2336
375 2338
376 2345
377 2346
378 2347
379 2348
380 2351
381 2352
382 2357
383 2361
384 2363
385 2364
386 2368
387 2369
388 2371
389 2372
390 2374
391 2375
392 2376
393 2377
394 2378
395 2380
396 2384
397 2406
398 2411
399 2423
400 2427
401 2431
402 2437
403 2442
404 2446
405 2449
406 2454
407 2461
408 2465
409 2470
410 2476
411 2480
412 2485
413 2499
414 2503
415 2507
416 2513
417 2526
418 2532
419 2536
420 2547
421 2553
422 2568
423 2585
424 2604
425 2612
426 2617
427 2642
428 2706
429 2715
430 2723
431 2729
432 2752
433 2760
434 2780
435 2786
436 2790
437 2807
438 2820
439 2827
440 2835
441 2841
442 2847
443 2855
444 2864
445 2873
446 2884
447 2889
448 2897
449 2905
450 2929
451 2936
452 2947
453 2957
454 2967
455 2975
456 2986
457 2993
458 2999
459 3020
460 3033
461 3050
462 3059
463 3081
464 3094
465 3107
466 3118
467 3127
468 3149
469 3167
470 3175
471 3183
472 3190
473 3197
474 3205
475 3213
476 3225
477 3233
478 3243
479 3251
480 3254
481 3264
482 3290
483 3297
484 3312
485 3332
486 3338
487 3354
488 3366
489 3376
490 3387
491 3399
492 3418
493 3424
494 3429
495 3446
496 3473
497 3493
498 3498
499 3518
500 3519
501 3520
502 3588
503 3594
504 3599
505 3604
506 3609
507 3616
508 3631
509 3652
510 3666
511 3697
512 3715
513 3720
514 3734
515 3741
516 3748
517 3752
518 3757
519 3765
520 3772
521 3777
522 3783
523 3789
524 3801
525 3814
526 3821
527 3834
528 3840
529 3876
530 3887
531 3898
532 3921
533 3927
534 3934
535 3939
536 3953
537 3963
538 3969
539 3975
540 3980
541 3985
542 3991
543 3996
544 4000
545 4011
546 4027
547 4035
548 4069
549 4080
550 4092
551 4098
552 4126
553 4131
554 4142
555 4149
556 4162
557 4170
558 4177
559 4192
560 4214
561 4225
562 4237
563 4245
564 4268
565 4274
566 4288
567 4294
568 4308
569 4315
570 4322
571 4330
572 4354
573 4362
574 4370
575 4378
576 4385
577 4393
578 4404
579 4428
580 4477
581 4485
582 4493
583 4502
584 4518
585 4526
586 4557
587 4574
588 4617
589 4650
590 4721
591 4782
592 4821
593 4834
594 4853
595 4854
596 4864
597 4874
598 4886
599 4919
600 5604
601 5605
602 5606
/Users/JJ/turtlebot_videos/westAtriumFrames/
603 3539
604 3557
605 3564
606 3569
607 3579
608 3583
609 3587
610 3591
611 3612
612 3613
613 3616
614 3619
615 3622
616 3637
617 3638
618 3651
619 3659
620 3669
621 3715
622 3723
623 3730
624 3741
625 3749
626 3755
627 3771
628 3780
629 3793
630 3800
631 3806
632 3811
633 3815
634 3819
635 3823
636 3827
637 3832
638 3836
639 3866
640 3868
641 3870
642 3872
643 3884
644 3888
645 3891
646 3904
647 3911
648 3915
649 3920
650 3927
651 3932
652 3936
653 3940
654 3944
655 3948
656 3952
657 3957
658 3961
659 3984
660 3990
661 4002
662 4007
663 4024
664 4033
665 4042
666 4050
667 4056
668 4064
669 4069
670 4073
671 4077
672 4081
673 4085
674 4089
675 4093
676 4097
677 4101
678 4105
679 4109
680 4113
681 4116
682 4132
683 4150
684 4158
685 4167
686 4172
687 4190
688 4202
689 4206
690 4223
691 4233
692 4239
693 4260
694 4279
695 4290
696 4304
697 4315
698 4326
699 4331
700 4339
701 4343
702 4347
703 4357
704 4377
705 4381
706 4384
707 4398
708 4403
709 4407
710 4418
711 4423
712 4433
713 4434
714 4444
715 4447
716 4450
717 4457
718 4460
719 4464
720 4467
721 4471
722 4474
723 4478
724 4481
725 4485
726 4488
727 4492
728 4495
729 4499
730 4502
731 4507
732 4510
733 4513
734 4516
735 4519
736 4522
737 4525
738 4528
739 4531
740 4534
741 4537
742 4540
743 4543
744 4544
745 4546
746 4548
747 4550
748 4552
749 4555
750 4558
751 4561
752 4564
753 4567
754 4571
755 4574
756 4578
757 4581
758 4585
759 4588
760 4592
761 4595
762 4599
763 4602
764 4606
765 4618
766 4645
767 4661
768 4673
769 4679
770 4689
771 4704
772 4722
773 4742
774 4753
775 4760
776 4768
777 4773
778 4786
779 4788
780 4790
781 4791
782 4792
783 4793
784 4806
785 4822
786 4841
787 4862
788 4880
789 4890
790 4892
791 4893
792 4936
793 4951
794 4972
795 4993
796 5007
797 5011
798 5013
799 5023
800 5049
801 5063
802 5075
803 5083
804 5093
805 5105
806 5139
807 5152
808 5159
809 5167
810 5174
811 5181
812 5186
813 5191
814 5196
815 5199
816 5206
817 5217
818 5224
819 5247
820 5250
821 5254
822 5258
823 5262
824 5266
825 5269
826 5273
827 5276
828 5280
829 5283
830 5284
831 5296
832 5300
833 5304
834 5308
835 5312
836 5316
837 5320
838 5324
839 5328
840 5332
841 5336
842 5339
843 5343
844 5346
845 5349
846 5353
847 5356
848 5360
849 5370
850 5389
851 5405
852 5408
853 5411
854 5414
855 5441
856 5454
857 5457
858 5466
859 5476
860 5480
861 5484
862 5490
863 5491
864 5505
865 5519
866 5524
867 5526
868 5536
869 5539
870 5561
871 5581
872 5595
873 5617
874 5641
875 5664
876 5685
877 5695
878 5715
879 5722
880 5730
881 5744
882 5753
883 5788
884 5810
885 5819
886 5837
887 5866
888 5949
889 5975
890 5989
891 6001
892 6018
893 6024
894 6028
895 6032
896 6035
897 6038
898 6041
899 6044
900 6047
901 6050
902 6053
903 6056
904 6059
905 6062
906 6065
907 6068
908 6071
909 6074
910 6077
911 6080
912 6083
913 6086
914 6089
915 6092
916 6095
917 6098
918 6101
919 6104
920 6107
921 6111
922 6114
923 6117
924 6120
925 6169
926 6185
927 6205
928 6213
929 6223
930 6227
931 6231
932 6240
933 6247
934 6250
935 6254
936 6264
937 6284
938 6292
939 6298
940 6311
941 6323
942 6337
943 6358
944 6378
945 6398
946 6410
947 6421
948 6435
949 6455
950 6489
951 6502
952 6520
953 6524
954 6528
955 6532
956 6536
957 6540
958 6544
959 6548
960 6552
961 6556
962 6560
963 6564
964 6568
965 6572
966 6576
967 6580
968 6585
969 6594
970 6599
971 6604
972 6609
973 6614
974 6619
975 6623
976 6627
977 6631
978 6635
979 6653
980 6657
981 6686
982 6714
983 6732
984 6743
985 6762
986 6776
987 6788
988 6791
989 6796
990 6800
991 6817
992 6833
993 6847
994 6856
995 6873
996 6881
997 6892
998 6923
999 6937
1000 6956
1001 6973
1002 6989
1003 7010
1004 7112
1005 7126
1006 7151
1007 7168
1008 7204
1009 7221
1010 7242
1011 7256
1012 7283
1013 7295
1014 7307
1015 7317
1016 7332
1017 7344
1018 7353
1019 7361
1020 7370
1021 7377
1022 7382
1023 7386
1024 7389
1025 7392
1026 7395
1027 7400
1028 7404
1029 7408
1030 7412
1031 7416
1032 7419
1033 7423
1034 7426
1035 7430
1036 7433
1037 7437
1038 7440
1039 7444
1040 7447
1041 7451
1042 7454
1043 7458
1044 7461
1045 7465
1046 7468
1047 7472
1048 7474
1049 7477
1050 7482
1051 7486
1052 7490
1053 7494
1054 7498
1055 7502
1056 7506
1057 7509
1058 7510
1059 7523
1060 7528
1061 7532
1062 7536
1063 7542
1064 7546
1065 7550
1066 7554
1067 7558
1068 7562
1069 7566
1070 7571
1071 7574
1072 7578
1073 7582
1074 7586
1075 7589
1076 7593
1077 7596
1078 7600
1079 7603
1080 7607
1081 7610
1082 7614
1083 7617
1084 7621
1085 7624
1086 7628
1087 7631
1088 7635
1089 7638
1090 7642
1091 7645
1092 7649
1093 7652
1094 7656
1095 7659
1096 7663
1097 7666
1098 7670
1099 7673
1100 7677
1101 7682
1102 7686
1103 7689
1104 7693
1105 7698
1106 7703
1107 7708
1108 7713
1109 7718
1110 7723
1111 7728
/Users/JJ/turtlebot_videos/atriumSouthFrames_2/
1112 10000
1113 10002
1114 10004
1115 10006
1116 10008
1117 10010
1118 10012
1119 10014
1120 10016
1121 10018
1122 10020
1123 10022
1124 10024
1125 10025
1126 10026
1127 10030
1128 10033
1129 10034
1130 10037
1131 10039
1132 10041
1133 10042
1134 10043
1135 10044
1136 10045
1137 10046
1138 10047
1139 10048
1140 10049
1141 10050
1142 10051
1143 10052
1144 10053
1145 10054
1146 10055
1147 10056
1148 10057
1149 10061
1150 10062
1151 10063
1152 10064
1153 10067
1154 10079
1155 10080
1156 10082
1157 10083
1158 10094
1159 10096
1160 10097
1161 10108
1162 10109
1163 10111
1164 10112
1165 10113
1166 10123
1167 10124
1168 10125
1169 10126
1170 10127
1171 10128
1172 10137
1173 10140
1174 10142
1175 11332
1176 10144
1177 10146
1178 10148
1179 10149
1180 10150
1181 10151
1182 10152
1183 10153
1184 10154
1185 10155
1186 10156
1187 10157
1188 10158
1189 10161
1190 10164
1191 10167
1192 10170
1193 10171
1194 10172
1195 10173
1196 10174
1197 10175
1198 10176
1199 10177
1200 10178
1201 10179
1202 10180
1203 10181
1204 10182
1205 10183
1206 10184
1207 10203
1208 10204
1209 10205
1210 10207
1211 10208
1212 10209
1213 10211
1214 10212
1215 10213
1216 10216
1217 10225
1218 10227
1219 10229
1220 10230
1221 10232
1222 10233
1223 10234
1224 10235
1225 10236
1226 10237
1227 10238
1228 10239
1229 10240
1230 10241
1231 10242
1232 10243
1233 10244
1234 10245
1235 10246
1236 10247
1237 10248
1238 10249
1239 10250
1240 10251
1241 10252
1242 10253
1243 10254
1244 10255
1245 10256
1246 10257
1247 10258
1248 10259
1249 10260
1250 10261
1251 10262
1252 10263
1253 10264
1254 10265
1255 10266
1256 10268
1257 10269
1258 10270
1259 10271
1260 10272
1261 10273
1262 10274
1263 10276
1264 10277
1265 10278
1266 10279
1267 10280
1268 10281
1269 10282
1270 10283
1271 10284
1272 10285
1273 10286
1274 10287
1275 10288
1276 10289
1277 10290
1278 10292
1279 10294
1280 10296
1281 10298
1282 10300
1283 10302
1284 10304
1285 10306
1286 10308
1287 10310
1288 10312
1289 10314
1290 10316
1291 10318
1292 10320
1293 10322
1294 10324
1295 10326
1296 10328
1297 10330
1298 10332
1299 10334
1300 10336
1301 10338
1302 10340
1303 10342
1304 10344
1305 10346
1306 10348
1307 10350
1308 10352
1309 10354
1310 10356
1311 10358
1312 10360
1313 10362
1314 10364
1315 10366
1316 10367
1317 10374
1318 10375
1319 10376
1320 10377
1321 10379
1322 10381
1323 10383
1324 10385
1325 10406
1326 10410
1327 10424
1328 10427
1329 10437
1330 10450
1331 10465
1332 10496
1333 10515
1334 10532
1335 10546
1336 10557
1337 10570
1338 10573
1339 10575
1340 10577
1341 10579
1342 10581
1343 10583
1344 10585
1345 10587
1346 10589
1347 10591
1348 10593
1349 10595
1350 10597
1351 10599
1352 10601
1353 10603
1354 10605
1355 10607
1356 10609
1357 10611
1358 10613
1359 10615
1360 10617
1361 10619
1362 10621
1363 10623
1364 10625
1365 10627
1366 10629
1367 10631
1368 10633
1369 10635
1370 10637
1371 10639
1372 10641
1373 10643
1374 10645
1375 10647
1376 10649
1377 10651
1378 10653
1379 10655
1380 10657
1381 10659
1382 10661
1383 10664
1384 10665
1385 10666
1386 10667
1387 10668
1388 10669
1389 10670
1390 10671
1391 10673
1392 10675
1393 10677
1394 10679
1395 10681
1396 10683
1397 10685
1398 10687
1399 10689
1400 10691
1401 10693
1402 10695
1403 10697
1404 10699
1405 10701
1406 10703
1407 10705
1408 10707
1409 10709
1410 10711
1411 10712
1412 10715
1413 10717
1414 10719
1415 10721
1416 10723
1417 10725
1418 10727
1419 10729
1420 10731
1421 10733
1422 10735
1423 10737
1424 10739
1425 10741
1426 10743
1427 10745
1428 10747
1429 10749
1430 10751
1431 10753
1432 10755
1433 10757
1434 10759
1435 10761
1436 10763
1437 10765
1438 10767
1439 10769
1440 10771
1441 10773
1442 10775
1443 10777
1444 10779
1445 10781
1446 10783
1447 10785
1448 10787
1449 10789
1450 10791
1451 10793
1452 10795
1453 10797
1454 10799
1455 10801
1456 10803
1457 10805
1458 10807
1459 10809
1460 10811
1461 10813
1462 10815
1463 10817
1464 10819
1465 10821
1466 10823
1467 10825
1468 10827
1469 10829
1470 10831
1471 10833
1472 10835
1473 10837
1474 10839
1475 10841
1476 10843
1477 10845
1478 10847
1479 10849
1480 10851
1481 10853
1482 10855
1483 10857
1484 10859
1485 10861
1486 10863
1487 10865
1488 10867
1489 10869
1490 10871
1491 10873
1492 10875
1493 10877
1494 10879
1495 10881
1496 10883
1497 10885
1498 10887
1499 10889
1500 10891
1501 10893
1502 10895
1503 10897
1504 10899
1505 10901
1506 10903
1507 10905
1508 10907
1509 10908
1510 10910
1511 10913
1512 10915
1513 10917
1514 10919
1515 10921
1516 10923
1517 10925
1518 10927
1519 10929
1520 10931
1521 10933
1522 10935
1523 10937
1524 10939
1525 10941
1526 10943
1527 10945
1528 10947
1529 10949
1530 10951
1531 10953
1532 10955
1533 10957
1534 10959
1535 10961
1536 10963
1537 10965
1538 10967
1539 10969
1540 10971
1541 10973
1542 10975
1543 10977
1544 10979
1545 10981
1546 10983
1547 10985
1548 10987
1549 10988
1550 10990
1551 10992
1552 10994
1553 10996
1554 10998
1555 11000
1556 11002
1557 11004
1558 11006
1559 11008
1560 11010
1561 11012
1562 11014
1563 11016
1564 11018
1565 11020
1566 11022
1567 11024
1568 11026
1569 11028
1570 11030
1571 11032
1572 11034
1573 11036
1574 11038
1575 11040
1576 11042
1577 11044
1578 11046
1579 11048
1580 11050
1581 11052
1582 11054
1583 11056
1584 11058
1585 11094
1586 11096
1587 11098
1588 11100
1589 11102
1590 11104
1591 11106
1592 11108
1593 11110
1594 11112
1595 11114
1596 11116
1597 11118
1598 11120
1599 11122
1600 11124
1601 11126
1602 11128
1603 11130
1604 11132
1605 11134
1606 11136
1607 11138
1608 11140
1609 11142
1610 11144
1611 11146
1612 11148
1613 11150
1614 11152
1615 11212
1616 11215
1617 11226
1618 11229
1619 11243
1620 11255
1621 11257
1622 11259
1623 11261
1624 11263
1625 11265
1626 11267
1627 11275
1628 11279
1629 11281
1630 11283
1631 11285
1632 11287
1633 11289
1634 11291
1635 11293
1636 11295
1637 11297
1638 11299
1639 11301
1640 11306
1641 11313
1642 11315
1643 11316
1644 11317
1645 11318
1646 11319
1647 11320
1648 11321
1649 11322
1650 11323
1651 11324
1652 11325
1653 11326
1654 11327
1655 11328
1656 11329
1657 11330
1658 11331
/Users/JJ/turtlebot_videos/atriumNorthFrames/
1660 0
1661 5
1662 6
1663 7
1664 8
1665 9
1666 10
1667 11
1668 12
1669 13
1670 14
1671 15
1672 16
1673 17
1674 18
1675 19
1676 20
1677 21
1678 22
1679 23
1680 24
1681 25
1682 26
1683 27
1684 28
1685 29
1686 30
1687 31
1688 32
1689 33
1690 8226
1691 9563
1692 9564
1693 9550
1694 8318
1695 8335
1696 8216
1697 8349
1698 8219
1699 8361
1700 8370
1701 9587
1702 8380
1703 9589
1704 8395
1705 8405
1706 8413
1707 8421
1708 8433
1709 8443
1710 11622
1711 8456
1712 8465
1713 8468
1714 8479
1715 8484
1716 8489
1717 8504
1718 8514
1719 8522
1720 4151
1721 8534
1722 8543
1723 8545
1724 8550
1725 8555
1726 372
1727 374
1728 376
1729 377
1730 378
1731 379
1732 380
1733 382
1734 383
1735 384
1736 385
1737 386
1738 387
1739 388
1740 389
1741 390
1742 391
1743 392
1744 8586
1745 401
1746 402
1747 403
1748 404
1749 405
1750 406
1751 407
1752 408
1753 409
1754 410
1755 411
1756 412
1757 413
1758 414
1759 415
1760 416
1761 417
1762 418
1763 419
1764 420
1765 421
1766 422
1767 423
1768 424
1769 425
1770 426
1771 4167
1772 428
1773 429
1774 430
1775 431
1776 432
1777 433
1778 434
1779 435
1780 436
1781 437
1782 438
1783 439
1784 440
1785 441
1786 442
1787 443
1788 444
1789 445
1790 446
1791 447
1792 448
1793 449
1794 450
1795 451
1796 452
1797 453
1798 454
1799 455
1800 456
1801 457
1802 458
1803 459
1804 460
1805 461
1806 462
1807 463
1808 464
1809 465
1810 466
1811 467
1812 468
1813 469
1814 470
1815 471
1816 472
1817 473
1818 474
1819 475
1820 476
1821 477
1822 478
1823 479
1824 480
1825 481
1826 482
1827 483
1828 484
1829 485
1830 486
1831 487
1832 488
1833 489
1834 490
1835 491
1836 492
1837 493
1838 494
1839 495
1840 496
1841 497
1842 498
1843 499
1844 500
1845 501
1846 505
1847 506
1848 510
1849 8706
1850 515
1851 521
1852 8716
1853 8724
1854 9646
1855 8738
1856 553
1857 556
1858 8750
1859 9651
1860 8759
1861 568
1862 8766
1863 4193
1864 584
1865 8777
1866 8783
1867 599
1868 8792
1869 10113
1870 9659
1871 8807
1872 4199
1873 620
1874 623
1875 625
1876 8818
1877 628
1878 632
1879 8826
1880 8836
1881 650
1882 8844
1883 12397
1884 658
1885 8853
1886 663
1887 670
1888 672
1889 674
1890 677
1891 679
1892 8876
1893 685
1894 688
1895 690
1896 691
1897 8885
1898 8893
1899 8894
1900 703
1901 715
1902 8915
1903 8920
1904 731
1905 8925
1906 8928
1907 746
1908 8939
1909 9682
1910 8952
1911 765
1912 8965
1913 8974
1914 787
1915 8985
1916 8986
1917 8987
1918 8988
1919 8998
1920 807
1921 9000
1922 9001
1923 9002
1924 812
1925 818
1926 823
1927 9016
1928 9017
1929 9018
1930 9019
1931 828
1932 833
1933 9026
1934 9027
1935 9028
1936 9029
1937 844
1938 9038
1939 4237
1940 9040
1941 849
1942 9042
1943 851
1944 9050
1945 9051
1946 9052
1947 9053
1948 864
1949 869
1950 9064
1951 9065
1952 9066
1953 9067
1954 9068
1955 9074
1956 9075
1957 9076
1958 9077
1959 9078
1960 9083
1961 9084
1962 893
1963 9086
1964 9087
1965 9088
1966 897
1967 901
1968 9098
1969 9099
1970 9100
1971 9101
1972 9102
1973 9113
1974 9116
1975 9120
1976 9712
1977 9123
1978 9126
1979 9133
1980 9134
1981 9135
1982 9136
1983 946
1984 9144
1985 9146
1986 9151
1987 9153
1988 9154
1989 9155
1990 9156
1991 9157
1992 967
1993 9164
1994 9165
1995 9168
1996 9177
1997 987
1998 991
1999 9189
2000 9194
2001 4263
2002 1013
2003 9206
2004 1017
2005 1019
2006 9728
2007 9219
2008 1036
2009 9229
2010 1046
2011 1049
2012 9242
2013 1053
2014 1056
2015 1059
2016 1062
2017 9255
2018 1065
2019 1068
2020 1070
2021 1072
2022 1074
2023 1076
2024 1078
2025 1080
2026 1082
2027 1084
2028 1086
2029 1088
2030 9284
2031 1113
2032 9306
2033 1117
2034 1120
2035 1123
2036 1126
2037 1129
2038 1132
2039 1135
2040 1138
2041 9332
2042 1141
2043 9334
2044 1144
2045 1145
2046 1146
2047 1147
2048 1148
2049 1149
2050 1150
2051 1151
2052 1152
2053 1153
2054 9346
2055 9348
2056 9350
2057 9352
2058 1161
2059 9354
2060 1163
2061 9356
2062 1165
2063 9358
2064 1168
2065 1170
2066 1172
2067 9365
2068 1174
2069 1176
2070 9369
2071 9372
2072 9373
2073 9375
2074 9376
2075 9377
2076 1186
2077 9379
2078 9380
2079 9381
2080 9382
2081 9383
2082 9384
2083 9385
2084 9386
2085 9387
2086 9388
2087 9389
2088 9390
2089 9391
2090 9392
2091 1201
2092 9394
2093 9395
2094 1204
2095 9397
2096 9398
2097 9399
2098 9400
2099 1209
2100 1213
2101 9407
2102 1216
2103 9409
2104 9410
2105 1219
2106 9412
2107 1221
2108 9414
2109 1223
2110 9416
2111 1225
2112 9418
2113 9419
2114 1228
2115 9421
2116 9422
2117 9423
2118 9424
2119 9425
2120 9426
2121 9427
2122 9428
2123 9429
2124 9430
2125 9431
2126 9432
2127 9433
2128 9434
2129 9435
2130 9436
2131 9437
2132 9438
2133 9439
2134 9440
2135 9441
2136 1250
2137 9443
2138 9444
2139 9445
2140 9446
2141 9447
2142 9448
2143 9449
2144 9450
2145 9451
2146 9452
2147 9453
2148 9454
2149 1263
2150 9456
2151 9457
2152 9458
2153 9459
2154 1268
2155 9461
2156 9462
2157 9463
2158 9464
2159 9465
2160 9466
2161 1275
2162 9468
2163 9469
2164 9470
2165 9471
2166 9472
2167 1281
2168 9474
2169 9475
2170 9476
2171 9477
2172 9478
2173 9479
2174 9480
2175 9481
2176 9482
2177 9483
2178 9485
2179 9486
2180 9488
2181 9490
2182 9492
2183 9494
2184 9495
2185 9496
2186 9497
2187 9498
2188 9499
2189 9500
2190 9501
2191 9502
2192 9503
2193 9504
2194 9505
2195 9506
2196 9507
2197 9508
2198 9509
2199 1318
2200 1320
2201 1323
2202 9519
2203 9521
2204 9523
2205 9525
2206 9527
2207 1336
2208 9529
2209 1338
2210 9531
2211 9533
2212 9534
2213 9535
2214 9536
2215 4320
2216 9538
2217 9539
2218 9540
2219 9541
2220 9542
2221 9543
2222 9544
2223 9545
2224 9546
2225 9547
2226 9548
2227 9549
2228 1358
2229 9551
2230 9552
2231 1361
2232 9554
2233 9555
2234 9556
2235 9557
2236 9558
2237 9559
2238 9560
2239 9561
2240 9562
2241 1371
2242 1372
2243 9565
2244 9566
2245 9567
2246 9568
2247 9569
2248 1378
2249 1379
2250 1380
2251 9574
2252 9576
2253 9578
2254 9579
2255 1391
2256 1392
2257 1393
2258 1395
2259 1397
2260 9591
2261 9592
2262 9593
2263 9594
2264 1403
2265 1405
2266 1407
2267 1409
2268 1414
2269 1415
2270 1416
2271 1417
2272 1418
2273 9615
2274 1424
2275 1425
2276 1426
2277 1427
2278 1428
2279 1434
2280 1435
2281 1436
2282 1437
2283 1438
2284 9633
2285 9636
2286 1445
2287 1446
2288 1447
2289 1448
2290 1449
2291 9799
2292 1454
2293 1455
2294 1456
2295 1457
2296 1458
2297 1459
2298 1460
2299 1466
2300 1467
2301 1468
2302 1469
2303 1470
2304 1471
2305 1472
2306 9667
2307 1480
2308 1481
2309 1482
2310 1483
2311 1490
2312 1492
2313 1493
2314 1494
2315 1500
2316 1502
2317 1504
2318 1510
2319 1511
2320 1512
2321 1513
2322 9707
2323 1519
2324 1520
2325 1521
2326 1522
2327 9717
2328 1527
2329 1528
2330 1529
2331 1530
2332 1536
2333 1537
2334 1538
2335 1539
2336 1546
2337 1547
2338 1548
2339 1549
2340 1550
2341 9745
2342 1559
2343 1560
2344 1561
2345 1562
2346 1563
2347 1564
2348 9759
2349 1572
2350 1573
2351 1574
2352 1575
2353 1580
2354 1581
2355 1582
2356 1583
2357 1584
2358 1587
2359 1589
2360 1590
2361 1593
2362 1594
2363 1595
2364 1596
2365 1600
2366 1601
2367 1602
2368 1603
2369 1605
2370 1606
2371 1607
2372 1612
2373 1613
2374 9807
2375 1617
2376 1619
2377 1620
2378 1624
2379 1626
2380 9819
2381 1633
2382 1635
2383 1637
2384 9831
2385 1643
2386 1644
2387 1646
2388 1652
2389 1654
2390 1656
2391 9849
2392 1658
2393 1663
2394 1665
2395 1666
2396 9864
2397 1674
2398 9868
2399 1678
2400 1679
2401 1685
2402 1688
2403 1695
2404 1696
2405 9889
2406 1698
2407 1699
2408 9895
2409 1705
2410 1706
2411 9899
2412 1708
2413 1709
2414 1713
2415 1715
2416 1716
2417 9909
2418 1721
2419 1723
2420 1725
2421 1729
2422 9924
2423 1733
2424 1734
2425 1742
2426 1749
2427 9943
2428 9945
2429 9947
2430 1762
2431 3332
2432 9960
2433 1772
2434 9968
2435 9972
2436 1782
2437 9976
2438 9978
2439 9980
2440 1794
2441 9987
2442 9988
2443 9989
2444 1803
2445 9858
2446 9999
2447 10000
2448 10001
2449 10003
2450 10004
2451 10005
2452 10006
2453 1815
2454 10012
2455 10013
2456 10014
2457 10015
2458 10016
2459 1826
2460 10021
2461 10023
2462 10024
2463 1838
2464 10034
2465 1849
2466 9866
2467 10046
2468 10048
2469 1865
2470 10059
2471 1871
2472 10068
2473 10075
2474 10081
2475 1890
2476 10086
2477 10090
2478 10098
2479 10102
2480 1915
2481 1921
2482 10114
2483 1924
2484 10121
2485 10126
2486 10127
2487 10128
2488 10132
2489 10137
2490 10140
2491 10144
2492 1963
2493 10164
2494 9887
2495 10175
2496 1990
2497 1996
2498 9891
2499 10200
2500 2010
2501 10208
2502 10219
2503 10231
2504 10233
2505 2046
2506 10240
2507 10243
2508 10247
2509 10250
2510 9901
2511 10256
2512 10257
2513 10258
2514 10264
2515 10265
2516 10266
2517 10273
2518 10274
2519 10275
2520 10276
2521 10277
2522 10283
2523 10285
2524 10286
2525 10287
2526 10293
2527 10294
2528 10298
2529 10301
2530 10307
2531 10315
2532 10327
2533 10339
2534 10347
2535 10348
2536 10349
2537 10350
2538 9917
2539 10353
2540 10354
2541 10364
2542 10365
2543 10366
2544 10367
2545 10374
2546 10387
2547 10396
2548 10404
2549 10415
2550 10425
2551 10436
2552 10450
2553 9934
2554 10462
2555 8571
2556 10477
2557 10488
2558 10500
2559 9897
2560 10509
2561 10520
2562 8580
2563 10529
2564 10540
2565 10555
2566 10566
2567 10575
2568 10576
2569 10581
2570 10586
2571 10590
2572 8593
2573 3355
2574 2457
2575 8603
2576 2477
2577 2483
2578 2487
2579 8611
2580 2517
2581 2530
2582 2533
2583 2536
2584 2539
2585 2542
2586 2545
2587 2549
2588 2551
2589 2554
2590 2557
2591 2559
2592 2562
2593 427
2594 2564
2595 2566
2596 2568
2597 2570
2598 2572
2599 2574
2600 2576
2601 2578
2602 2580
2603 2582
2604 2584
2605 2586
2606 8623
2607 2588
2608 2590
2609 2592
2610 2594
2611 2596
2612 2598
2613 2600
2614 2602
2615 2604
2616 2606
2617 2608
2618 2610
2619 2612
2620 2614
2621 2616
2622 2618
2623 2620
2624 2622
2625 8629
2626 2624
2627 2626
2628 9995
2629 2639
2630 2672
2631 2678
2632 2686
2633 2696
2634 2712
2635 8645
2636 2726
2637 2740
2638 2748
2639 2757
2640 2769
2641 2782
2642 8656
2643 2796
2644 2810
2645 2820
2646 2831
2647 10030
2648 2842
2649 8667
2650 2853
2651 2866
2652 2876
2653 2891
2654 8674
2655 2900
2656 10041
2657 2909
2658 2918
2659 2932
2660 2945
2661 2970
2662 2981
2663 2999
2664 8692
2665 3012
2666 11207
2667 11217
2668 3027
2669 10063
2670 3037
2671 3050
2672 3059
2673 3069
2674 3083
2675 11280
2676 3096
2677 3107
2678 11306
2679 3122
2680 3129
2681 3135
2682 3144
2683 3148
2684 11343
2685 11344
2686 11345
2687 3159
2688 3172
2689 3184
2690 3193
2691 11392
2692 11398
2693 3207
2694 11401
2695 11406
2696 11408
2697 11412
2698 3221
2699 11415
2700 11423
2701 11424
2702 3233
2703 8564
2704 11435
2705 3246
2706 11439
2707 11443
2708 3257
2709 11451
2710 11453
2711 11455
2712 11457
2713 11459
2714 3268
2715 11461
2716 11463
2717 11465
2718 11467
2719 11469
2720 11471
2721 11473
2722 3283
2723 11477
2724 11479
2725 11481
2726 11483
2727 11488
2728 11490
2729 11491
2730 11492
2731 11496
2732 11497
2733 11498
2734 11499
2735 11500
2736 11501
2737 11502
2738 11504
2739 11505
2740 11506
2741 11475
2742 11508
2743 3317
2744 11510
2745 11511
2746 11512
2747 11513
2748 11514
2749 11515
2750 11516
2751 11517
2752 11518
2753 3328
2754 11521
2755 11522
2756 11523
2757 11524
2758 11525
2759 11527
2760 11528
2761 11529
2762 11530
2763 11531
2764 11532
2765 11533
2766 11534
2767 11535
2768 11537
2769 11538
2770 11539
2771 11540
2772 11541
2773 11542
2774 11543
2775 11544
2776 11545
2777 11546
2778 11547
2779 11548
2780 11549
2781 11550
2782 11551
2783 11552
2784 11553
2785 11554
2786 11555
2787 11556
2788 11557
2789 11558
2790 11559
2791 11560
2792 11561
2793 11562
2794 11563
2795 11564
2796 11565
2797 11566
2798 3377
2799 3392
2800 3296
2801 3406
2802 11602
2803 11603
2804 11604
2805 11605
2806 3416
2807 11614
2808 11615
2809 11616
2810 3430
2811 11623
2812 11624
2813 11628
2814 11629
2815 11630
2816 11631
2817 3440
2818 11633
2819 11634
2820 11635
2821 11636
2822 11637
2823 11638
2824 3452
2825 3307
2826 11653
2827 3462
2828 3473
2829 3485
2830 11678
2831 11684
2832 11694
2833 3503
2834 11507
2835 3512
2836 11509
2837 3531
2838 11739
2839 11743
2840 3552
2841 11750
2842 3324
2843 11754
2844 11759
2845 3569
2846 11763
2847 11765
2848 11766
2849 11774
2850 3584
2851 11520
2852 11778
2853 11779
2854 11786
2855 11787
2856 11788
2857 11789
2858 11790
2859 11791
2860 11798
2861 11799
2862 11801
2863 11802
2864 3620
2865 11813
2866 11814
2867 11815
2868 11816
2869 11817
2870 11824
2871 11825
2872 11826
2873 11827
2874 11828
2875 11837
2876 11838
2877 11839
2878 11840
2879 11841
2880 11849
2881 3658
2882 11851
2883 11852
2884 11853
2885 3341
2886 11859
2887 11861
2888 11862
2889 3671
2890 11868
2891 3677
2892 11870
2893 11871
2894 11874
2895 11875
2896 11876
2897 3686
2898 11882
2899 11883
2900 11884
2901 3695
2902 11888
2903 11889
2904 11890
2905 11893
2906 3348
2907 3707
2908 11901
2909 11903
2910 11904
2911 3713
2912 11906
2913 3726
2914 11925
2915 11927
2916 11930
2917 3743
2918 11938
2919 11939
2920 11940
2921 11941
2922 11948
2923 11949
2924 11950
2925 3759
2926 11957
2927 11958
2928 11959
2929 11960
2930 11963
2931 11968
2932 3777
2933 11970
2934 11971
2935 3361
2936 11976
2937 10188
2938 11978
2939 11979
2940 3792
2941 11985
2942 11986
2943 11987
2944 11988
2945 11994
2946 3804
2947 11997
2948 12000
2949 12005
2950 12007
2951 3828
2952 3844
2953 3852
2954 3856
2955 12052
2956 3867
2957 3870
2958 12063
2959 12072
2960 3881
2961 12082
2962 3892
2963 12091
2964 12094
2965 12095
2966 12096
2967 3905
2968 12098
2969 12100
2970 12101
2971 12102
2972 12103
2973 12104
2974 12105
2975 12106
2976 12109
2977 12110
2978 12111
2979 12112
2980 12113
2981 12114
2982 12115
2983 12116
2984 12117
2985 12118
2986 12119
2987 12120
2988 12121
2989 12122
2990 12126
2991 12127
2992 12128
2993 12129
2994 12130
2995 12131
2996 12132
2997 12133
2998 12136
2999 12137
3000 12138
3001 12139
3002 12140
3003 12141
3004 12142
3005 3951
3006 12144
3007 12145
3008 12146
3009 12147
3010 12148
3011 12149
3012 12150
3013 12151
3014 12152
3015 12153
3016 12154
3017 12155
3018 12156
3019 3965
3020 3972
3021 12165
3022 12166
3023 12167
3024 12169
3025 12172
3026 12176
3027 12189
3028 12195
3029 4010
3030 12203
3031 4019
3032 12213
3033 4024
3034 4027
3035 4030
3036 12223
3037 4033
3038 4037
3039 4040
3040 4043
3041 4046
3042 4049
3043 4052
3044 4056
3045 4059
3046 4062
3047 8869
3048 4064
3049 4067
3050 4070
3051 4073
3052 4076
3053 4080
3054 4084
3055 4088
3056 4092
3057 4096
3058 4100
3059 4103
3060 4107
3061 4111
3062 4116
3063 4119
3064 12317
3065 4126
3066 4129
3067 4132
3068 4135
3069 4139
3070 12333
3071 4143
3072 4147
3073 12343
3074 4155
3075 4158
3076 4161
3077 4164
3078 12359
3079 4170
3080 4173
3081 4176
3082 4179
3083 12372
3084 4182
3085 4185
3086 4187
3087 4189
3088 4191
3089 12385
3090 4195
3091 4197
3092 2065
3093 4201
3094 4203
3095 4205
3096 4207
3097 4209
3098 4211
3099 4213
3100 4215
3101 4217
3102 4219
3103 4221
3104 12414
3105 4223
3106 4225
3107 4227
3108 4229
3109 4231
3110 4233
3111 4235
3112 12429
3113 4239
3114 4241
3115 4243
3116 4245
3117 4247
3118 4249
3119 12442
3120 4251
3121 4253
3122 4255
3123 4257
3124 4259
3125 4261
3126 12455
3127 4265
3128 4267
3129 4269
3130 4271
3131 4273
3132 12466
3133 4275
3134 4277
3135 4279
3136 4281
3137 4283
3138 12476
3139 4285
3140 4287
3141 4289
3142 4291
3143 4293
3144 4295
3145 4297
3146 12490
3147 4299
3148 4301
3149 4302
3150 12502
3151 12512
3152 12521
3153 12533
3154 4342
3155 4347
3156 12541
3157 4358
3158 4366
3159 9696
3160 4480
3161 4787
3162 4508
3163 4522
3164 4539
3165 4553
3166 4565
3167 4582
3168 4601
3169 4611
3170 4616
3171 4633
3172 4639
3173 4648
3174 4661
3175 4679
3176 12879
3177 4693
3178 4704
3179 4725
3180 4741
3181 4750
3182 4768
3183 4776
3184 12979
3185 4798
3186 12991
3187 13000
3188 4815
3189 13008
3190 13019
3191 4831
3192 13028
3193 13030
3194 13035
3195 4847
3196 13047
3197 8618
3198 13056
3199 4868
3200 13065
3201 13073
3202 4884
3203 13077
3204 13083
3205 4894
3206 13087
3207 13089
3208 4900
3209 13094
3210 13105
3211 13099
3212 4913
3213 4914
3214 4919
3215 13112
3216 13113
3217 13114
3218 4928
3219 4933
3220 13128
3221 9015
3222 4943
3223 13137
3224 13148
3225 4961
3226 13157
3227 13164
3228 13168
3229 4979
3230 13174
3231 4987
3232 13181
3233 13187
3234 4998
3235 9025
3236 13194
3237 5006
3238 13202
3239 13210
3240 5020
3241 13222
3242 5035
3243 13234
3244 5045
3245 5055
3246 13250
3247 13261
3248 5073
3249 9039
3250 13276
3251 5085
3252 5091
3253 9041
3254 5097
3255 13290
3256 13303
3257 13308
3258 11777
3259 5129
3260 5143
3261 5155
3262 5167
3263 5181
3264 3595
3265 5201
3266 5213
3267 5220
3268 5244
3269 5260
3270 5271
3271 5282
3272 5299
3273 5315
3274 9997
3275 5336
3276 8907
3277 9085
3278 5363
3279 5372
3280 5387
3281 5398
3282 5410
3283 5422
3284 9455
3285 5437
3286 5449
3287 5458
3288 5469
3289 5478
3290 5488
3291 5501
3292 5513
3293 5525
3294 5535
3295 5546
3296 5558
3297 11850
3298 5567
3299 5577
3300 5590
3301 5599
3302 9639
3303 5610
3304 5623
3305 5632
3306 5652
3307 5664
3308 5673
3309 11869
3310 5687
3311 5694
3312 5708
3313 5727
3314 5736
3315 5743
3316 5776
3317 5779
3318 9467
3319 5792
3320 5804
3321 5814
3322 5828
3323 5839
3324 5847
3325 5859
3326 5873
3327 5884
3328 11905
3329 5896
3330 5908
3331 5925
3332 5939
3333 5958
3334 6014
3335 6029
3336 6048
3337 5111
3338 6097
3339 6100
3340 6102
3341 6104
3342 6106
3343 6108
3344 6110
3345 6112
3346 6114
3347 6116
3348 6118
3349 6120
3350 6122
3351 6124
3352 6126
3353 6128
3354 6130
3355 6132
3356 6134
3357 6136
3358 6138
3359 6140
3360 6142
3361 6144
3362 6146
3363 6148
3364 6150
3365 6152
3366 6153
3367 6155
3368 6157
3369 6159
3370 6161
3371 6163
3372 6165
3373 6167
3374 6169
3375 6171
3376 6173
3377 6175
3378 6177
3379 6179
3380 6181
3381 6183
3382 6185
3383 6192
3384 6195
3385 6198
3386 6200
3387 6202
3388 6204
3389 6206
3390 6208
3391 6210
3392 6212
3393 6214
3394 6216
3395 6218
3396 6220
3397 6222
3398 6224
3399 6226
3400 6228
3401 6230
3402 6232
3403 6234
3404 6236
3405 6238
3406 6240
3407 6242
3408 6244
3409 6246
3410 6247
3411 6284
3412 6314
3413 6316
3414 6318
3415 6322
3416 6327
3417 6330
3418 6333
3419 6336
3420 6350
3421 6360
3422 6369
3423 6375
3424 6388
3425 6403
3426 6411
3427 6426
3428 6439
3429 6448
3430 6456
3431 6466
3432 9270
3433 6478
3434 6484
3435 6494
3436 6502
3437 6510
3438 6521
3439 6531
3440 6543
3441 6555
3442 6566
3443 6575
3444 6584
3445 6594
3446 6604
3447 6612
3448 6625
3449 6633
3450 6645
3451 11951
3452 6655
3453 6666
3454 6676
3455 6710
3456 12044
3457 6730
3458 6742
3459 9772
3460 6752
3461 6759
3462 6767
3463 9321
3464 6777
3465 6787
3466 12059
3467 6822
3468 6830
3469 6844
3470 6853
3471 6854
3472 6860
3473 9336
3474 6866
3475 9338
3476 6879
3477 6886
3478 9340
3479 6892
3480 6896
3481 9342
3482 6904
3483 9344
3484 6915
3485 6923
3486 6932
3487 9360
3488 7110
3489 9378
3490 7130
3491 7138
3492 9785
3493 7150
3494 7159
3495 7161
3496 7164
3497 7176
3498 7184
3499 7192
3500 7198
3501 7203
3502 9393
3503 7216
3504 9396
3505 7229
3506 7238
3507 7250
3508 7263
3509 7273
3510 7281
3511 7291
3512 9408
3513 7302
3514 7313
3515 9411
3516 12143
3517 9413
3518 7333
3519 9415
3520 7349
3521 9417
3522 7366
3523 9420
3524 7389
3525 7400
3526 12157
3527 7417
3528 7428
3529 7436
3530 7437
3531 7438
3532 7444
3533 7447
3534 12164
3535 7453
3536 7454
3537 7460
3538 7461
3539 7469
3540 7470
3541 7471
3542 7482
3543 7483
3544 7484
3545 7493
3546 7494
3547 7495
3548 7496
3549 7497
3550 9442
3551 7511
3552 7512
3553 7513
3554 7528
3555 7529
3556 7530
3557 7531
3558 7547
3559 7548
3560 7549
3561 7550
3562 7552
3563 7562
3564 7563
3565 7564
3566 7565
3567 7566
3568 7567
3569 7579
3570 7580
3571 7581
3572 7582
3573 7583
3574 7584
3575 7596
3576 7597
3577 7599
3578 7600
3579 7601
3580 9460
3581 7612
3582 7614
3583 7616
3584 7625
3585 7626
3586 7627
3587 7628
3588 7629
3589 7643
3590 7646
3591 7647
3592 7648
3593 7649
3594 7650
3595 7651
3596 7657
3597 7658
3598 7660
3599 7661
3600 7670
3601 7671
3602 7672
3603 7673
3604 7674
3605 7675
3606 7682
3607 7684
3608 7686
3609 9473
3610 7695
3611 7698
3612 7699
3613 7728
3614 7739
3615 4021
3616 7753
3617 7759
3618 7766
3619 7774
3620 7779
3621 7788
3622 7796
3623 12222
3624 7802
3625 7810
3626 7820
3627 7829
3628 7840
3629 7849
3630 7856
3631 7864
3632 7872
3633 7880
3634 7899
3635 9510
3636 7912
3637 7924
3638 7934
3639 7945
3640 7959
3641 7973
3642 7989
3643 8010
3644 8012
3645 8014
3646 8016
3647 8018
3648 8025
3649 8028
3650 8030
3651 8032
3652 8034
3653 8036
3654 8038
3655 8040
3656 8042
3657 8044
3658 8046
3659 8048
3660 8050
3661 8052
3662 8054
3663 8056
3664 8058
3665 8060
3666 8062
3667 8064
3668 8066
3669 8068
3670 8070
3671 9537
3672 8072
3673 8074
3674 8076
3675 8078
3676 8080
3677 8082
3678 8084
3679 8086
3680 8088
3681 8090
3682 8092
3683 8094
3684 8096
3685 8098
3686 8100
3687 8102
3688 8104
3689 8106
3690 8108
3691 8110
3692 8999
3693 8116
3694 8118
3695 8120
3696 8121
3697 8123
3698 8125
3699 8127
3700 8129
3701 8131
3702 8133
3703 8135
3704 8137
3705 8139
3706 8145
3707 8147
3708 8149
3709 8151
3710 8153
3711 8155
3712 8157
3713 8159
3714 8161
3715 8163
3716 9553
3717 8173
3718 8179
3719 8184
3720 8186
3721 8188
3722 8189
/Users/JJ/turtlebot_videos/atriumSouthFrames/
3724 6203
3725 8252
3726 6217
3727 4172
3728 7181
3729 2128
3730 8279
3731 6234
3732 9231
3733 4189
3734 8291
3735 6161
3736 4201
3737 6257
3738 4213
3739 4220
3740 8319
3741 9238
3742 8326
3743 4233
3744 6285
3745 8338
3746 6294
3747 4248
3748 8350
3749 6306
3750 4260
3751 6314
3752 6323
3753 4277
3754 6334
3755 4289
3756 6341
3757 4303
3758 9592
3759 2264
3760 6361
3761 8411
3762 4321
3763 8432
3764 6389
3765 2299
3766 4353
3767 4481
3768 4367
3769 2321
3770 9603
3771 6422
3772 8472
3773 4384
3774 8486
3775 2349
3776 4398
3777 6449
3778 4410
3779 6470
3780 4423
3781 8521
3782 2378
3783 4434
3784 9956
3785 2394
3786 4446
3787 6502
3788 4456
3789 2409
3790 8557
3791 6516
3792 4469
3793 2422
3794 6529
3795 8580
3796 2438
3797 395
3798 4493
3799 6542
3800 401
3801 6551
3802 2456
3803 4506
3804 2466
3805 419
3806 425
3807 6575
3808 432
3809 4536
3810 2489
3811 6587
3812 451
3813 2500
3814 4551
3815 6601
3816 460
3817 8610
3818 8655
3819 465
3820 6563
3821 6613
3822 2521
3823 4572
3824 6224
3825 8674
3826 9979
3827 2532
3828 6630
3829 2543
3830 8694
3831 2556
3832 6658
3833 7595
3834 2565
3835 2576
3836 7940
3837 2479
3838 6685
3839 2592
3840 4647
3841 2606
3842 6706
3843 567
3844 8762
3845 2621
3846 9995
3847 582
3848 2636
3849 4685
3850 6738
3851 8633
3852 605
3853 6756
3854 4712
3855 6247
3856 8816
3857 4722
3858 633
3859 4731
3860 636
3861 8831
3862 6786
3863 4740
3864 4749
3865 656
3866 8849
3867 6803
3868 4766
3869 8869
3870 8305
3871 6827
3872 687
3873 4789
3874 6840
3875 9775
3876 8991
3877 3189
3878 706
3879 4810
3880 8909
3881 7630
3882 6874
3883 4830
3884 8936
3885 6268
3886 6894
3887 4853
3888 7663
3889 8955
3890 768
3891 6915
3892 8967
3893 4879
3894 784
3895 6929
3896 8979
3897 797
3898 7301
3899 4896
3900 6953
3901 813
3902 9009
3903 823
3904 4921
3905 6971
3906 9028
3907 837
3908 4942
3909 9040
3910 849
3911 6998
3912 9052
3913 863
3914 4582
3915 4968
3916 7997
3917 9077
3918 888
3919 4997
3920 9096
3921 909
3922 5006
3923 2200
3924 9110
3925 921
3926 2970
3927 5019
3928 9122
3929 7075
3930 5029
3931 2988
3932 7086
3933 5040
3934 7094
3935 952
3936 5051
3937 9151
3938 964
3939 5061
3940 9162
3941 5072
3942 979
3943 7124
3944 5078
3945 9175
3946 7130
3947 991
3948 5089
3949 7140
3950 9191
3951 7145
3952 1329
3953 5103
3954 9206
3955 5113
3956 3066
3957 8362
3958 1022
3959 9215
3960 5126
3961 9225
3962 1036
3963 3085
3964 5135
3965 1046
3966 5145
3967 1054
3968 3108
3969 7205
3970 5159
3971 1065
3972 1071
3973 9266
3974 5171
3975 1079
3976 7227
3977 9276
3978 5183
3979 1090
3980 7237
3981 1102
3982 5200
3983 5304
3984 9303
3985 1112
3986 7258
3987 3170
3988 5221
3989 1126
3990 7271
3991 9064
3992 1141
3993 7288
3994 5250
3995 3205
3996 1159
3997 3218
3998 5269
3999 7318
4000 1177
4001 3231
4002 8731
4003 1188
4004 7335
4005 5660
4006 9246
4007 5291
4008 3245
4009 1199
4010 7349
4011 3256
4012 1213
4013 8053
4014 9410
4015 3267
4016 7364
4017 5317
4018 1225
4019 3282
4020 5331
4021 1241
4022 6351
4023 1252
4024 3303
4025 9449
4026 7378
4027 7407
4028 1264
4029 3316
4030 9463
4031 1277
4032 3329
4033 9479
4034 1289
4035 3339
4036 7437
4037 4312
4038 1303
4039 7448
4040 3355
4041 1316
4042 5414
4043 3367
4044 3377
4045 9523
4046 3394
4047 1351
4048 9546
4049 4663
4050 5452
4051 7501
4052 1365
4053 9563
4054 3422
4055 7521
4056 5479
4057 3434
4058 9579
4059 1392
4060 9389
4061 7539
4062 3444
4063 5496
4064 7552
4065 5507
4066 3460
4067 1413
4068 3473
4069 7570
4070 5525
4071 9625
4072 5537
4073 1442
4074 3499
4075 9645
4076 5552
4077 3514
4078 5564
4079 7613
4080 9662
4081 1472
4082 3524
4083 5578
4084 3531
4085 1486
4086 9684
4087 3541
4088 5591
4089 1498
4090 7645
4091 9698
4092 3555
4093 5606
4094 7421
4095 3568
4096 1521
4097 5619
4098 9718
4099 3581
4100 5630
4101 7681
4102 1539
4103 9732
4104 3595
4105 5646
4106 7700
4107 9134
4108 3607
4109 9755
4110 1564
4111 7717
4112 1007
4113 1576
4114 3625
4115 5674
4116 4701
4117 7728
4118 1587
4119 9790
4120 7743
4121 1600
4122 5387
4123 3654
4124 1609
4125 7757
4126 9807
4127 1623
4128 7772
4129 9823
4130 3683
4131 5732
4132 1638
4133 7787
4134 3693
4135 1650
4136 7800
4137 1663
4138 5761
4139 7816
4140 9495
4141 1676
4142 5774
4143 5781
4144 3734
4145 1692
4146 9885
4147 3747
4148 5797
4149 7846
4150 1705
4151 3671
4152 9842
4153 7857
4154 3766
4155 5823
4156 7873
4157 1733
4158 5838
4159 7887
4160 3792
4161 9938
4162 7460
4163 5850
4164 7899
4165 1760
4166 3812
4167 9510
4168 5864
4169 5719
4170 9968
4171 7921
4172 3711
4173 5885
4174 1791
4175 9987
4176 3844
4177 3851
4178 5904
4179 7955
4180 3868
4181 5918
4182 7970
4183 3879
4184 5930
4185 1835
4186 3886
4187 7983
4188 5949
4189 3916
4190 5965
4191 8022
4192 5976
4193 3935
4194 5986
4195 5994
4196 8043
4197 3949
4198 6004
4199 1909
4200 8065
4201 6019
4202 7830
4203 8078
4204 6031
4205 3987
4206 6043
4207 8092
4208 6054
4209 8385
4210 6068
4211 8121
4212 6077
4213 4032
4214 8136
4215 6090
4216 6101
4217 6108
4218 408
4219 8163
4220 6117
4221 4070
4222 6126
4223 4085
4224 8184
4225 361
4226 4099
4227 4113
4228 4128
4229 4144
4230 6150
4231 6169
4232 6179
4233 6187
4234 6196
4235 8200
4236 8211
4237 8221
4238 8238
/Users/JJ/turtlebot_videos/goodFrom2017/
4240 77
4241 78
4242 79
4243 80
4244 81
4245 90
4246 91
4247 92
4248 106
4249 107
4250 108
4251 109
4252 110
4253 111
4254 112
4255 119
4256 120
4257 121
4258 122
4259 123
4260 124
4261 128
4262 129
4263 130
4264 131
4265 132
4266 133
4267 136
4268 137
4269 138
4270 140
4271 141
4272 142
4273 144
4274 145
4275 146
4276 147
4277 148
4278 149
4279 150
4280 151
4281 152
4282 153
4283 154
4284 155
4285 156
4286 157
4287 159
4288 160
4289 161
4290 162
4291 163
4292 164
4293 165
4294 166
4295 167
4296 168
4297 169
4298 170
4299 173
4300 174
4301 175
4302 245
4303 252
4304 253
4305 254
4306 256
4307 257
4308 258
4309 259
4310 260
4311 261
4312 262
4313 263
4314 264
4315 265
4316 267
4317 383
4318 384
4319 385
4320 386
4321 387
4322 389
4323 390
4324 391
4325 392
4326 393
4327 394
4328 395
4329 396
4330 397
4331 398
4332 399
4333 400
4334 401
4335 402
4336 403
4337 404
4338 405
4339 406
4340 407
4341 408
4342 409
4343 410
4344 411
4345 412
4346 413
4347 414
4348 415
4349 416
4350 417
4351 418
4352 419
4353 426
4354 427
4355 428
4356 430
4357 431
4358 432
4359 433
4360 434
4361 436
4362 437
4363 438
4364 439
4365 440
4366 441
4367 442
4368 443
4369 444
4370 445
4371 446
4372 447
4373 448
4374 449
4375 450
4376 451
4377 452
4378 453
4379 454
4380 455
4381 456
4382 457
4383 458
4384 459
4385 460
4386 461
4387 462
4388 463
4389 464
4390 465
4391 466
4392 467
4393 468
4394 469
4395 470
4396 471
4397 472
4398 473
4399 474
4400 475
4401 476
4402 477
4403 478
4404 479
4405 480
4406 481
4407 482
4408 483
4409 484
4410 485
4411 486
4412 487
4413 488
4414 489
4415 490
4416 491
4417 492
4418 493
4419 516
4420 517
4421 518
4422 519
4423 520
4424 521
4425 522
4426 523
4427 524
4428 525
4429 526
4430 527
4431 528
4432 529
4433 530
4434 531
4435 532
4436 533
4437 534
4438 535
4439 536
4440 537
4441 538
4442 539
4443 540
4444 541
4445 542
4446 543
4447 544
4448 545
4449 546
4450 547
4451 548
4452 549
4453 550
4454 551
4455 552
4456 553
4457 554
4458 555
4459 556
4460 557
4461 558
4462 559
4463 560
4464 561
4465 562
4466 563
4467 564
4468 565
4469 566
4470 567
4471 568
4472 569
4473 570
4474 571
4475 572
4476 573
4477 574
4478 575
4479 576
4480 577
4481 578
4482 579
4483 580
4484 581
4485 582
4486 618
4487 619
4488 622
4489 623
4490 625
4491 628
4492 629
4493 630
4494 643
4495 644
4496 647
4497 648
4498 649
4499 650
4500 654
4501 655
4502 656
4503 659
4504 660
4505 661
4506 662
4507 663
4508 664
4509 665
4510 666
4511 667
4512 668
4513 669
4514 670
4515 671
4516 672
4517 673
4518 674
4519 675
4520 676
4521 677
4522 678
4523 679
4524 680
4525 681
4526 682
4527 683
4528 684
4529 685
4530 686
4531 687
4532 688
4533 689
4534 690
4535 691
4536 692
4537 735
4538 749
4539 750
4540 751
4541 752
4542 753
4543 754
4544 755
4545 756
4546 757
4547 758
4548 759
4549 760
4550 761
4551 762
4552 763
4553 764
4554 765
4555 766
4556 767
4557 768
4558 769
4559 770
4560 771
4561 772
4562 773
4563 774
4564 775
4565 776
4566 777
4567 778
4568 779
4569 780
4570 781
4571 782
4572 783
4573 784
4574 785
4575 786
4576 787
4577 788
4578 789
4579 790
4580 791
4581 792
4582 793
4583 794
4584 795
4585 796
4586 797
4587 798
4588 799
4589 800
4590 801
4591 802
4592 803
4593 804
4594 805
4595 806
4596 807
4597 808
4598 809
4599 810
4600 811
4601 812
4602 813
4603 814
4604 815
4605 816
4606 817
4607 818
4608 819
4609 820
4610 821
4611 822
4612 823
4613 824
4614 825
4615 826
4616 827
4617 828
4618 829
4619 830
4620 831
4621 832
4622 833
4623 834
4624 835
4625 836
4626 837
4627 838
4628 839
4629 840
4630 841
4631 842
4632 843
4633 844
4634 845
4635 846
4636 847
4637 848
4638 849
4639 850
4640 851
4641 852
4642 853
4643 854
4644 855
4645 856
4646 857
4647 858
4648 859
4649 860
4650 861
4651 862
4652 863
4653 864
4654 865
4655 866
4656 867
4657 868
4658 869
4659 870
4660 871
4661 872
4662 873
4663 874
4664 875
4665 876
4666 877
4667 878
4668 879
4669 880
4670 881
4671 882
4672 883
4673 884
4674 885
4675 886
4676 887
4677 888
4678 889
4679 890
4680 891
4681 892
4682 893
4683 894
4684 895
4685 896
4686 897
4687 898
4688 899
4689 900
4690 901
4691 902
4692 903
4693 904
4694 905
4695 906
4696 907
4697 908
4698 909
4699 910
4700 911
4701 912
4702 913
4703 914
4704 915
4705 916
4706 917
4707 918
4708 919
4709 920
4710 921
4711 922
4712 923
4713 924
4714 925
4715 926
4716 927
4717 928
4718 929
4719 930
4720 931
4721 932
4722 933
4723 934
4724 935
4725 936
4726 937
4727 938
4728 939
4729 940
4730 941
4731 942
4732 943
4733 944
4734 945
4735 946
4736 947
4737 948
4738 949
4739 950
4740 951
4741 952
4742 953
4743 954
4744 958
4745 960
4746 961
4747 962
4748 963
4749 964
4750 965
4751 966
4752 977
4753 978
4754 979
4755 980
4756 981
4757 982
4758 983
4759 984
4760 985
4761 986
4762 987
4763 988
4764 992
4765 993
4766 994
4767 995
4768 996
4769 997
4770 1004
4771 1064
4772 1065
4773 1066
4774 1067
4775 1068
4776 1069
4777 1070
4778 1071
4779 1072
4780 1073
4781 1074
4782 1075
4783 1076
4784 1077
4785 1078
4786 1079
4787 1080
4788 1081
4789 1111
4790 1112
4791 1113
4792 1114
4793 1115
4794 1116
4795 1117
4796 1118
4797 1119
4798 1120
4799 1121
4800 1122
4801 1123
4802 1124
4803 1125
4804 1126
4805 1127
4806 1128
4807 1129
4808 1130
4809 1131
4810 1132
4811 1133
4812 1134
4813 1135
4814 1136
4815 1137
4816 1138
4817 1139
4818 1140
4819 1141
4820 1142
4821 1143
4822 1144
4823 1145
4824 1146
4825 1147
4826 1148
4827 1149
4828 1150
4829 1151
4830 1152
4831 1153
4832 1154
4833 1155
4834 1156
4835 1157
4836 1158
4837 1159
4838 1160
4839 1161
4840 1162
4841 1163
4842 1164
4843 1165
4844 1166
4845 1167
4846 1168
4847 1169
4848 1170
4849 1171
4850 1172
4851 1173
4852 1174
4853 1175
4854 1176
4855 1177
4856 1178
4857 1179
4858 1180
4859 1181
4860 1182
4861 1183
4862 1184
4863 1185
4864 1186
4865 1187
4866 1188
4867 1189
4868 1190
4869 1191
4870 1192
4871 1193
4872 1194
4873 1195
4874 1196
4875 1197
4876 1198
4877 1199
4878 1200
4879 1201
4880 1202
4881 1203
4882 1204
4883 1205
4884 1206
4885 1207
4886 1208
4887 1209
4888 1210
4889 1211
4890 1212
4891 1213
4892 1214
4893 1215
4894 1216
4895 1217
4896 1218
4897 1219
4898 1220
4899 1221
4900 1222
4901 1223
4902 1224
4903 1225
4904 1226
4905 1227
4906 1228
4907 1229
4908 1230
4909 1231
4910 1232
4911 1233
4912 1234
4913 1235
4914 1236
4915 1237
4916 1238
4917 1239
4918 1240
4919 1241
4920 1242
4921 1243
4922 1244
4923 1245
4924 1246
4925 1247
4926 1248
4927 1249
4928 1250
4929 1251
4930 1252
4931 1253
4932 1254
4933 1255
4934 1256
4935 1257
4936 1258
4937 1259
4938 1260
4939 1261
4940 1262
4941 1263
4942 1264
4943 1265
4944 1266
4945 1267
4946 1268
4947 1269
4948 1270
4949 1271
4950 1272
4951 1273
4952 1274
4953 1275
4954 1276
4955 1277
4956 1278
4957 1279
4958 1280
4959 1281
4960 1282
4961 1283
4962 1284
4963 1285
4964 1286
4965 1287
4966 1288
4967 1289
4968 1290
4969 1291
4970 1292
4971 1293
4972 1294
4973 1295
4974 1296
4975 1297
4976 1298
4977 1299
4978 1300
4979 1301
4980 1302
4981 1303
4982 1304
4983 1305
4984 1306
4985 1307
4986 1308
4987 1309
4988 1310
4989 1311
4990 1312
4991 1313
4992 1314
4993 1315
4994 1316
4995 1317
4996 1318
4997 1319
4998 1320
4999 1321
5000 1322
5001 1323
5002 1324
5003 1325
5004 1326
5005 1327
5006 1328
5007 1329
5008 1330
5009 1331
5010 1332
5011 1333
5012 1334
5013 1335
5014 1336
5015 1337
5016 1340
5017 1343
5018 1344
5019 1346
5020 1347
5021 1348
5022 1371
5023 1372
5024 1374
5025 1375
5026 1376
5027 1380
5028 1382
5029 1383
5030 1387
5031 1388
5032 1389
5033 1390
5034 1396
5035 1397
5036 1398
5037 1399
5038 1401
5039 1402
5040 1405
5041 1406
5042 1407
5043 1411
5044 1412
5045 1415
5046 1416
5047 1417
5048 1418
5049 1430
5050 1433
5051 1438
5052 1442
5053 1443
5054 1444
5055 1447
5056 1448
5057 1451
5058 1454
5059 1455
5060 1456
5061 1460
5062 1461
5063 1465
5064 1466
5065 1469
5066 1470
5067 1471
5068 1475
5069 1476
5070 1478
5071 1479
5072 1481
5073 1482
5074 1483
5075 1484
5076 1485
5077 1486
5078 1487
5079 1488
5080 1489
5081 1490
5082 1491
5083 1492
5084 1493
5085 1494
5086 1495
5087 1496
5088 1497
5089 1498
5090 1499
5091 1500
5092 1501
5093 1502
5094 1503
5095 1504
5096 1505
5097 1506
5098 1507
5099 1508
5100 1509
5101 1510
5102 1511
5103 1512
5104 1513
5105 1514
5106 1515
5107 1516
5108 1517
5109 1518
5110 1519
5111 1520
5112 1521
5113 1522
5114 1523
5115 1524
5116 1525
5117 1526
5118 1527
5119 1528
5120 1529
5121 1530
5122 1531
5123 1532
5124 1533
5125 1534
5126 1535
5127 1536
5128 1537
5129 1538
5130 1539
5131 1540
5132 1541
5133 1542
5134 1543
5135 1544
5136 1545
5137 1546
5138 1547
5139 1548
5140 1549
5141 1550
5142 1551
5143 1552
5144 1553
5145 1554
5146 1555
5147 1556
5148 1557
5149 1560
5150 1561
5151 1562
5152 1563
5153 1564
5154 1565
5155 1568
5156 1569
5157 1570
5158 1571
5159 1572
5160 1573
5161 1574
5162 1575
5163 1578
5164 1579
5165 1580
5166 1581
5167 1582
5168 1583
5169 1584
5170 1585
5171 1586
5172 1587
5173 1588
5174 1591
5175 1592
5176 1593
5177 1597
5178 1598
5179 1599
5180 1601
5181 1602
5182 1603
5183 1607
5184 1608
5185 1609
5186 1610
5187 1614
5188 1615
5189 1616
5190 1617
5191 1618
/home/macalester/PycharmProjects/catkin_ws/src/match_seeker/scripts/markLocations/juneElevenFrames/
5193 4612
5194 4623
5195 5144
5196 3615
5197 4133
5198 3625
5199 3631
5200 5169
5201 5185
5202 4163
5203 3152
5204 5221
5205 4199
5206 3192
5207 5242
5208 4225
5209 2695
5210 4240
5211 3732
5212 3227
5213 3243
5214 3260
5215 3780
5216 4303
5217 2770
5218 3287
5219 3804
5220 4319
5221 4832
5222 4839
5223 3308
5224 4333
5225 4850
5226 3828
5227 4859
5228 4353
5229 4907
5230 4868
5231 4872
5232 3337
5233 3851
5234 4365
5235 4880
5236 4380
5237 3869
5238 3359
5239 3368
5240 3883
5241 3378
5242 4408
5243 2873
5244 3898
5245 4924
5246 3399
5247 3914
5248 4943
5249 3410
5250 3928
5251 3942
5252 4461
5253 3956
5254 4982
5255 3969
5256 3462
5257 4487
5258 3979
5259 5008
5260 4506
5261 2973
5262 5030
5263 4519
5264 3501
5265 4531
5266 5046
5267 4026
5268 3004
5269 4543
5270 4032
5271 4554
5272 5069
5273 4565
5274 4057
5275 4572
5276 5085
5277 4176
5278 4582
5279 5098
5280 4591
5281 3059
5282 4597
5283 5110
5284 4089
5285 5114
5286 3583
