0 0
1 52
2 66
3 74
4 84
5 94
6 99
7 100
8 103
9 113
10 114
11 115
12 116
13 117
14 118
15 119
16 120
17 121
18 122
19 123
20 124
21 125
22 126
23 127
24 128
25 129
26 130
27 131
28 132
29 133
30 134
31 135
32 136
33 137
34 138
35 139
36 140
37 141
38 142
39 143
40 144
41 145
42 146
43 147
44 149
45 152
46 153
47 154
48 155
49 156
50 158
51 161
52 162
53 163
54 165
55 190
56 192
57 195
58 196
59 197
60 199
61 208
62 212
63 215
64 217
65 224
66 233
67 236
68 239
69 240
70 241
71 242
72 243
73 244
74 245
75 246
76 247
77 248
78 249
79 250
80 251
81 252
82 253
83 254
84 255
85 256
86 257
87 258
88 259
89 260
90 267
91 269
92 270
93 271
94 272
95 273
96 274
97 275
98 286
99 287
100 291
101 315
102 329
103 350
104 358
105 361
106 373
107 374
108 375
109 379
110 380
111 381
112 382
113 383
114 384
115 385
116 386
117 387
118 388
119 389
120 390
121 394
122 395
123 396
124 397
125 399
126 403
127 404
128 405
129 406
130 408
131 409
132 410
133 411
134 418
135 432
136 435
137 450
138 472
139 475
140 485
141 494
142 506
143 508
144 517
145 535
146 560
147 575
148 606
149 626
150 641
151 642
152 670
153 687
154 688
155 713
156 714
157 733
158 735
159 747
160 761
161 763
162 791
163 806
164 832
165 833
166 845
167 865
168 891
169 893
170 894
171 895
172 896
173 923
174 935
175 945
176 961
177 962
178 971
179 972
180 992
181 1004
182 1012
183 1013
184 1023
185 1027
186 1043
187 1055
188 1059
189 1073
190 1079
191 1087
192 1107
193 1121
194 1130
195 1134
196 1146
197 1165
198 1166
199 1181
200 1182
201 1194
202 1206
203 1207
204 1215
205 1225
206 1242
207 1252
208 1254
209 1266
210 1267
211 1268
212 1269
213 1271
214 1278
215 1287
216 1297
217 1308
218 1310
219 1322
220 1323
221 1340
222 1341
223 1348
224 1351
225 1359
226 1365
227 1375
228 1377
229 1380
230 1383
231 1384
232 1386
233 1388
234 1391
235 1393
236 1394
237 1395
238 1396
239 1397
240 1398
241 1399
242 1400
243 1401
244 1403
245 1409
246 1410
247 1411
248 1412
249 1414
250 1415
251 1416
252 1418
253 1419
254 1420
255 1421
256 1422
257 1425
258 1427
259 1430
260 1434
261 1438
262 1442
263 1445
264 1450
265 1453
266 1456
267 1466
268 1471
269 1473
270 1475
271 1482
272 1494
273 1500
274 1507
275 1512
276 1522
277 1531
278 1532
279 1534
280 1550
281 1562
282 1572
283 1582
284 1592
285 1603
286 1614
287 1615
288 1618
289 1628
290 1631
291 1642
292 1646
293 1657
294 1662
295 1671
296 1672
297 1681
298 1682
299 1700
300 1707
301 1712
302 1718
303 1726
304 1733
305 1741
306 1747
307 1749
308 1756
309 1760
310 1796
311 1797
312 1828
313 1846
314 1847
315 1860
316 1867
317 1887
318 1902
319 1924
320 1932
321 1949
322 1950
323 1973
324 1987
325 1996
326 2008
327 2026
328 2029
329 2049
330 2050
331 2063
332 2069
333 2070
334 2072
335 2074
336 2075
337 2076
338 2077
339 2078
340 2079
341 2080
342 2081
343 2082
344 2083
345 2084
346 2085
347 2086
348 2087
349 2088
350 2089
351 2090
352 2091
353 2092
354 2093
355 2094
356 2095
357 2096
358 2097
359 2098
360 2099
361 2100
362 2101
363 2102
364 2103
365 2104
366 2105
367 2106
368 2107
369 2114
370 2115
371 2116
372 2117
373 2118
374 2119
375 2120
376 2121
377 2122
378 2124
379 2127
380 2130
381 2132
382 2143
383 2160
384 2183
385 2197
386 2198
387 2215
388 2218
389 2231
390 2244
391 2256
392 2268
393 2275
394 2286
395 2295
396 2300
397 2309
398 2319
399 2326
400 2333
401 2339
402 2346
403 2361
404 2365
405 2372
406 2375
407 2378
408 2380
409 2384
410 2385
411 2386
412 2387
413 2388
414 2389
415 2390
416 2391
417 2392
418 2393
419 2398
420 2399
421 2400
422 2401
423 2402
424 2403
425 2404
426 2406
427 2421
428 2439
429 2442
430 2446
431 2455
432 2457
433 2461
434 2464
435 2466
436 2468
437 2484
438 2492
439 2500
440 2508
441 2515
442 2526
443 2532
444 2539
445 2548
446 2565
447 2575
448 2584
449 2594
450 2599
451 2607
452 2617
453 2631
454 2646
455 2662
456 2681
457 2702
458 2721
459 2741
460 2756
461 2776
462 2790
463 2801
464 2813
465 2828
466 2849
467 2866
468 2883
469 2899
470 2922
471 2940
472 2953
473 2970
474 2981
475 2990
476 3005
477 3025
478 3034
479 3049
480 3063
481 3079
482 3098
483 3117
484 3135
485 3151
486 3166
487 3191
488 3212
489 3233
490 3253
491 3267
492 3291
493 3304
494 3315
495 3332
496 3348
497 3364
498 3378
499 3392
500 3396
501 3398
502 3400
503 3402
504 3405
505 3410
506 3414
507 3417
508 3419
509 3420
510 3421
511 3422
512 3424
513 3425
514 3426
515 3428
516 3432
517 3464
518 3485
519 3510
520 3527
521 3547
522 3568
523 3593
524 3618
525 3649
526 3665
527 3691
528 3713
529 3729
530 3751
531 3775
532 3793
533 3821
534 3841
535 3858
536 3870
537 3883
538 3893
539 3917
540 3939
541 3964
542 3987
543 4021
544 4026
545 4032
546 4043
547 4082
548 4101
549 4112
550 4126
551 4148
552 4157
553 4173
554 4196
555 4214
556 4223
557 4230
558 4239
559 4244
560 4257
561 4267
562 4272
563 4288
564 4300
565 4308
566 4322
567 4328
568 4335
569 4344
570 4353
571 4355
572 4362
573 4370
574 4376
575 4382
576 4387
577 4397
578 4400
579 4404
580 4410
581 4426
582 4437
583 4445
584 4462
585 4466
586 4468
587 4470
588 4478
589 4484
590 4489
591 4498
592 4502
593 4506
594 4528
595 4538
596 4541
597 4546
598 4551
599 4558
600 4559
601 4560
602 4561
603 4563
604 4575
605 4578
606 4580
607 4582
608 4584
609 4586
610 4587
611 4588
