0 0
1 52
2 66
3 74
4 84
5 94
6 99
7 100
8 103
9 113
10 114
11 115
12 116
13 117
14 118
15 119
16 120
17 121
18 122
19 123
20 124
21 125
22 126
23 127
24 128
25 129
26 130
27 131
28 132
29 133
30 134
31 135
32 136
33 137
34 138
35 139
36 140
37 141
38 142
39 143
40 144
41 145
42 146
43 147
44 149
45 152
46 153
47 154
48 155
49 156
50 158
51 161
52 162
53 163
54 165
55 190
56 192
57 195
58 196
59 197
60 199
61 208
62 212
63 215
64 217
65 224
66 233
67 236
68 239
69 240
70 241
71 242
72 243
73 244
74 245
75 246
76 247
77 248
78 249
79 250
80 251
81 252
82 253
83 254
84 255
85 256
86 257
87 258
88 259
89 260
90 267
91 269
92 270
93 271
94 272
95 273
96 274
97 275
98 286
99 287
100 291
101 315
102 329
103 350
104 358
105 361
106 373
107 374
108 375
109 379
110 380
111 381
112 382
113 383
114 384
115 385
116 386
117 387
118 388
119 389
120 390
121 394
122 395
123 396
124 397
125 399
126 403
127 404
128 405
129 406
130 408
131 409
132 410
133 411
134 418
135 432
136 435
137 450
138 472
139 475
140 485
141 494
142 506
143 508
144 517
145 535
146 560
147 575
148 606
149 626
150 641
151 642
152 670
153 687
154 688
155 713
156 714
157 733
158 735
159 747
160 761
161 763
162 791
163 806
164 832
165 833
166 845
167 865
168 891
169 893
170 894
171 895
172 896
173 923
174 935
175 945
176 961
177 962
178 971
179 972
180 992
181 1004
182 1012
183 1013
184 1023
185 1027
186 1043
187 1055
188 1059
189 1073
190 1079
191 1087
192 1107
193 1121
194 1130
195 1134
196 1146
197 1165
198 1166
199 1181
200 1182
201 1194
202 1206
203 1207
204 1215
205 1225
206 1242
207 1252
208 1254
209 1266
210 1267
211 1268
212 1269
213 1271
214 1278
215 1287
216 1297
217 1308
218 1310
219 1322
220 1323
221 1340
222 1341
223 1348
224 1351
225 1359
226 1365
227 1375
228 1377
229 1380
230 1383
231 1384
232 1386
233 1388
234 1391
235 1393
236 1394
237 1395
238 1396
239 1397
240 1398
241 1399
242 1400
243 1401
244 1403
245 1409
246 1410
247 1411
248 1412
249 1414
250 1415
251 1416
252 1418
253 1419
254 1420
255 1421
256 1422
257 1425
258 1427
259 1430
260 1434
261 1438
262 1442
263 1445
264 1450
265 1453
266 1456
267 1466
268 1471
269 1473
270 1475
271 1482
272 1494
273 1500
274 1507
275 1512
276 1522
277 1531
278 1532
279 1534
280 1550
281 1562
282 1572
283 1582
284 1592
285 1603
286 1614
287 1615
288 1618
289 1628
290 1631
291 1642
292 1646
293 1657
294 1662
295 1671
296 1672
297 1681
298 1682
299 1700
300 1707
301 1712
302 1718
303 1726
304 1733
305 1741
306 1747
307 1749
308 1756
309 1760
310 1796
311 1797
312 1828
313 1846
314 1847
315 1860
316 1867
317 1887
318 1902
319 1924
320 1932
321 1949
322 1950
323 1973
324 1987
325 1996
326 2008
327 2026
328 2029
329 2049
330 2050
331 2063
332 2069
333 2070
334 2072
335 2074
336 2075
337 2076
338 2077
339 2078
340 2079
341 2080
342 2081
343 2082
344 2083
345 2084
346 2085
347 2086
348 2087
349 2088
350 2089
351 2090
352 2091
353 2092
354 2093
355 2094
356 2095
357 2096
358 2097
359 2098
360 2099
361 2100
362 2101
363 2102
364 2103
365 2104
366 2105
367 2106
368 2107
369 2114
370 2115
371 2116
372 2117
373 2118
374 2119
375 2120
376 2121
377 2122
378 2124
379 2127
380 2130
381 2132
382 2143
383 2160
384 2183
385 2197
386 2198
387 2215
388 2218
389 2231
390 2244
391 2256
392 2268
393 2275
394 2286
395 2295
396 2300
397 2309
398 2319
399 2326
400 2333
401 2339
402 2346
403 2361
404 2365
405 2372
406 2375
407 2378
408 2380
409 2384
410 2385
411 2386
412 2387
413 2388
414 2389
415 2390
416 2391
417 2392
418 2393
419 2397
420 2398
421 2399
422 2400
423 2401
424 2402
425 2403
426 2404
427 2407
428 2421
429 2424
430 2426
431 2435
432 2437
433 2440
434 2442
435 2444
436 2446
437 2462
438 2470
439 2478
440 2486
441 2493
442 2504
443 2510
444 2517
445 2524
446 2541
447 2551
448 2560
449 2570
450 2575
451 2583
452 2593
453 2607
454 2622
455 2638
456 2657
457 2678
458 2697
459 2717
460 2729
461 2749
462 2763
463 2774
464 2786
465 2801
466 2822
467 2839
468 2856
469 2872
470 2895
471 2913
472 2926
473 2943
474 2954
475 2963
476 2978
477 2998
478 3007
479 3022
480 3036
481 3052
482 3071
483 3090
484 3108
485 3124
486 3139
487 3164
488 3185
489 3206
490 3226
491 3236
492 3260
493 3273
494 3284
495 3301
496 3317
497 3333
498 3347
499 3361
500 3365
501 3367
502 3369
503 3371
504 3374
505 3379
506 3383
507 3386
508 3388
509 3389
510 3390
511 3391
512 3393
513 3394
514 3395
515 3397
516 3398
517 3402
518 3423
519 3448
520 3465
521 3485
522 3506
523 3531
524 3556
525 3587
526 3603
527 3629
528 3651
529 3667
530 3689
531 3713
532 3731
533 3759
534 3773
535 3790
536 3802
537 3815
538 3825
539 3849
540 3871
541 3896
542 3919
543 3941
544 3946
545 3952
546 3954
547 3985
548 4004
549 4015
550 4029
551 4043
552 4049
553 4063
554 4086
555 4104
556 4113
557 4120
558 4129
559 4134
560 4145
561 4155
562 4160
563 4176
564 4188
565 4196
566 4210
567 4216
568 4223
569 4232
570 4241
571 4243
572 4250
573 4258
574 4264
575 4270
576 4275
577 4284
578 4287
579 4291
580 4296
581 4310
582 4321
583 4326
584 4341
585 4345
586 4347
587 4349
588 4357
589 4363
590 4368
591 4377
592 4381
593 4385
594 4407
595 4417
596 4420
597 4425
598 4430
599 4437
600 4438
601 4439
602 4440
603 4442
604 4454
605 4457
606 4459
607 4461
608 4463
609 4465
610 4466
611 4467
