2300 2300
2301 2301
2302 2302
2303 2303
2304 2304
2305 2305
2306 2306
2307 2307
2308 2308
2309 2309
2310 2310
2311 2311
2312 2312
2313 2313
2314 2314
2315 2315
2316 2316
2317 2317
2318 2318
2319 2319
2320 2320
2321 2321
2322 2322
2323 2323
2324 2324
2325 2325
2326 2326
2327 2327
2328 2328
2329 2329
2330 2330
2331 2331
2332 2332
2333 2333
2334 2334
2335 2335
2336 2336
2337 2337
2338 2338
2339 2339
2340 2340
2341 2341
2342 2342
2343 2343
2344 2344
2345 2345
2346 2346
2347 2347
2348 2348
2349 2349
2350 2350
2351 2351
2352 2352
2353 2353
2354 2354
2355 2355
2356 2356
2357 2357
2358 2358
2359 2359
2360 2360
2361 2361
2362 2362
2363 2363
2364 2364
2365 2365
2366 2366
2367 2367
2368 2368
2369 2369
2370 2370
2371 2371
2372 2372
2373 2373
2374 2374
2375 2375
2376 2376
2377 2377
2378 2378
2379 2379
2380 2380
2381 2381
2382 2382
2383 2383
2384 2384
2385 2385
2386 2386
2387 2387
2388 2388
2389 2389
2390 2390
2391 2391
2392 2392
2393 2393
2394 2394
2395 2395
2396 2396
2397 2398
2398 2399
2399 2400
2400 2401
2401 2402
2402 2403
2403 2404
2404 2406
2405 2407
2406 2408
2407 2421
2408 2422
2409 2423
2410 2424
2411 2425
2412 2429
2413 2430
2414 2431
2415 2432
2416 2434
2417 2435
2418 2436
2419 2437
2420 2438
2421 2439
2422 2440
2423 2441
2424 2442
2425 2445
2426 2446
2427 2447
2428 2448
2429 2449
2430 2450
2431 2451
2432 2452
2433 2453
2434 2454
2435 2455
2436 2456
2437 2457
2438 2459
2439 2460
2440 2461
2441 2463
2442 2464
2443 2465
2444 2466
2445 2467
2446 2468
2447 2469
2448 2470
2449 2471
2450 2472
2451 2473
2452 2474
2453 2475
2454 2476
2455 2477
2456 2478
2457 2479
2458 2480
2459 2481
2460 2482
2461 2483
2462 2484
2463 2485
2464 2486
2465 2487
2466 2488
2467 2489
2468 2490
2469 2491
2470 2492
2471 2493
2472 2494
2473 2495
2474 2496
2475 2497
2476 2498
2477 2499
2478 2500
2479 2501
2480 2502
2481 2503
2482 2504
2483 2505
2484 2506
2485 2507
2486 2508
2487 2509
2488 2510
2489 2511
2490 2512
2491 2513
2492 2514
2493 2515
2494 2516
2495 2517
2496 2518
2497 2519
2498 2520
2499 2521
2500 2522
2501 2523
2502 2524
2503 2525
2504 2526
2505 2527
2506 2528
2507 2529
2508 2530
2509 2531
2510 2532
2511 2533
2512 2534
2513 2535
2514 2536
2515 2537
2516 2538
2517 2539
2518 2540
2519 2541
2520 2542
2521 2543
2522 2544
2523 2547
2524 2548
2525 2549
2526 2550
2527 2551
2528 2552
2529 2553
2530 2554
2531 2555
2532 2556
2533 2557
2534 2558
2535 2559
2536 2560
2537 2561
2538 2562
2539 2563
2540 2564
2541 2565
2542 2566
2543 2567
2544 2568
2545 2569
2546 2570
2547 2571
2548 2572
2549 2573
2550 2574
2551 2575
2552 2576
2553 2577
2554 2578
2555 2579
2556 2580
2557 2581
2558 2582
2559 2583
2560 2584
2561 2585
2562 2586
2563 2587
2564 2588
2565 2589
2566 2590
2567 2591
2568 2592
2569 2593
2570 2594
2571 2595
2572 2596
2573 2597
2574 2598
2575 2599
2576 2600
2577 2601
2578 2602
2579 2603
2580 2604
2581 2605
2582 2606
2583 2607
2584 2608
2585 2609
2586 2610
2587 2611
2588 2612
2589 2613
2590 2614
2591 2615
2592 2616
2593 2617
2594 2618
2595 2619
2596 2620
2597 2621
2598 2622
2599 2623
2600 2624
2601 2625
2602 2626
2603 2627
2604 2628
2605 2629
2606 2630
2607 2631
2608 2632
2609 2633
2610 2634
2611 2635
2612 2636
2613 2637
2614 2638
2615 2639
2616 2640
2617 2641
2618 2642
2619 2643
2620 2644
2621 2645
2622 2646
2623 2647
2624 2648
2625 2649
2626 2650
2627 2651
2628 2652
2629 2653
2630 2654
2631 2655
2632 2656
2633 2657
2634 2658
2635 2659
2636 2660
2637 2661
2638 2662
2639 2663
2640 2664
2641 2665
2642 2666
2643 2667
2644 2668
2645 2669
2646 2670
2647 2671
2648 2672
2649 2673
2650 2674
2651 2675
2652 2676
2653 2677
2654 2678
2655 2679
2656 2680
2657 2681
2658 2682
2659 2683
2660 2684
2661 2685
2662 2686
2663 2687
2664 2688
2665 2689
2666 2690
2667 2691
2668 2692
2669 2693
2670 2694
2671 2695
2672 2696
2673 2697
2674 2698
2675 2699
2676 2700
2677 2701
2678 2702
2679 2703
2680 2704
2681 2705
2682 2706
2683 2707
2684 2708
2685 2709
2686 2710
2687 2711
2688 2712
2689 2713
2690 2714
2691 2715
2692 2716
2693 2717
2694 2718
2695 2719
2696 2720
2697 2721
2698 2722
2699 2723
2700 2724
2701 2725
2702 2726
2703 2727
2704 2728
2705 2729
2706 2730
2707 2731
2708 2732
2709 2733
2710 2734
2711 2735
2712 2736
2713 2737
2714 2738
2715 2739
2716 2740
2717 2741
2718 2742
2719 2743
2720 2744
2721 2745
2722 2746
2723 2747
2724 2748
2725 2749
2726 2750
2727 2751
2728 2752
2729 2756
2730 2757
2731 2758
2732 2759
2733 2760
2734 2761
2735 2762
2736 2763
2737 2764
2738 2765
2739 2766
2740 2767
2741 2768
2742 2769
2743 2770
2744 2771
2745 2772
2746 2773
2747 2774
2748 2775
2749 2776
2750 2777
2751 2778
2752 2779
2753 2780
2754 2781
2755 2782
2756 2783
2757 2784
2758 2785
2759 2786
2760 2787
2761 2788
2762 2789
2763 2790
2764 2791
2765 2792
2766 2793
2767 2794
2768 2795
2769 2796
2770 2797
2771 2798
2772 2799
2773 2800
2774 2801
2775 2802
2776 2803
2777 2804
2778 2805
2779 2806
2780 2807
2781 2808
2782 2809
2783 2810
2784 2811
2785 2812
2786 2813
2787 2814
2788 2815
2789 2816
2790 2817
2791 2818
2792 2819
2793 2820
2794 2821
2795 2822
2796 2823
2797 2824
2798 2825
2799 2826
2800 2827
2801 2828
2802 2829
2803 2830
2804 2831
2805 2832
2806 2833
2807 2834
2808 2835
2809 2836
2810 2837
2811 2838
2812 2839
2813 2840
2814 2841
2815 2842
2816 2843
2817 2844
2818 2845
2819 2846
2820 2847
2821 2848
2822 2849
2823 2850
2824 2851
2825 2852
2826 2853
2827 2854
2828 2855
2829 2856
2830 2857
2831 2858
2832 2859
2833 2860
2834 2861
2835 2862
2836 2863
2837 2864
2838 2865
2839 2866
2840 2867
2841 2868
2842 2869
2843 2870
2844 2871
2845 2872
2846 2873
2847 2874
2848 2875
2849 2876
2850 2877
2851 2878
2852 2879
2853 2880
2854 2881
2855 2882
2856 2883
2857 2884
2858 2885
2859 2886
2860 2887
2861 2888
2862 2889
2863 2890
2864 2891
2865 2892
2866 2893
2867 2894
2868 2895
2869 2896
2870 2897
2871 2898
2872 2899
2873 2900
2874 2901
2875 2902
2876 2903
2877 2904
2878 2905
2879 2906
2880 2907
2881 2908
2882 2909
2883 2910
2884 2911
2885 2912
2886 2913
2887 2914
2888 2915
2889 2916
2890 2917
2891 2918
2892 2919
2893 2920
2894 2921
2895 2922
2896 2923
2897 2924
2898 2925
2899 2926
2900 2927
2901 2928
2902 2929
2903 2930
2904 2931
2905 2932
2906 2933
2907 2934
2908 2935
2909 2936
2910 2937
2911 2938
2912 2939
2913 2940
2914 2941
2915 2942
2916 2943
2917 2944
2918 2945
2919 2946
2920 2947
2921 2948
2922 2949
2923 2950
2924 2951
2925 2952
2926 2953
2927 2954
2928 2955
2929 2956
2930 2957
2931 2958
2932 2959
2933 2960
2934 2961
2935 2962
2936 2963
2937 2964
2938 2965
2939 2966
2940 2967
2941 2968
2942 2969
2943 2970
2944 2971
2945 2972
2946 2973
2947 2974
2948 2975
2949 2976
2950 2977
2951 2978
2952 2979
2953 2980
2954 2981
2955 2982
2956 2983
2957 2984
2958 2985
2959 2986
2960 2987
2961 2988
2962 2989
2963 2990
2964 2991
2965 2992
2966 2993
2967 2994
2968 2995
2969 2996
2970 2997
2971 2998
2972 2999
2973 3000
2974 3001
2975 3002
2976 3003
2977 3004
2978 3005
2979 3006
2980 3007
2981 3008
2982 3009
2983 3010
2984 3011
2985 3012
2986 3013
2987 3014
2988 3015
2989 3016
2990 3017
2991 3018
2992 3019
2993 3020
2994 3021
2995 3022
2996 3023
2997 3024
2998 3025
2999 3026
3000 3027
3001 3028
3002 3029
3003 3030
3004 3031
3005 3032
3006 3033
3007 3034
3008 3035
3009 3036
3010 3037
3011 3038
3012 3039
3013 3040
3014 3041
3015 3042
3016 3043
3017 3044
3018 3045
3019 3046
3020 3047
3021 3048
3022 3049
3023 3050
3024 3051
3025 3052
3026 3053
3027 3054
3028 3055
3029 3056
3030 3057
3031 3058
3032 3059
3033 3060
3034 3061
3035 3062
3036 3063
3037 3064
3038 3065
3039 3066
3040 3067
3041 3068
3042 3069
3043 3070
3044 3071
3045 3072
3046 3073
3047 3074
3048 3075
3049 3076
3050 3077
3051 3078
3052 3079
3053 3080
3054 3081
3055 3082
3056 3083
3057 3084
3058 3085
3059 3086
3060 3087
3061 3088
3062 3089
3063 3090
3064 3091
3065 3092
3066 3093
3067 3094
3068 3095
3069 3096
3070 3097
3071 3098
3072 3099
3073 3100
3074 3101
3075 3102
3076 3103
3077 3104
3078 3105
3079 3106
3080 3107
3081 3108
3082 3109
3083 3110
3084 3111
3085 3112
3086 3113
3087 3114
3088 3115
3089 3116
3090 3117
3091 3118
3092 3119
3093 3120
3094 3121
3095 3122
3096 3123
3097 3124
3098 3125
3099 3126
3100 3127
3101 3128
3102 3129
3103 3130
3104 3131
3105 3132
3106 3133
3107 3134
3108 3135
3109 3136
3110 3137
3111 3138
3112 3139
3113 3140
3114 3141
3115 3142
3116 3143
3117 3144
3118 3145
3119 3146
3120 3147
3121 3148
3122 3149
3123 3150
3124 3151
3125 3152
3126 3153
3127 3154
3128 3155
3129 3156
3130 3157
3131 3158
3132 3159
3133 3160
3134 3161
3135 3162
3136 3163
3137 3164
3138 3165
3139 3166
3140 3167
3141 3168
3142 3169
3143 3170
3144 3171
3145 3172
3146 3173
3147 3174
3148 3175
3149 3176
3150 3177
3151 3178
3152 3179
3153 3180
3154 3181
3155 3182
3156 3183
3157 3184
3158 3185
3159 3186
3160 3187
3161 3188
3162 3189
3163 3190
3164 3191
3165 3192
3166 3193
3167 3194
3168 3195
3169 3196
3170 3197
3171 3198
3172 3199
3173 3200
3174 3201
3175 3202
3176 3203
3177 3204
3178 3205
3179 3206
3180 3207
3181 3208
3182 3209
3183 3210
3184 3211
3185 3212
3186 3213
3187 3214
3188 3215
3189 3216
3190 3217
3191 3218
3192 3219
3193 3220
3194 3221
3195 3222
3196 3223
3197 3224
3198 3225
3199 3226
3200 3227
3201 3228
3202 3229
3203 3230
3204 3231
3205 3232
3206 3233
3207 3234
3208 3235
3209 3236
3210 3237
3211 3238
3212 3239
3213 3240
3214 3241
3215 3242
3216 3243
3217 3244
3218 3245
3219 3246
3220 3247
3221 3248
3222 3249
3223 3250
3224 3251
3225 3252
3226 3253
3227 3254
3228 3255
3229 3256
3230 3257
3231 3258
3232 3259
3233 3260
3234 3261
3235 3266
3236 3267
3237 3268
3238 3269
3239 3270
3240 3271
3241 3272
3242 3273
3243 3274
3244 3275
3245 3276
3246 3277
3247 3278
3248 3279
3249 3280
3250 3281
3251 3282
3252 3283
3253 3284
3254 3285
3255 3286
3256 3287
3257 3288
3258 3289
3259 3290
3260 3291
3261 3292
3262 3293
3263 3294
3264 3295
3265 3296
3266 3297
3267 3298
3268 3299
3269 3300
3270 3301
3271 3302
3272 3303
3273 3304
3274 3305
3275 3306
3276 3307
3277 3308
3278 3309
3279 3310
3280 3311
3281 3312
3282 3313
3283 3314
3284 3315
3285 3316
3286 3317
3287 3318
3288 3319
3289 3320
3290 3321
3291 3322
3292 3323
3293 3324
3294 3325
3295 3326
3296 3327
3297 3328
3298 3329
3299 3330
3300 3331
3301 3332
3302 3333
3303 3334
3304 3335
3305 3336
3306 3337
3307 3338
3308 3339
3309 3340
3310 3341
3311 3342
3312 3343
3313 3344
3314 3345
3315 3346
3316 3347
3317 3348
3318 3349
3319 3350
3320 3351
3321 3352
3322 3353
3323 3354
3324 3355
3325 3356
3326 3357
3327 3358
3328 3359
3329 3360
3330 3361
3331 3362
3332 3363
3333 3364
3334 3365
3335 3366
3336 3367
3337 3368
3338 3369
3339 3370
3340 3371
3341 3372
3342 3373
3343 3374
3344 3375
3345 3376
3346 3377
3347 3378
3348 3379
3349 3380
3350 3381
3351 3382
3352 3383
3353 3384
3354 3385
3355 3386
3356 3387
3357 3388
3358 3389
3359 3390
3360 3391
3361 3392
3362 3393
3363 3394
3364 3395
3365 3396
3366 3397
3367 3398
3368 3399
3369 3400
3370 3401
3371 3402
3372 3403
3373 3404
3374 3405
3375 3406
3376 3407
3377 3408
3378 3409
3379 3410
3380 3411
3381 3412
3382 3413
3383 3414
3384 3415
3385 3416
3386 3417
3387 3418
3388 3419
3389 3420
3390 3421
3391 3422
3392 3423
3393 3424
3394 3425
3395 3426
3396 3427
3397 3428
3398 3432
3399 3433
3400 3434
3401 3435
3402 3464
3403 3465
3404 3466
3405 3467
3406 3468
3407 3469
3408 3470
3409 3471
3410 3472
3411 3473
3412 3474
3413 3475
3414 3476
3415 3477
3416 3478
3417 3479
3418 3480
3419 3481
3420 3482
3421 3483
3422 3484
3423 3485
3424 3486
3425 3487
3426 3488
3427 3489
3428 3490
3429 3491
3430 3492
3431 3493
3432 3494
3433 3495
3434 3496
3435 3497
3436 3498
3437 3499
3438 3500
3439 3501
3440 3502
3441 3503
3442 3504
3443 3505
3444 3506
3445 3507
3446 3508
3447 3509
3448 3510
3449 3511
3450 3512
3451 3513
3452 3514
3453 3515
3454 3516
3455 3517
3456 3518
3457 3519
3458 3520
3459 3521
3460 3522
3461 3523
3462 3524
3463 3525
3464 3526
3465 3527
3466 3528
3467 3529
3468 3530
3469 3531
3470 3532
3471 3533
3472 3534
3473 3535
3474 3536
3475 3537
3476 3538
3477 3539
3478 3540
3479 3541
3480 3542
3481 3543
3482 3544
3483 3545
3484 3546
3485 3547
3486 3548
3487 3549
3488 3550
3489 3551
3490 3552
3491 3553
3492 3554
3493 3555
3494 3556
3495 3557
3496 3558
3497 3559
3498 3560
3499 3561
3500 3562
3501 3563
3502 3564
3503 3565
3504 3566
3505 3567
3506 3568
3507 3569
3508 3570
3509 3571
3510 3572
3511 3573
3512 3574
3513 3575
3514 3576
3515 3577
3516 3578
3517 3579
3518 3580
3519 3581
3520 3582
3521 3583
3522 3584
3523 3585
3524 3586
3525 3587
3526 3588
3527 3589
3528 3590
3529 3591
3530 3592
3531 3593
3532 3594
3533 3595
3534 3596
3535 3597
3536 3598
3537 3599
3538 3600
3539 3601
3540 3602
3541 3603
3542 3604
3543 3605
3544 3606
3545 3607
3546 3608
3547 3609
3548 3610
3549 3611
3550 3612
3551 3613
3552 3614
3553 3615
3554 3616
3555 3617
3556 3618
3557 3619
3558 3620
3559 3621
3560 3622
3561 3623
3562 3624
3563 3625
3564 3626
3565 3627
3566 3628
3567 3629
3568 3630
3569 3631
3570 3632
3571 3633
3572 3634
3573 3635
3574 3636
3575 3637
3576 3638
3577 3639
3578 3640
3579 3641
3580 3642
3581 3643
3582 3644
3583 3645
3584 3646
3585 3647
3586 3648
3587 3649
3588 3650
3589 3651
3590 3652
3591 3653
3592 3654
3593 3655
3594 3656
3595 3657
3596 3658
3597 3659
3598 3660
3599 3661
3600 3662
3601 3663
3602 3664
3603 3665
3604 3666
3605 3667
3606 3668
3607 3669
3608 3670
3609 3671
3610 3672
3611 3673
3612 3674
3613 3675
3614 3676
3615 3677
3616 3678
3617 3679
3618 3680
3619 3681
3620 3682
3621 3683
3622 3684
3623 3685
3624 3686
3625 3687
3626 3688
3627 3689
3628 3690
3629 3691
3630 3692
3631 3693
3632 3694
3633 3695
3634 3696
3635 3697
3636 3698
3637 3699
3638 3700
3639 3701
3640 3702
3641 3703
3642 3704
3643 3705
3644 3706
3645 3707
3646 3708
3647 3709
3648 3710
3649 3711
3650 3712
3651 3713
3652 3714
3653 3715
3654 3716
3655 3717
3656 3718
3657 3719
3658 3720
3659 3721
3660 3722
3661 3723
3662 3724
3663 3725
3664 3726
3665 3727
3666 3728
3667 3729
3668 3730
3669 3731
3670 3732
3671 3733
3672 3734
3673 3735
3674 3736
3675 3737
3676 3738
3677 3739
3678 3740
3679 3741
3680 3742
3681 3743
3682 3744
3683 3745
3684 3746
3685 3747
3686 3748
3687 3749
3688 3750
3689 3751
3690 3752
3691 3753
3692 3754
3693 3755
3694 3756
3695 3757
3696 3758
3697 3759
3698 3760
3699 3761
3700 3762
3701 3763
3702 3764
3703 3765
3704 3766
3705 3767
3706 3768
3707 3769
3708 3770
3709 3771
3710 3772
3711 3773
3712 3774
3713 3775
3714 3776
3715 3777
3716 3778
3717 3779
3718 3780
3719 3781
3720 3782
3721 3783
3722 3784
3723 3785
3724 3786
3725 3787
3726 3788
3727 3789
3728 3790
3729 3791
3730 3792
3731 3793
3732 3794
3733 3795
3734 3796
3735 3797
3736 3798
3737 3799
3738 3800
3739 3801
3740 3802
3741 3803
3742 3804
3743 3805
3744 3806
3745 3807
3746 3808
3747 3809
3748 3810
3749 3811
3750 3812
3751 3813
3752 3814
3753 3815
3754 3816
3755 3817
3756 3818
3757 3819
3758 3820
3759 3821
3760 3822
3761 3823
3762 3824
3763 3825
3764 3826
3765 3827
3766 3828
3767 3829
3768 3830
3769 3831
3770 3832
3771 3839
3772 3840
3773 3841
3774 3842
3775 3843
3776 3844
3777 3845
3778 3846
3779 3847
3780 3848
3781 3849
3782 3850
3783 3851
3784 3852
3785 3853
3786 3854
3787 3855
3788 3856
3789 3857
3790 3858
3791 3859
3792 3860
3793 3861
3794 3862
3795 3863
3796 3864
3797 3865
3798 3866
3799 3867
3800 3868
3801 3869
3802 3870
3803 3871
3804 3872
3805 3873
3806 3874
3807 3875
3808 3876
3809 3877
3810 3878
3811 3879
3812 3880
3813 3881
3814 3882
3815 3883
3816 3884
3817 3885
3818 3886
3819 3887
3820 3888
3821 3889
3822 3890
3823 3891
3824 3892
3825 3893
3826 3894
3827 3895
3828 3896
3829 3897
3830 3898
3831 3899
3832 3900
3833 3901
3834 3902
3835 3903
3836 3904
3837 3905
3838 3906
3839 3907
3840 3908
3841 3909
3842 3910
3843 3911
3844 3912
3845 3913
3846 3914
3847 3915
3848 3916
3849 3917
3850 3918
3851 3919
3852 3920
3853 3921
3854 3922
3855 3923
3856 3924
3857 3925
3858 3926
3859 3927
3860 3928
3861 3929
3862 3930
3863 3931
3864 3932
3865 3933
3866 3934
3867 3935
3868 3936
3869 3937
3870 3938
3871 3939
3872 3940
3873 3941
3874 3942
3875 3943
3876 3944
3877 3945
3878 3946
3879 3947
3880 3948
3881 3949
3882 3950
3883 3951
3884 3952
3885 3953
3886 3954
3887 3955
3888 3956
3889 3957
3890 3958
3891 3959
3892 3960
3893 3961
3894 3962
3895 3963
3896 3964
3897 3965
3898 3966
3899 3967
3900 3968
3901 3969
3902 3970
3903 3971
3904 3972
3905 3973
3906 3974
3907 3975
3908 3976
3909 3977
3910 3978
3911 3979
3912 3980
3913 3981
3914 3982
3915 3983
3916 3984
3917 3985
3918 3986
3919 3987
3920 3988
3921 3989
3922 3990
3923 3991
3924 3992
3925 3993
3926 3994
3927 3995
3928 3996
3929 3997
3930 3998
3931 3999
3932 4000
3933 4001
3934 4002
3935 4003
3936 4004
3937 4005
3938 4006
3939 4007
3940 4008
3941 4021
3942 4022
3943 4023
3944 4024
3945 4025
3946 4026
3947 4027
3948 4028
3949 4029
3950 4030
3951 4031
3952 4032
3953 4033
3954 4043
3955 4044
3956 4045
3957 4046
3958 4047
3959 4048
3960 4052
3961 4053
3962 4054
3963 4055
3964 4056
3965 4057
3966 4058
3967 4059
3968 4060
3969 4061
3970 4062
3971 4063
3972 4064
3973 4065
3974 4066
3975 4070
3976 4071
3977 4072
3978 4073
3979 4074
3980 4075
3981 4076
3982 4077
3983 4080
3984 4081
3985 4082
3986 4083
3987 4084
3988 4085
3989 4086
3990 4087
3991 4088
3992 4089
3993 4090
3994 4091
3995 4092
3996 4093
3997 4094
3998 4095
3999 4096
4000 4097
4001 4098
4002 4099
4003 4100
4004 4101
4005 4102
4006 4103
4007 4104
4008 4105
4009 4106
4010 4107
4011 4108
4012 4109
4013 4110
4014 4111
4015 4112
4016 4113
4017 4114
4018 4115
4019 4116
4020 4117
4021 4118
4022 4119
4023 4120
4024 4121
4025 4122
4026 4123
4027 4124
4028 4125
4029 4126
4030 4127
4031 4128
4032 4129
4033 4130
4034 4131
4035 4132
4036 4133
4037 4134
4038 4135
4039 4136
4040 4137
4041 4138
4042 4139
4043 4148
4044 4149
4045 4150
4046 4151
4047 4155
4048 4156
4049 4157
4050 4158
4051 4159
4052 4160
4053 4161
4054 4162
4055 4163
4056 4164
4057 4165
4058 4166
4059 4167
4060 4168
4061 4169
4062 4172
4063 4173
4064 4174
4065 4175
4066 4176
4067 4177
4068 4178
4069 4179
4070 4180
4071 4181
4072 4182
4073 4183
4074 4184
4075 4185
4076 4186
4077 4187
4078 4188
4079 4189
4080 4190
4081 4191
4082 4192
4083 4193
4084 4194
4085 4195
4086 4196
4087 4197
4088 4198
4089 4199
4090 4200
4091 4201
4092 4202
4093 4203
4094 4204
4095 4205
4096 4206
4097 4207
4098 4208
4099 4209
4100 4210
4101 4211
4102 4212
4103 4213
4104 4214
4105 4215
4106 4216
4107 4217
4108 4218
4109 4219
4110 4220
4111 4221
4112 4222
4113 4223
4114 4224
4115 4225
4116 4226
4117 4227
4118 4228
4119 4229
4120 4230
4121 4231
4122 4232
4123 4233
4124 4234
4125 4235
4126 4236
4127 4237
4128 4238
4129 4239
4130 4240
4131 4241
4132 4242
4133 4243
4134 4244
4135 4245
4136 4246
4137 4247
4138 4248
4139 4249
4140 4250
4141 4251
4142 4252
4143 4253
4144 4254
4145 4257
4146 4258
4147 4259
4148 4260
4149 4261
4150 4262
4151 4263
4152 4264
4153 4265
4154 4266
4155 4267
4156 4268
4157 4269
4158 4270
4159 4271
4160 4272
4161 4273
4162 4274
4163 4275
4164 4276
4165 4277
4166 4278
4167 4279
4168 4280
4169 4281
4170 4282
4171 4283
4172 4284
4173 4285
4174 4286
4175 4287
4176 4288
4177 4289
4178 4290
4179 4291
4180 4292
4181 4293
4182 4294
4183 4295
4184 4296
4185 4297
4186 4298
4187 4299
4188 4300
4189 4301
4190 4302
4191 4303
4192 4304
4193 4305
4194 4306
4195 4307
4196 4308
4197 4309
4198 4310
4199 4311
4200 4312
4201 4313
4202 4314
4203 4315
4204 4316
4205 4317
4206 4318
4207 4319
4208 4320
4209 4321
4210 4322
4211 4323
4212 4324
4213 4325
4214 4326
4215 4327
4216 4328
4217 4329
4218 4330
4219 4331
4220 4332
4221 4333
4222 4334
4223 4335
4224 4336
4225 4337
4226 4338
4227 4339
4228 4340
4229 4341
4230 4342
4231 4343
4232 4344
4233 4345
4234 4346
4235 4347
4236 4348
4237 4349
4238 4350
4239 4351
4240 4352
4241 4353
4242 4354
4243 4355
4244 4356
4245 4357
4246 4358
4247 4359
4248 4360
4249 4361
4250 4362
4251 4363
4252 4364
4253 4365
4254 4366
4255 4367
4256 4368
4257 4369
4258 4370
4259 4371
4260 4372
4261 4373
4262 4374
4263 4375
4264 4376
4265 4377
4266 4378
4267 4379
4268 4380
4269 4381
4270 4382
4271 4383
4272 4384
4273 4385
4274 4386
4275 4387
4276 4389
4277 4390
4278 4391
4279 4392
4280 4393
4281 4394
4282 4395
4283 4396
4284 4397
4285 4398
4286 4399
4287 4400
4288 4401
4289 4402
4290 4403
4291 4404
4292 4405
4293 4407
4294 4408
4295 4409
4296 4410
4297 4411
4298 4412
4299 4413
4300 4414
4301 4415
4302 4416
4303 4417
4304 4418
4305 4419
4306 4420
4307 4421
4308 4422
4309 4423
4310 4426
4311 4427
4312 4428
4313 4429
4314 4430
4315 4431
4316 4432
4317 4433
4318 4434
4319 4435
4320 4436
4321 4437
4322 4438
4323 4439
4324 4440
4325 4441
4326 4445
4327 4446
4328 4447
4329 4448
4330 4450
4331 4451
4332 4452
4333 4453
4334 4454
4335 4455
4336 4456
4337 4457
4338 4458
4339 4460
4340 4461
4341 4462
4342 4463
4343 4464
4344 4465
4345 4466
4346 4467
4347 4468
4348 4469
4349 4470
4350 4471
4351 4472
4352 4473
4353 4474
4354 4475
4355 4476
4356 4477
4357 4478
4358 4479
4359 4480
4360 4481
4361 4482
4362 4483
4363 4484
4364 4485
4365 4486
4366 4487
4367 4488
4368 4489
4369 4490
4370 4491
4371 4492
4372 4493
4373 4494
4374 4495
4375 4496
4376 4497
4377 4498
4378 4499
4379 4500
4380 4501
4381 4502
4382 4503
4383 4504
4384 4505
4385 4506
4386 4507
4387 4508
4388 4509
4389 4510
4390 4511
4391 4512
4392 4513
4393 4514
4394 4515
4395 4516
4396 4517
4397 4518
4398 4519
4399 4520
4400 4521
4401 4522
4402 4523
4403 4524
4404 4525
4405 4526
4406 4527
4407 4528
4408 4529
4409 4530
4410 4531
4411 4532
4412 4533
4413 4534
4414 4535
4415 4536
4416 4537
4417 4538
4418 4539
4419 4540
4420 4541
4421 4542
4422 4543
4423 4544
4424 4545
4425 4546
4426 4547
4427 4548
4428 4549
4429 4550
4430 4551
4431 4552
4432 4553
4433 4554
4434 4555
4435 4556
4436 4557
4437 4558
4438 4559
4439 4560
4440 4561
4441 4562
4442 4563
4443 4564
4444 4565
4445 4566
4446 4567
4447 4568
4448 4569
4449 4570
4450 4571
4451 4572
4452 4573
4453 4574
4454 4575
4455 4576
4456 4577
4457 4578
4458 4579
4459 4580
4460 4581
4461 4582
4462 4583
4463 4584
4464 4585
4465 4586
4466 4587
4467 4588
