40001 104 270
40002 104 270
40003 104 270
40004 104 270
40005 104 270
40006 104 270
40007 104 270
40008 104 270
40009 104 270
40010 104 270
40011 104 270
40012 104 270
40013 104 270
40014 104 270
40015 104 270
40016 104 270
40017 104 270
40018 104 270
40019 104 270
40020 104 225
40021 104 225
40022 104 225
40023 104 225
40024 104 225
40025 104 225
40026 104 225
40027 104 225
40028 104 225
40029 104 225
40030 104 225
40031 104 225
40032 104 225
40033 104 225
40034 104 225
40035 104 225
40036 104 225
40037 104 225
40038 104 225
40039 104 225
40040 104 225
40041 104 225
40042 104 225
40043 104 225
40044 104 225
40045 104 225
40046 104 225
40047 104 225
40048 104 225
40049 104 225
40050 104 180
40051 104 180
40052 104 180
40053 104 180
40054 104 180
40055 104 180
40056 104 180
40057 104 180
40058 104 180
40059 104 180
40060 104 180
40061 104 180
40062 104 180
40063 104 180
40064 104 180
40065 104 180
40066 104 180
40067 104 180
40068 104 180
40069 104 180
40070 104 180
40071 104 180
40072 104 180
40073 104 180
40074 104 180
40075 104 180
40076 104 180
40077 104 180
40078 104 180
40079 104 180
40080 104 135
40081 104 135
40082 104 135
40083 104 135
40084 104 135
40085 104 135
40086 104 135
40087 104 135
40088 104 135
40089 104 135
40090 104 135
40091 104 135
40092 104 135
40093 104 135
40094 104 135
40095 104 135
40096 104 135
40097 104 135
40098 104 135
40099 104 135
40100 104 135
40101 104 135
40102 104 135
40103 104 135
40104 104 135
40105 104 135
40106 104 135
40107 104 135
40108 104 135
40109 104 135
40110 104 90
40111 104 90
40112 104 90
40113 104 90
40114 104 90
40115 104 90
40116 104 90
40117 104 90
40118 104 90
40119 104 90
40120 104 90
40121 104 90
40122 104 90
40123 104 90
40124 104 90
40125 104 90
40126 104 90
40127 104 90
40128 104 90
40129 104 90
40130 104 90
40131 104 90
40132 104 90
40133 104 90
40134 104 90
40135 104 90
40136 104 90
40137 104 90
40138 104 90
40139 104 90
40140 104 45
40141 104 45
40142 104 45
40143 104 45
40144 104 45
40145 104 45
40146 104 45
40147 104 45
40148 104 45
40149 104 45
40150 104 45
40151 104 45
40152 104 45
40153 104 45
40154 104 45
40155 104 45
40156 104 45
40157 104 45
40158 104 45
40159 104 45
40160 104 45
40161 104 45
40162 104 45
40163 104 45
40164 104 45
40165 104 45
40166 104 45
40167 104 45
40168 104 45
40169 104 45
40170 104 0
40171 104 0
40172 104 0
40173 104 0
40174 104 0
40175 104 0
40176 104 0
40177 104 0
40178 104 0
40179 104 0
40180 104 0
40181 104 0
40182 104 0
40183 104 0
40184 104 0
40185 104 0
40186 104 0
40187 104 0
40188 104 0
40189 104 0
40190 104 0
40191 104 0
40192 104 0
40193 104 0
40194 104 0
40195 104 0
40196 104 0
40197 104 0
40198 104 0
40199 104 0
40200 104 0
40201 104 0
40202 104 0
40203 104 0
40204 103 0
40205 103 0
40206 103 0
40207 103 0
40208 103 0
40209 103 0
40210 103 0
40211 103 0
40212 103 0
40213 103 0
40214 103 0
40215 103 0
40216 103 0
40217 103 0
40218 103 0
40219 103 0
40220 103 0
40221 103 315
40222 103 315
40223 103 315
40224 103 315
40225 103 315
40226 103 315
40227 103 315
40228 103 315
40229 103 315
40230 103 315
40231 103 315
40232 103 315
40233 103 315
40234 103 315
40235 103 315
40236 103 315
40237 103 315
40238 103 315
40239 103 315
40240 103 315
40241 103 315
40242 103 315
40243 103 315
40244 103 315
40245 103 315
40246 103 315
40247 103 315
40248 103 315
40249 103 315
40250 103 315
40251 103 315
40252 103 315
40253 103 315
40254 103 315
40255 103 315
40256 103 315
40257 103 315
40258 103 315
40259 103 315
40260 103 315
40261 103 315
40262 103 315
40263 103 315
40264 103 315
40265 103 315
40266 103 315
40267 103 315
40268 103 270
40269 103 270
40270 103 270
40271 103 270
40272 103 270
40273 103 270
40274 103 270
40275 103 270
40276 103 270
40277 103 270
40278 103 270
40279 103 270
40280 103 270
40281 103 270
40282 103 270
40283 103 270
40284 103 270
40285 103 270
40286 103 270
40287 103 270
40288 103 270
40289 103 270
40290 103 270
40291 103 270
40292 103 270
40293 103 270
40294 103 270
40295 103 270
40296 103 270
40297 103 270
40298 103 270
40299 103 270
40300 103 225
40301 103 225
40302 103 225
40303 103 225
40304 103 225
40305 103 225
40306 103 225
40307 103 225
40308 103 225
40309 103 225
40310 103 225
40311 103 225
40312 103 225
40313 103 225
40314 103 225
40315 103 225
40316 103 225
40317 103 225
40318 103 225
40319 103 225
40320 103 225
40321 103 225
40322 103 225
40323 103 225
40324 103 225
40325 103 225
40326 103 225
40327 103 225
40328 103 225
40329 103 225
40330 103 225
40331 103 225
40332 103 180
40333 103 180
40334 103 180
40335 103 180
40336 103 180
40337 103 180
40338 103 180
40339 103 180
40340 103 180
40341 103 180
40342 103 180
40343 103 180
40344 103 180
40345 103 180
40346 103 180
40347 103 180
40348 103 180
40349 103 180
40350 103 180
40351 103 180
40352 103 180
40353 103 180
40354 103 180
40355 103 180
40356 103 180
40357 103 180
40358 103 180
40359 103 180
40360 103 180
40361 103 180
40362 103 180
40363 103 135
40364 103 135
40365 103 135
40366 103 135
40367 103 135
40368 103 135
40369 103 135
40370 103 135
40371 103 135
40372 103 135
40373 103 135
40374 103 135
40375 103 135
40376 103 135
40377 103 135
40378 103 135
40379 103 135
40380 103 135
40381 103 135
40382 103 135
40383 103 135
40384 103 135
40385 103 135
40386 103 135
40387 103 135
40388 103 135
40389 103 135
40390 103 135
40391 103 135
40392 103 135
40393 103 135
40394 103 135
40395 103 90
40396 103 90
40397 103 90
40398 103 90
40399 103 90
40400 103 90
40401 103 90
40402 103 90
40403 103 90
40404 103 90
40405 103 90
40406 103 90
40407 103 90
40408 103 90
40409 103 90
40410 103 90
40411 103 90
40412 103 90
40413 103 90
40414 103 90
40415 103 90
40416 103 90
40417 103 90
40418 103 90
40419 103 90
40420 103 90
40421 103 90
40422 103 90
40423 103 90
40424 103 90
40425 103 90
40426 103 90
40427 103 45
40428 103 45
40429 103 45
40430 103 45
40431 103 45
40432 103 45
40433 103 45
40434 103 45
40435 103 45
40436 103 45
40437 103 45
40438 103 45
40439 103 45
40440 103 45
40441 103 45
40442 103 45
40443 103 45
40444 103 45
40445 103 45
40446 103 45
40447 103 45
40448 103 45
40449 103 45
40450 103 45
40451 103 45
40452 103 45
40453 103 45
40454 103 45
40455 103 45
40456 103 45
40457 103 45
40458 103 45
40459 103 0
40460 103 0
40461 103 0
40462 103 0
40463 103 0
40464 103 0
40465 103 0
40466 103 0
40467 103 0
40468 103 0
40469 103 0
40470 103 0
40471 103 0
40472 103 0
40473 103 0
40474 103 0
40475 103 0
40476 103 0
40477 103 0
40478 103 0
40479 103 0
40480 103 0
40481 103 0
40482 103 0
40483 103 0
40484 103 0
40485 103 0
40486 103 0
40487 103 0
40488 103 0
40489 103 0
40490 103 0
40491 103 0
40492 103 0
40493 103 0
40494 103 0
40495 102 0
40496 102 0
40497 102 0
40498 102 0
40499 102 0
40500 102 0
40501 102 0
40502 102 0
40503 102 0
40504 102 0
40505 102 0
40506 102 0
40507 102 0
40508 102 0
40509 102 0
40510 102 0
40511 102 315
40512 102 315
40513 102 315
40514 102 315
40515 102 315
40516 102 315
40517 102 315
40518 102 315
40519 102 315
40520 102 315
40521 102 315
40522 102 315
40523 102 315
40524 102 315
40525 102 315
40526 102 315
40527 102 315
40528 102 315
40529 102 315
40530 102 315
40531 102 315
40532 102 315
40533 102 315
40534 102 315
40535 102 315
40536 102 315
40537 102 315
40538 102 315
40539 102 315
40540 102 315
40541 102 315
40542 102 315
40543 102 270
40544 102 270
40545 102 270
40546 102 270
40547 102 270
40548 102 270
40549 102 270
40550 102 270
40551 102 270
40552 102 270
40553 102 270
40554 102 270
40555 102 270
40556 102 270
40557 102 270
40558 102 270
40559 102 270
40560 102 270
40561 102 270
40562 102 270
40563 102 270
40564 102 270
40565 102 225
40566 102 225
40567 102 225
40568 102 225
40569 102 225
40570 102 225
40571 102 225
40572 102 225
40573 102 225
40574 102 225
40575 102 225
40576 102 225
40577 102 225
40578 102 225
40579 102 225
40580 102 225
40581 102 225
40582 102 225
40583 102 225
40584 102 225
40585 102 225
40586 102 225
40587 102 180
40588 102 180
40589 102 180
40590 102 180
40591 102 180
40592 102 180
40593 102 180
40594 102 180
40595 102 180
40596 102 180
40597 102 180
40598 102 180
40599 102 180
40600 102 180
40601 102 180
40602 102 180
40603 102 180
40604 102 180
40605 102 180
40606 102 180
40607 102 180
40608 102 135
40609 102 135
40610 102 135
40611 102 135
40612 102 135
40613 102 135
40614 102 135
40615 102 135
40616 102 135
40617 102 135
40618 102 135
40619 102 135
40620 102 135
40621 102 135
40622 102 135
40623 102 135
40624 102 135
40625 102 135
40626 102 135
40627 102 135
40628 102 90
40629 102 90
40630 102 90
40631 102 90
40632 102 90
40633 102 90
40634 102 90
40635 102 90
40636 102 90
40637 102 90
40638 102 90
40639 102 90
40640 102 90
40641 102 90
40642 102 90
40643 102 90
40644 102 90
40645 102 90
40646 102 90
40647 102 90
40648 102 90
40649 102 90
40650 102 90
40651 102 90
40652 102 45
40653 102 45
40654 102 45
40655 102 45
40656 102 45
40657 102 45
40658 102 45
40659 102 45
40660 102 45
40661 102 45
40662 102 45
40663 102 45
40664 102 45
40665 102 45
40666 102 45
40667 102 45
40668 102 45
40669 102 45
40670 102 45
40671 102 45
40672 102 0
40673 102 0
40674 102 0
40675 102 0
40676 102 0
40677 102 0
40678 102 0
40679 102 0
40680 102 0
40681 102 0
40682 102 0
40683 102 0
40684 102 0
40685 102 0
40686 102 0
40687 102 0
40688 102 0
40689 102 0
40690 102 0
40691 102 0
40692 102 0
40693 86 0
40694 86 0
40695 86 0
40696 86 0
40697 86 0
40698 86 0
40699 86 0
40700 86 0
40701 86 0
40702 86 0
40703 86 0
40704 86 0
40705 86 0
40706 86 0
40707 86 0
40708 86 0
40709 86 0
40710 86 0
40711 86 0
40712 86 0
40713 86 0
40714 86 0
40715 86 0
40716 86 0
40717 86 0
40718 86 0
40719 86 0
40720 86 0
40721 86 0
40722 86 0
40723 86 0
40724 86 0
40725 86 0
40726 86 0
40727 86 0
40728 87 0
40729 87 0
40730 87 0
40731 87 0
40732 87 0
40733 87 0
40734 87 0
40735 87 0
40736 87 0
40737 87 0
40738 87 0
40739 87 0
40740 87 0
40741 87 0
40742 87 0
40743 87 0
40744 87 0
40745 87 0
40746 87 0
40747 87 0
40748 87 0
40749 87 0
40750 87 0
40751 87 0
40752 87 0
40753 87 0
40754 87 0
40755 87 0
40756 87 0
40757 87 0
40758 87 315
40759 87 315
40760 87 315
40761 87 315
40762 87 315
40763 87 315
40764 87 315
40765 87 315
40766 87 315
40767 87 315
40768 87 315
40769 87 270
40770 87 270
40771 87 270
40772 87 270
40773 87 270
40774 87 270
40775 87 270
40776 87 270
40777 87 270
40778 87 270
40779 87 270
40780 87 270
40781 87 270
40782 87 270
40783 87 270
40784 87 270
40785 87 270
40786 87 225
40787 87 225
40788 87 225
40789 87 225
40790 87 225
40791 87 225
40792 87 225
40793 87 225
40794 87 225
40795 87 225
40796 87 225
40797 87 225
40798 87 225
40799 87 225
40800 87 225
40801 87 180
40802 87 180
40803 87 180
40804 87 180
40805 87 180
40806 87 180
40807 87 180
40808 87 135
40809 87 135
40810 87 135
40811 87 90
40812 87 90
40813 87 90
40814 87 90
40815 87 90
40816 87 90
40817 87 90
40818 87 90
40819 87 90
40820 87 90
40821 87 90
40822 87 90
40823 87 90
40824 87 90
40825 87 90
40826 87 90
40827 87 90
40828 87 90
40829 87 90
40830 87 90
40831 87 90
40832 87 90
40833 87 90
40834 87 90
40835 87 45
40836 87 45
40837 87 45
40838 87 45
40839 87 45
40840 87 45
40841 87 45
40842 87 45
40843 87 45
40844 87 45
40845 87 45
40846 87 45
40847 87 45
40848 87 45
40849 87 45
40850 87 45
40851 87 45
40852 87 45
40853 87 45
40854 87 45
40855 87 45
40856 87 45
40857 87 0
40858 87 0
40859 87 0
40860 87 0
40861 87 0
40862 87 0
40863 87 0
40864 87 0
40865 87 0
40866 87 0
40867 87 0
40868 87 0
40869 87 0
40870 87 0
40871 87 0
40872 87 0
40873 87 0
40874 87 0
40875 87 0
40876 87 0
40877 87 0
40878 87 0
40879 87 0
40880 87 0
40881 87 0
40882 87 0
40883 87 0
40884 87 0
40885 87 0
40886 87 0
40887 87 0
40888 87 0
40889 87 0
40890 87 0
40891 87 0
40892 87 0
40893 87 0
40894 87 0
40895 87 0
40896 87 0
40897 88 0
40898 88 0
40899 88 0
40900 88 0
40901 88 0
40902 88 0
40903 88 0
40904 88 0
40905 88 0
40906 88 0
40907 88 0
40908 88 0
40909 88 0
40910 88 0
40911 88 0
40912 88 0
40913 88 0
40914 88 0
40915 88 0
40916 88 0
40917 88 0
40918 88 0
40919 88 0
40920 88 0
40921 88 0
40922 88 0
40923 88 0
40924 88 0
40925 88 0
40926 88 0
40927 88 0
40928 88 0
40929 88 0
40930 88 0
40931 88 0
40932 88 0
40933 88 0
40934 88 0
40935 88 0
40936 88 0
40937 88 0
40938 88 0
40939 88 0
40940 88 0
40941 88 0
40942 88 0
40943 88 0
40944 88 0
40945 88 0
40946 88 0
40947 88 0
40948 88 315
40949 88 315
40950 88 315
40951 88 315
40952 88 315
40953 88 315
40954 88 315
40955 88 315
40956 88 315
40957 88 315
40958 88 270
40959 88 270
40960 88 270
40961 88 270
40962 88 270
40963 88 270
40964 88 270
40965 88 270
40966 88 270
40967 88 270
40968 88 270
40969 88 270
40970 88 270
40971 88 270
40972 88 270
40973 88 270
40974 88 270
40975 88 270
40976 88 270
40977 88 270
40978 88 270
40979 88 225
40980 88 225
40981 88 225
40982 88 225
40983 88 225
40984 88 225
40985 88 225
40986 88 225
40987 88 225
40988 88 180
40989 88 180
40990 88 180
40991 88 180
40992 88 180
40993 88 180
40994 88 180
40995 88 180
40996 88 180
40997 88 180
40998 88 180
40999 88 180
41000 88 180
41001 88 180
41002 88 180
41003 88 180
41004 88 180
41005 88 135
41006 88 135
41007 88 135
41008 88 135
41009 88 135
41010 88 135
41011 88 135
41012 88 135
41013 88 135
41014 88 135
41015 88 135
41016 88 135
41017 88 135
41018 88 135
41019 88 135
41020 88 135
41021 88 135
41022 88 90
41023 88 90
41024 88 90
41025 88 90
41026 88 90
41027 88 90
41028 88 90
41029 88 90
41030 88 90
41031 88 45
41032 88 45
41033 88 45
41034 88 45
41035 88 45
41036 88 45
41037 88 45
41038 88 45
41039 88 45
41040 88 45
41041 88 45
41042 88 45
41043 88 45
41044 88 45
41045 88 45
41046 88 45
41047 88 45
41048 88 45
41049 88 45
41050 88 0
41051 88 0
41052 88 0
41053 88 315
41054 88 315
41055 88 315
41056 88 315
41057 88 315
41058 88 315
41059 88 315
41060 88 315
41061 88 315
41062 88 315
41063 88 315
41064 88 315
41065 88 315
41066 88 315
41067 88 315
41068 88 315
41069 88 315
41070 88 315
41071 88 0
41072 88 0
41073 88 0
41074 88 0
41075 88 0
41076 88 0
41077 88 0
41078 88 0
41079 88 0
41080 88 0
41081 88 0
41082 88 0
41083 88 0
41084 88 0
41085 88 0
41086 88 0
41087 88 0
41088 88 0
41089 88 0
41090 88 0
41091 88 0
41092 88 0
41093 88 0
41094 88 0
41095 88 0
41096 88 0
41097 88 0
41098 88 0
41099 88 0
41100 89 0
41101 89 0
41102 89 0
41103 89 0
41104 89 0
41105 89 0
41106 89 0
41107 89 0
41108 89 0
41109 89 0
41110 89 0
41111 89 0
41112 89 0
41113 89 0
41114 89 0
41115 89 0
41116 89 0
41117 89 0
41118 89 0
41119 89 0
41120 89 0
41121 89 0
41122 89 0
41123 89 0
41124 89 0
41125 89 0
41126 89 0
41127 89 0
41128 89 0
41129 89 0
41130 89 0
41131 89 0
41132 89 0
41133 89 0
41134 89 0
41135 89 0
41136 89 0
41137 89 0
41138 89 0
41139 89 0
41140 89 0
41141 89 0
41142 89 0
41143 89 0
41144 89 0
41145 89 0
41146 89 0
41147 89 0
41148 89 0
41149 89 0
41150 89 315
41151 89 315
41152 89 315
41153 89 270
41154 89 270
41155 89 270
41156 89 270
41157 89 270
41158 89 270
41159 89 270
41160 89 270
41161 89 270
41162 89 270
41163 89 270
41164 89 270
41165 89 225
41166 89 225
41167 89 225
41168 89 225
41169 89 225
41170 89 225
41171 89 225
41172 89 225
41173 89 225
41174 89 135
41175 89 135
41176 89 135
41177 89 135
41178 89 135
41179 89 135
41180 89 135
41181 89 135
41182 89 135
41183 89 135
41184 89 135
41185 89 135
41186 89 135
41187 89 135
41188 89 135
41189 89 135
41190 89 135
41191 89 135
41192 89 135
41193 89 135
41194 89 135
41195 89 135
41196 89 135
41197 89 135
41198 89 135
41199 89 90
41200 89 90
41201 89 90
41202 89 90
41203 89 90
41204 89 90
41205 89 90
41206 89 90
41207 89 90
41208 89 90
41209 89 90
41210 89 90
41211 89 90
41212 89 90
41213 89 90
41214 89 90
41215 89 90
41216 89 45
41217 89 45
41218 89 45
41219 89 45
41220 89 45
41221 89 0
41222 89 0
41223 89 0
41224 89 0
41225 89 0
41226 89 0
41227 89 0
41228 89 0
41229 89 0
41230 89 0
41231 89 0
41232 89 0
41233 89 0
41234 89 0
41235 89 0
41236 89 0
41237 89 0
41238 89 0
41239 89 0
41240 89 0
41241 89 0
41242 89 0
41243 89 0
41244 89 0
41245 89 0
41246 89 0
41247 89 0
41248 90 0
41249 90 0
41250 90 0
41251 90 0
41252 90 0
41253 90 0
41254 90 0
41255 90 0
41256 90 0
41257 90 0
41258 90 0
41259 90 0
41260 90 0
41261 90 0
41262 90 0
41263 90 0
41264 90 0
41265 90 0
41266 90 0
41267 90 0
41268 90 0
41269 90 0
41270 90 0
41271 90 0
41272 90 0
41273 90 0
41274 90 0
41275 90 0
41276 90 0
41277 90 0
41278 90 0
41279 90 0
41280 90 0
41281 90 0
41282 90 0
41283 90 0
41284 90 0
41285 90 0
41286 90 0
41287 90 0
41288 90 0
41289 90 0
41290 90 0
41291 90 0
41292 90 0
41293 90 0
41294 90 0
41295 90 0
41296 90 0
41297 90 0
41298 90 315
41299 90 315
41300 90 315
41301 90 315
41302 90 315
41303 90 315
41304 90 315
41305 90 315
41306 90 315
41307 90 315
41308 90 315
41309 90 315
41310 90 315
41311 90 225
41312 90 225
41313 90 225
41314 90 225
41315 90 225
41316 90 225
41317 90 225
41318 90 225
41319 90 225
41320 90 225
41321 90 225
41322 90 225
41323 90 225
41324 90 225
41325 90 225
41326 90 225
41327 90 180
41328 90 180
41329 90 180
41330 90 180
41331 90 180
41332 90 180
41333 90 180
41334 90 180
41335 90 135
41336 90 135
41337 90 135
41338 90 135
41339 90 135
41340 90 135
41341 90 135
41342 90 135
41343 90 90
41344 90 90
41345 90 90
41346 90 90
41347 90 90
41348 90 90
41349 90 90
41350 90 45
41351 90 45
41352 90 45
41353 90 45
41354 90 45
41355 90 45
41356 90 45
41357 90 45
41358 90 45
41359 90 45
41360 90 45
41361 90 45
41362 90 45
41363 90 45
41364 90 45
41365 90 45
41366 90 45
41367 90 45
41368 90 0
41369 90 0
41370 90 0
41371 90 0
41372 90 0
41373 90 0
41374 90 0
41375 90 0
41376 90 0
41377 90 0
41378 90 0
41379 90 0
41380 90 0
41381 90 0
41382 90 0
41383 90 0
41384 90 0
41385 90 0
41386 90 0
41387 90 0
41388 90 0
41389 90 0
41390 90 0
41391 90 0
41392 90 0
41393 90 0
41394 90 0
41395 90 0
41396 90 0
41397 90 0
41398 91 0
41399 91 0
41400 91 0
41401 91 0
41402 91 0
41403 91 0
41404 91 0
41405 91 0
41406 91 0
41407 91 0
41408 91 0
41409 91 0
41410 91 0
41411 91 0
41412 91 0
41413 91 0
41414 91 0
41415 91 0
41416 91 0
41417 91 0
41418 91 0
41419 91 0
41420 91 0
41421 91 0
41422 91 0
41423 91 0
41424 91 0
41425 91 0
41426 91 0
41427 91 0
41428 91 0
41429 91 0
41430 91 0
41431 91 0
41432 91 0
41433 91 0
41434 91 0
41435 91 0
41436 91 0
41437 91 0
41438 91 0
41439 91 315
41440 91 315
41441 91 315
41442 91 315
41443 91 315
41444 91 315
41445 91 315
41446 91 270
41447 91 270
41448 91 270
41449 91 270
41450 91 270
41451 91 270
41452 91 270
41453 91 270
41454 91 270
41455 91 270
41456 91 270
41457 91 270
41458 91 225
41459 91 225
41460 91 225
41461 91 225
41462 91 225
41463 91 225
41464 91 180
41465 91 180
41466 91 180
41467 91 180
41468 91 180
41469 91 180
41470 91 135
41471 91 135
41472 91 135
41473 91 135
41474 91 135
41475 91 135
41476 91 135
41477 91 135
41478 91 90
41479 91 90
41480 91 90
41481 91 90
41482 91 90
41483 91 90
41484 91 90
41485 91 90
41486 91 45
41487 91 45
41488 91 45
41489 91 45
41490 91 45
41491 91 45
41492 91 45
41493 91 45
41494 91 45
41495 91 45
41496 91 45
41497 91 45
41498 91 45
41499 91 45
41500 91 45
41501 91 0
41502 91 0
41503 91 0
41504 91 0
41505 91 0
41506 91 0
41507 91 0
41508 91 0
41509 91 0
41510 91 0
41511 91 0
41512 91 0
41513 91 0
41514 91 0
41515 91 0
41516 91 0
41517 91 0
41518 91 0
41519 91 0
41520 91 0
41521 91 0
41522 91 0
41523 92 0
41524 92 0
41525 92 0
41526 92 0
41527 92 0
41528 92 0
41529 92 0
41530 92 0
41531 92 0
41532 92 0
41533 92 0
41534 92 0
41535 92 0
41536 92 0
41537 92 0
41538 92 0
41539 92 0
41540 92 0
41541 92 0
41542 92 0
41543 92 0
41544 92 0
41545 92 0
41546 92 0
41547 92 0
41548 92 0
41549 92 0
41550 92 0
41551 92 0
41552 92 0
41553 92 0
41554 92 0
41555 92 0
41556 92 0
41557 92 0
41558 92 0
41559 92 0
41560 92 0
41561 92 0
41562 92 0
41563 92 0
41564 92 0
41565 92 0
41566 92 0
41567 92 0
41568 92 0
41569 92 0
41570 92 0
41571 92 0
41572 92 0
41573 92 0
41574 92 0
41575 92 0
41576 92 0
41577 92 0
41578 92 0
41579 92 0
41580 92 315
41581 92 270
41582 92 270
41583 92 270
41584 92 270
41585 92 270
41586 92 270
41587 92 270
41588 92 270
41589 92 270
41590 92 270
41591 92 270
41592 92 270
41593 92 270
41594 92 225
41595 92 225
41596 92 225
41597 92 225
41598 92 225
41599 92 180
41600 92 180
41601 92 180
41602 92 180
41603 92 180
41604 92 180
41605 92 135
41606 92 135
41607 92 135
41608 92 135
41609 92 135
41610 92 135
41611 92 135
41612 92 135
41613 92 135
41614 92 90
41615 92 90
41616 92 90
41617 92 90
41618 92 90
41619 92 90
41620 92 90
41621 92 90
41622 92 90
41623 92 45
41624 92 45
41625 92 45
41626 92 45
41627 92 45
41628 92 45
41629 92 0
41630 92 0
41631 92 0
41632 92 0
41633 92 0
41634 92 0
41635 92 0
41636 92 0
41637 92 0
41638 92 0
41639 92 0
41640 92 0
41641 92 45
41642 92 45
41643 92 45
41644 92 45
41645 92 45
41646 92 45
41647 92 90
41648 92 90
41649 92 90
41650 92 90
41651 92 90
41652 92 90
41653 92 90
41654 92 90
41655 92 90
41656 92 90
41657 92 90
41658 92 90
41659 92 90
41660 92 90
41661 92 90
41662 92 90
41663 92 90
41664 92 90
41665 92 90
41666 92 90
41667 92 90
41668 92 90
41669 92 90
41670 92 90
41671 92 90
41672 92 90
41673 92 90
41674 92 90
41675 92 90
41676 92 90
41677 92 90
41678 92 90
41679 92 90
41680 92 90
41681 92 90
41682 92 90
41683 92 90
41684 92 90
41685 92 90
41686 92 90
41687 92 90
41688 92 90
41689 92 90
41690 92 90
41691 92 90
41692 92 90
41693 92 90
41694 92 90
41695 92 90
41696 92 90
41697 92 90
41698 95 90
41699 95 90
41700 95 90
41701 95 90
41702 95 90
41703 95 90
41704 95 90
41705 95 90
41706 95 90
41707 95 90
41708 95 90
41709 95 90
41710 95 90
41711 95 90
41712 95 90
41713 95 90
41714 95 90
41715 95 90
41716 95 90
41717 95 90
41718 95 90
41719 95 90
41720 95 90
41721 95 90
41722 95 90
41723 95 90
41724 95 90
41725 95 90
41726 95 45
41727 95 45
41728 95 45
41729 95 45
41730 95 45
41731 95 45
41732 95 45
41733 95 0
41734 95 0
41735 95 0
41736 95 0
41737 95 0
41738 95 0
41739 95 0
41740 95 0
41741 95 0
41742 95 0
41743 95 0
41744 95 315
41745 95 315
41746 95 315
41747 95 270
41748 95 270
41749 95 270
41750 95 270
41751 95 270
41752 95 270
41753 95 270
41754 95 270
41755 95 270
41756 95 270
41757 95 270
41758 95 225
41759 95 225
41760 95 225
41761 95 225
41762 95 225
41763 95 225
41764 95 225
41765 95 180
41766 95 180
41767 95 180
41768 95 180
41769 95 180
41770 95 180
41771 95 180
41772 95 180
41773 95 180
41774 95 180
41775 95 180
41776 95 180
41777 95 135
41778 95 135
41779 95 135
41780 95 90
41781 95 90
41782 95 90
41783 95 90
41784 95 90
41785 95 90
41786 95 90
41787 95 90
41788 95 90
41789 95 90
41790 95 90
41791 95 90
41792 95 90
41793 95 90
41794 95 90
41795 95 90
41796 95 90
41797 95 90
41798 95 90
41799 95 90
41800 95 90
41801 95 90
41802 95 90
41803 95 90
41804 95 90
41805 95 90
41806 95 90
41807 95 90
41808 95 90
41809 95 90
41810 95 90
41811 95 90
41812 95 90
41813 97 90
41814 97 90
41815 97 90
41816 97 90
41817 97 90
41818 97 90
41819 97 90
41820 97 90
41821 97 90
41822 97 90
41823 97 90
41824 97 90
41825 97 90
41826 97 90
41827 97 90
41828 97 90
41829 97 90
41830 97 90
41831 97 90
41832 97 90
41833 97 90
41834 97 90
41835 97 90
41836 97 90
41837 97 90
41838 97 90
41839 97 90
41840 97 90
41841 97 45
41842 97 45
41843 97 45
41844 97 45
41845 97 0
41846 97 0
41847 97 0
41848 97 0
41849 97 0
41850 97 0
41851 97 0
41852 97 0
41853 97 0
41854 97 0
41855 97 315
41856 97 315
41857 97 315
41858 97 315
41859 97 270
41860 97 270
41861 97 270
41862 97 270
41863 97 270
41864 97 270
41865 97 270
41866 97 270
41867 97 270
41868 97 225
41869 97 225
41870 97 225
41871 97 225
41872 97 225
41873 97 225
41874 97 180
41875 97 180
41876 97 180
41877 97 180
41878 97 180
41879 97 180
41880 97 180
41881 97 180
41882 97 180
41883 97 180
41884 97 180
41885 97 135
41886 97 135
41887 97 135
41888 97 135
41889 97 135
41890 97 90
41891 97 90
41892 97 90
41893 97 90
41894 97 90
41895 97 90
41896 97 90
41897 97 90
41898 97 90
41899 97 90
41900 97 90
41901 97 90
41902 97 90
41903 97 90
41904 97 90
41905 97 90
41906 97 90
41907 97 90
41908 97 90
41909 97 90
41910 97 90
41911 97 90
41912 97 90
41913 97 90
41914 97 90
41915 97 90
41916 97 90
41917 97 90
41918 97 90
41919 97 90
41920 97 90
41921 97 90
41922 97 90
41923 97 90
41924 97 90
41925 97 90
41926 97 90
41927 97 90
41928 97 90
41929 97 90
41930 97 90
41931 99 90
41932 99 90
41933 99 90
41934 99 90
41935 99 90
41936 99 90
41937 99 90
41938 99 90
41939 99 90
41940 99 90
41941 99 90
41942 99 90
41943 99 45
41944 99 45
41945 99 45
41946 99 45
41947 99 90
41948 99 90
41949 99 90
41950 99 90
41951 99 90
41952 99 90
41953 99 90
41954 99 90
41955 99 90
41956 99 90
41957 99 90
41958 99 90
41959 99 90
41960 99 90
41961 99 90
41962 99 90
41963 99 90
41964 99 90
41965 99 90
41966 99 45
41967 99 45
41968 99 45
41969 99 45
41970 99 45
41971 99 45
41972 99 0
41973 99 0
41974 99 0
41975 99 0
41976 99 0
41977 99 0
41978 99 0
41979 99 0
41980 99 0
41981 99 0
41982 99 0
41983 99 0
41984 99 0
41985 99 0
41986 99 0
41987 99 0
41988 99 0
41989 99 0
41990 99 0
41991 99 0
41992 99 0
41993 99 0
41994 99 0
41995 99 0
41996 99 0
41997 99 0
41998 99 0
41999 99 0
42000 99 0
42001 99 0
42002 99 0
42003 99 0
42004 99 0
42005 99 0
42006 99 0
42007 99 0
42008 99 0
42009 99 0
42010 99 0
42011 99 0
42012 99 0
42013 99 0
42014 99 0
42015 99 0
42016 99 315
42017 99 315
42018 99 315
42019 99 315
42020 99 315
42021 99 315
42022 99 315
42023 99 315
42024 99 315
42025 99 315
42026 99 315
42027 99 315
42028 99 270
42029 99 270
42030 99 270
42031 99 270
42032 99 270
42033 99 270
42034 99 270
42035 99 270
42036 99 270
42037 99 225
42038 99 225
42039 99 225
42040 99 225
42041 99 225
42042 99 225
42043 99 180
42044 99 180
42045 99 180
42046 99 180
42047 99 180
42048 99 180
42049 99 180
42050 99 180
42051 99 180
42052 99 135
42053 99 135
42054 99 135
42055 99 135
42056 99 135
42057 99 135
42058 99 135
42059 99 135
42060 99 135
42061 99 135
42062 99 135
42063 99 135
42064 99 90
42065 99 90
42066 99 90
42067 99 90
42068 99 90
42069 99 90
42070 99 90
42071 99 90
42072 99 90
42073 99 90
42074 99 90
42075 99 90
42076 99 90
42077 99 90
42078 99 90
42079 99 90
42080 99 90
42081 99 90
42082 99 90
42083 99 90
42084 99 90
42085 99 90
42086 99 90
42087 99 90
42088 99 90
42089 99 90
42090 99 90
42091 99 90
42092 99 90
42093 99 90
42094 99 90
42095 99 90
42096 99 90
42097 99 90
42098 99 90
42099 99 90
42100 99 90
42101 99 90
42102 101 90
42103 101 90
42104 101 90
42105 101 90
42106 101 90
42107 101 90
42108 101 90
42109 101 90
42110 101 90
42111 101 90
42112 101 90
42113 101 90
42114 101 90
42115 101 90
42116 101 90
42117 101 90
42118 101 90
42119 101 90
42120 101 90
42121 101 90
42122 101 90
42123 101 90
42124 101 90
42125 101 90
42126 101 90
42127 101 90
42128 101 90
42129 101 90
42130 101 90
42131 101 90
42132 101 90
42133 101 90
42134 101 90
42135 101 90
42136 101 45
42137 101 45
42138 101 45
42139 101 45
42140 101 45
42141 101 45
42142 101 45
42143 101 45
42144 101 45
42145 101 45
42146 101 45
42147 101 45
42148 101 45
42149 101 45
42150 101 45
42151 101 45
42152 101 0
42153 101 0
42154 101 0
42155 101 0
42156 101 0
42157 101 0
42158 101 0
42159 101 0
42160 101 0
42161 101 0
42162 101 0
42163 101 0
42164 101 0
42165 101 315
42166 101 315
42167 101 315
42168 101 315
42169 101 315
42170 101 315
42171 101 315
42172 101 315
42173 101 315
42174 101 315
42175 101 315
42176 101 315
42177 101 315
42178 101 315
42179 101 315
42180 101 315
42181 101 315
42182 101 315
42183 101 315
42184 101 315
42185 101 315
42186 101 315
42187 101 315
42188 101 315
42189 101 315
42190 101 315
42191 101 315
42192 101 315
42193 101 270
42194 101 270
42195 101 270
42196 101 270
42197 101 270
42198 101 270
42199 101 270
42200 101 270
42201 101 270
42202 101 270
42203 101 270
42204 101 270
42205 101 270
42206 101 270
42207 101 270
42208 101 270
42209 101 270
42210 101 270
42211 101 270
42212 101 270
42213 101 270
42214 101 270
42215 101 270
42216 101 270
42217 101 270
42218 101 270
42219 101 270
42220 101 270
42221 101 270
42222 101 270
42223 101 270
42224 101 270
42225 101 270
42226 101 270
42227 101 225
42228 101 225
42229 101 225
42230 101 225
42231 101 180
42232 101 180
42233 101 180
42234 101 180
42235 101 180
42236 101 180
42237 101 180
42238 101 180
42239 101 180
42240 101 180
42241 101 180
42242 101 180
42243 101 135
42244 101 135
42245 101 135
42246 101 135
42247 101 135
42248 101 135
42249 101 135
42250 101 135
42251 101 135
42252 101 135
42253 101 135
42254 101 135
42255 101 135
42256 101 135
42257 101 135
42258 101 135
42259 101 135
42260 101 135
42261 101 135
42262 101 135
42263 101 135
42264 101 90
42265 101 90
42266 101 90
42267 101 90
42268 101 90
42269 101 90
42270 101 90
42271 101 90
42272 101 90
42273 101 90
42274 101 90
42275 101 90
42276 101 90
42277 101 90
42278 101 90
42279 101 90
42280 101 90
42281 101 90
42282 101 90
42283 101 90
42284 101 90
42285 101 90
42286 101 90
42287 101 90
42288 101 90
42289 101 90
42290 101 90
42291 101 90
42292 101 90
42293 101 90
42294 101 90
42295 101 90
42296 101 90
42297 101 90
42298 101 90
42299 101 90
42300 101 90
42301 101 90
42302 101 90
42303 101 90
42304 101 90
42305 101 90
42306 101 90
42307 101 90
42308 101 90
42309 101 90
42310 101 90
42311 101 90
42312 101 90
42313 101 90
42314 101 90
42315 101 90
42316 101 90
42317 103 90
42318 103 90
42319 103 90
42320 103 90
42321 103 90
42322 103 90
42323 103 90
42324 103 90
42325 103 90
42326 103 90
42327 103 90
42328 103 90
42329 103 90
42330 103 90
42331 103 90
42332 103 90
42333 103 90
42334 103 45
42335 103 45
42336 103 45
42337 103 45
42338 103 45
42339 103 45
42340 103 45
42341 103 45
42342 103 0
42343 103 0
42344 103 0
42345 103 0
42346 103 0
42347 103 0
42348 103 0
42349 103 0
42350 103 0
42351 103 0
42352 103 0
42353 103 0
42354 103 0
42355 103 315
42356 103 315
42357 103 315
42358 103 315
42359 103 315
42360 103 270
42361 103 270
42362 103 270
42363 103 270
42364 103 270
42365 103 270
42366 103 270
42367 103 270
42368 103 270
42369 103 270
42370 103 225
42371 103 225
42372 103 225
42373 103 225
42374 103 225
42375 103 225
42376 103 225
42377 103 225
42378 103 180
42379 103 180
42380 103 180
42381 103 180
42382 103 180
42383 103 180
42384 103 180
42385 103 180
42386 103 180
42387 103 180
42388 103 135
42389 103 135
42390 103 135
42391 103 135
42392 103 135
42393 103 135
42394 103 135
42395 103 90
42396 103 90
42397 103 90
42398 103 90
42399 103 90
42400 103 90
42401 103 90
42402 103 90
42403 103 90
42404 103 90
42405 103 90
42406 103 90
42407 103 90
42408 103 90
42409 103 90
42410 103 90
42411 103 90
42412 103 90
42413 103 90
42414 103 90
42415 103 90
42416 103 90
42417 103 90
42418 103 90
42419 103 90
42420 103 90
42421 103 90
42422 103 90
42423 103 90
42424 103 90
42425 103 90
42426 103 90
42427 103 90
42428 103 90
42429 103 90
42430 103 90
42431 103 90
42432 103 90
42433 103 90
42434 103 90
42435 103 90
42436 103 90
42437 103 90
42438 103 90
42439 103 90
42440 103 90
42441 103 90
42442 140 90
42443 140 90
42444 140 90
42445 140 90
42446 140 90
42447 140 90
42448 140 90
42449 140 90
42450 140 90
42451 140 90
42452 140 90
42453 140 45
42454 140 45
42455 140 45
42456 140 45
42457 140 45
42458 140 45
42459 140 0
42460 140 0
42461 140 0
42462 140 0
42463 140 0
42464 140 0
42465 140 0
42466 140 0
42467 140 0
42468 140 0
42469 140 315
42470 140 315
42471 140 315
42472 140 315
42473 140 315
42474 140 315
42475 140 270
42476 140 270
42477 140 270
42478 140 270
42479 140 270
42480 140 270
42481 140 270
42482 140 270
42483 140 270
42484 140 270
42485 140 225
42486 140 225
42487 140 225
42488 140 225
42489 140 180
42490 140 180
42491 140 180
42492 140 180
42493 140 180
42494 140 180
42495 140 180
42496 140 180
42497 140 180
42498 140 180
42499 140 135
42500 140 135
42501 140 135
42502 140 135
42503 140 135
42504 140 90
42505 140 90
42506 140 90
42507 140 90
42508 140 90
42509 140 90
42510 140 90
42511 140 90
42512 140 90
42513 140 90
42514 140 90
42515 140 90
42516 140 90
42517 140 90
42518 140 90
42519 140 90
42520 140 90
42521 140 90
42522 140 90
42523 140 90
42524 140 90
42525 140 90
42526 140 90
42527 140 90
42528 140 90
42529 140 90
42530 140 90
42531 140 90
42532 140 90
42533 140 90
42534 140 90
42535 140 90
42536 140 90
42537 140 90
42538 140 90
42539 140 90
42540 140 90
42541 140 90
42542 140 90
42543 140 90
42544 140 90
42545 140 90
42546 140 90
42547 140 90
42548 140 90
42549 140 90
42550 140 90
42551 140 90
42552 140 90
42553 140 90
42554 140 90
42555 140 90
42556 140 90
42557 140 90
42558 140 90
42559 140 90
42560 140 90
42561 140 90
42562 140 45
42563 140 45
42564 140 45
42565 140 45
42566 140 45
42567 140 45
42568 140 45
42569 140 45
42570 140 45
42571 140 45
42572 140 45
42573 140 0
42574 140 0
42575 140 0
42576 140 0
42577 140 0
42578 140 0
42579 140 315
42580 140 315
42581 140 315
42582 140 315
42583 140 315
42584 140 315
42585 140 315
42586 140 315
42587 140 270
42588 140 270
42589 140 270
42590 140 270
42591 140 270
42592 140 270
42593 140 270
42594 140 270
42595 140 225
42596 140 225
42597 140 225
42598 140 225
42599 140 225
42600 140 225
42601 140 225
42602 140 225
42603 140 225
42604 140 225
42605 140 225
42606 140 180
42607 140 180
42608 140 180
42609 140 180
42610 140 180
42611 140 180
42612 140 180
42613 140 180
42614 140 135
42615 140 135
42616 140 135
42617 140 135
42618 140 135
42619 140 135
42620 140 135
42621 140 135
42622 140 135
42623 140 135
42624 140 90
42625 140 90
42626 140 90
42627 140 90
42628 140 90
42629 140 90
42630 140 90
42631 140 90
42632 140 90
42633 140 90
42634 140 90
42635 140 90
42636 140 90
42637 140 90
42638 140 90
42639 140 90
42640 140 90
42641 140 90
42642 140 90
42643 140 90
42644 140 90
42645 140 90
42646 140 90
42647 140 90
42648 140 90
42649 140 90
42650 140 90
42651 140 90
42652 140 90
42653 140 90
42654 140 90
42655 140 90
42656 140 90
42657 140 90
42658 140 90
42659 140 90
42660 140 90
42661 140 90
42662 140 90
42663 140 90
42664 140 90
42665 140 90
42666 140 45
42667 140 45
42668 140 45
42669 140 45
42670 140 45
42671 140 45
42672 140 45
42673 140 45
42674 140 0
42675 140 0
42676 140 0
42677 140 0
42678 140 0
42679 140 0
42680 140 0
42681 140 0
42682 140 0
42683 140 0
42684 140 0
42685 140 0
42686 140 0
42687 140 0
42688 140 0
42689 140 0
42690 140 0
42691 140 0
42692 140 0
42693 140 0
42694 140 0
42695 140 0
42696 140 0
42697 140 0
42698 140 0
42699 140 0
42700 140 0
42701 140 0
42702 140 0
42703 140 0
42704 140 0
42705 140 0
42706 140 0
42707 140 0
42708 141 0
42709 141 0
42710 141 0
42711 141 0
42712 141 0
42713 141 0
42714 141 0
42715 141 0
42716 141 0
42717 141 0
42718 141 0
42719 141 0
42720 141 0
42721 141 0
42722 141 0
42723 141 0
42724 141 0
42725 141 0
42726 141 0
42727 141 0
42728 141 0
42729 141 0
42730 141 0
42731 141 0
42732 141 0
42733 141 0
42734 141 0
42735 141 0
42736 141 0
42737 141 0
42738 141 0
42739 141 0
42740 141 315
42741 141 315
42742 141 315
42743 141 315
42744 141 315
42745 141 315
42746 141 315
42747 141 315
42748 141 315
42749 141 315
42750 141 315
42751 141 315
42752 141 315
42753 141 315
42754 141 270
42755 141 270
42756 141 270
42757 141 270
42758 141 270
42759 141 270
42760 141 270
42761 141 270
42762 141 270
42763 141 270
42764 141 270
42765 141 270
42766 141 270
42767 141 270
42768 141 270
42769 141 270
42770 141 270
42771 141 270
42772 141 270
42773 141 270
42774 141 270
42775 141 225
42776 141 225
42777 141 225
42778 141 225
42779 141 225
42780 141 225
42781 141 225
42782 141 225
42783 141 225
42784 141 225
42785 141 225
42786 141 225
42787 141 225
42788 141 225
42789 141 225
42790 141 225
42791 141 180
42792 141 180
42793 141 180
42794 141 180
42795 141 180
42796 141 180
42797 141 180
42798 141 180
42799 141 180
42800 141 180
42801 141 180
42802 141 180
42803 141 180
42804 141 180
42805 141 180
42806 141 135
42807 141 135
42808 141 135
42809 141 135
42810 141 135
42811 141 135
42812 141 135
42813 141 135
42814 141 135
42815 141 90
42816 141 90
42817 141 90
42818 141 90
42819 141 90
42820 141 90
42821 141 90
42822 141 90
42823 141 90
42824 141 90
42825 141 90
42826 141 90
42827 141 90
42828 141 90
42829 141 90
42830 141 90
42831 141 90
42832 141 90
42833 141 90
42834 141 90
42835 141 45
42836 141 45
42837 141 45
42838 141 45
42839 141 45
42840 141 45
42841 141 45
42842 141 45
42843 141 45
42844 141 45
42845 141 45
42846 141 45
42847 141 45
42848 141 45
42849 141 45
42850 141 45
42851 141 45
42852 141 45
42853 141 0
42854 141 0
42855 141 0
42856 141 0
42857 141 0
42858 141 0
42859 141 0
42860 141 0
42861 141 0
42862 141 0
42863 141 0
42864 141 0
42865 141 0
42866 141 0
42867 141 0
42868 141 0
42869 141 0
42870 141 315
42871 141 315
42872 141 315
42873 141 315
42874 141 315
42875 141 315
42876 141 315
42877 141 315
42878 141 315
42879 141 315
42880 141 315
42881 141 315
42882 141 315
42883 141 315
42884 141 270
42885 141 270
42886 141 270
42887 141 270
42888 141 270
42889 141 270
42890 141 270
42891 141 270
42892 141 270
42893 141 270
42894 141 270
42895 141 270
42896 141 270
42897 141 270
42898 141 270
42899 141 270
42900 141 270
42901 141 270
42902 141 270
42903 141 270
42904 141 270
42905 141 270
42906 141 270
42907 141 270
42908 141 270
42909 141 270
42910 141 270
42911 141 270
42912 141 270
42913 141 270
42914 141 270
42915 141 270
42916 141 270
42917 141 270
42918 141 270
42919 141 270
42920 141 270
42921 141 270
42922 141 270
42923 141 270
42924 141 270
42925 141 270
42926 141 270
42927 141 270
42928 141 270
42929 141 270
42930 141 270
42931 102 270
42932 102 270
42933 102 270
42934 102 270
42935 102 270
42936 102 270
42937 102 270
42938 102 270
42939 102 270
42940 102 270
42941 102 270
42942 102 270
42943 102 270
42944 102 270
42945 102 270
42946 102 270
42947 102 225
42948 102 225
42949 102 225
42950 102 225
42951 102 225
42952 102 225
42953 102 225
42954 102 180
42955 102 180
42956 102 180
42957 102 180
42958 102 180
42959 102 180
42960 102 180
42961 102 180
42962 102 180
42963 102 180
42964 102 135
42965 102 135
42966 102 135
42967 102 135
42968 102 135
42969 102 135
42970 102 90
42971 102 90
42972 102 90
42973 102 90
42974 102 90
42975 102 90
42976 102 90
42977 102 90
42978 102 45
42979 102 45
42980 102 45
42981 102 45
42982 102 45
42983 102 45
42984 102 45
42985 102 0
42986 102 0
42987 102 0
42988 102 0
42989 102 0
42990 102 0
42991 102 0
42992 102 0
42993 102 0
42994 102 0
42995 102 0
42996 102 0
42997 102 0
42998 102 0
42999 102 315
43000 102 315
43001 102 315
43002 102 315
43003 102 315
43004 102 315
43005 102 315
43006 102 315
43007 102 315
43008 102 315
43009 102 315
43010 102 315
43011 102 315
43012 102 315
43013 102 315
43014 102 315
43015 102 315
43016 102 315
43017 102 315
43018 102 315
43019 102 315
43020 102 315
43021 102 315
43022 102 315
43023 102 270
43024 102 270
43025 102 270
43026 102 270
43027 102 270
43028 102 270
43029 102 270
43030 102 270
43031 102 270
43032 102 270
43033 102 270
43034 102 270
43035 102 270
43036 102 270
43037 102 270
43038 102 270
43039 102 270
43040 102 270
43041 102 270
43042 102 270
43043 102 270
43044 102 270
43045 102 270
43046 102 270
43047 102 270
43048 102 270
43049 102 270
43050 102 270
43051 102 270
43052 102 270
43053 102 270
43054 102 270
43055 102 270
43056 102 270
43057 102 270
43058 102 270
43059 102 270
43060 100 270
43061 100 270
43062 100 270
43063 100 270
43064 100 270
43065 100 270
43066 100 270
43067 100 270
43068 100 270
43069 100 270
43070 100 270
43071 100 270
43072 100 270
43073 100 270
43074 100 270
43075 100 270
43076 100 270
43077 100 270
43078 100 270
43079 100 270
43080 100 270
43081 100 225
43082 100 225
43083 100 225
43084 100 225
43085 100 225
43086 100 225
43087 100 225
43088 100 225
43089 100 225
43090 100 225
43091 100 225
43092 100 225
43093 100 225
43094 100 225
43095 100 225
43096 100 225
43097 100 225
43098 100 180
43099 100 180
43100 100 180
43101 100 180
43102 100 180
43103 100 180
43104 100 180
43105 100 180
43106 100 180
43107 100 180
43108 100 180
43109 100 180
43110 100 180
43111 100 180
43112 100 180
43113 100 180
43114 100 180
43115 100 135
43116 100 135
43117 100 135
43118 100 135
43119 100 135
43120 100 135
43121 100 135
43122 100 135
43123 100 135
43124 100 135
43125 100 90
43126 100 90
43127 100 90
43128 100 90
43129 100 90
43130 100 90
43131 100 90
43132 100 90
43133 100 90
43134 100 90
43135 100 90
43136 100 90
43137 100 45
43138 100 45
43139 100 45
43140 100 45
43141 100 45
43142 100 45
43143 100 45
43144 100 0
43145 100 0
43146 100 0
43147 100 0
43148 100 0
43149 100 0
43150 100 0
43151 100 0
43152 100 0
43153 100 0
43154 100 0
43155 100 0
43156 100 0
43157 100 0
43158 100 0
43159 100 0
43160 100 0
43161 100 0
43162 100 0
43163 100 0
43164 100 315
43165 100 315
43166 100 315
43167 100 315
43168 100 315
43169 100 315
43170 100 315
43171 100 315
43172 100 315
43173 100 315
43174 100 315
43175 100 315
43176 100 315
43177 100 315
43178 100 315
43179 100 315
43180 100 315
43181 100 315
43182 100 315
43183 100 315
43184 100 315
43185 100 315
43186 100 315
43187 100 315
43188 100 315
43189 100 315
43190 100 315
43191 100 315
43192 100 315
43193 100 315
43194 100 315
43195 100 315
43196 100 315
43197 100 315
43198 100 315
43199 100 270
43200 100 270
43201 100 270
43202 100 270
43203 100 270
43204 100 270
43205 100 270
43206 100 270
43207 100 270
43208 100 270
43209 100 270
43210 100 270
43211 100 270
43212 100 270
43213 100 270
43214 100 270
43215 100 270
43216 100 270
43217 100 270
43218 100 270
43219 100 270
43220 100 270
43221 100 270
43222 100 270
43223 100 270
43224 100 270
43225 100 270
43226 100 270
43227 100 270
43228 100 270
43229 100 270
43230 100 270
43231 100 270
43232 100 270
43233 100 270
43234 100 270
43235 100 270
43236 100 270
43237 100 270
43238 100 270
43239 100 270
43240 100 270
43241 100 270
43242 100 270
43243 100 270
43244 100 270
43245 100 270
43246 100 270
43247 100 270
43248 100 270
43249 100 270
43250 100 270
43251 100 270
43252 100 270
43253 100 270
43254 100 270
43255 100 270
43256 100 270
43257 98 270
43258 98 270
43259 98 270
43260 98 270
43261 98 270
43262 98 270
43263 98 270
43264 98 270
43265 98 270
43266 98 270
43267 98 270
43268 98 270
43269 98 270
43270 98 270
43271 98 270
43272 98 270
43273 98 270
43274 98 270
43275 98 270
43276 98 270
43277 98 270
43278 98 270
43279 98 270
43280 98 270
43281 98 270
43282 98 225
43283 98 225
43284 98 225
43285 98 225
43286 98 225
43287 98 225
43288 98 225
43289 98 225
43290 98 225
43291 98 225
43292 98 225
43293 98 225
43294 98 225
43295 98 225
43296 98 225
43297 98 225
43298 98 225
43299 98 225
43300 98 225
43301 98 225
43302 98 225
43303 98 225
43304 98 225
43305 98 225
43306 98 180
43307 98 180
43308 98 180
43309 98 180
43310 98 180
43311 98 180
43312 98 135
43313 98 135
43314 98 135
43315 98 135
43316 98 135
43317 98 135
43318 98 135
43319 98 135
43320 98 135
43321 98 135
43322 98 135
43323 98 135
43324 98 135
43325 98 135
43326 98 90
43327 98 90
43328 98 90
43329 98 90
43330 98 90
43331 98 90
43332 98 90
43333 98 90
43334 98 90
43335 98 90
43336 98 90
43337 98 90
43338 98 90
43339 98 90
43340 98 90
43341 98 45
43342 98 45
43343 98 45
43344 98 45
43345 98 45
43346 98 45
43347 98 45
43348 98 45
43349 98 45
43350 98 45
43351 98 45
43352 98 45
43353 98 45
43354 98 45
43355 98 45
43356 98 45
43357 98 45
43358 98 45
43359 98 45
43360 98 0
43361 98 0
43362 98 0
43363 98 0
43364 98 0
43365 98 0
43366 98 0
43367 98 0
43368 98 0
43369 98 0
43370 98 0
43371 98 0
43372 98 0
43373 98 0
43374 98 0
43375 98 0
43376 98 0
43377 98 0
43378 98 0
43379 98 0
43380 98 0
43381 98 0
43382 98 0
43383 98 0
43384 98 0
43385 98 0
43386 98 315
43387 98 315
43388 98 315
43389 98 315
43390 98 315
43391 98 315
43392 98 315
43393 98 315
43394 98 315
43395 98 315
43396 98 315
43397 98 315
43398 98 315
43399 98 315
43400 98 315
43401 98 315
43402 98 315
43403 98 315
43404 98 315
43405 98 315
43406 98 315
43407 98 315
43408 98 315
43409 98 315
43410 98 315
43411 98 315
43412 98 315
43413 98 315
43414 98 315
43415 98 315
43416 98 315
43417 98 315
43418 98 315
43419 98 315
43420 98 315
43421 98 315
43422 98 315
43423 98 315
43424 98 315
43425 98 315
43426 98 315
43427 98 315
43428 98 315
43429 98 315
43430 98 315
43431 98 315
43432 98 315
43433 98 315
43434 98 315
43435 98 315
43436 98 315
43437 98 315
43438 98 315
43439 98 315
43440 98 315
43441 98 315
43442 98 315
43443 98 315
43444 98 315
43445 98 315
43446 98 270
43447 98 270
43448 98 270
43449 98 270
43450 98 270
43451 98 270
43452 98 270
43453 98 270
43454 98 270
43455 98 270
43456 98 270
43457 98 270
43458 98 270
43459 98 270
43460 98 270
43461 98 270
43462 98 270
43463 98 270
43464 98 270
43465 98 270
43466 98 270
43467 98 270
43468 98 270
43469 98 270
43470 98 270
43471 98 270
43472 98 270
43473 98 270
43474 98 270
43475 98 270
43476 98 270
43477 98 270
43478 98 270
43479 98 270
43480 98 270
43481 98 270
43482 98 270
43483 98 270
43484 98 270
43485 98 270
43486 98 270
43487 98 270
43488 98 270
43489 98 270
43490 98 270
43491 98 270
43492 98 270
43493 98 270
43494 98 270
43495 98 270
43496 98 270
43497 96 270
43498 96 270
43499 96 270
43500 96 270
43501 96 270
43502 96 270
43503 96 270
43504 96 270
43505 96 270
43506 96 270
43507 96 270
43508 96 270
43509 96 270
43510 96 270
43511 96 270
43512 96 270
43513 96 270
43514 96 270
43515 96 270
43516 96 270
43517 96 270
43518 96 225
43519 96 225
43520 96 225
43521 96 225
43522 96 225
43523 96 225
43524 96 225
43525 96 225
43526 96 225
43527 96 225
43528 96 225
43529 96 225
43530 96 180
43531 96 180
43532 96 180
43533 96 180
43534 96 180
43535 96 180
43536 96 135
43537 96 135
43538 96 135
43539 96 135
43540 96 135
43541 96 135
43542 96 135
43543 96 90
43544 96 90
43545 96 90
43546 96 90
43547 96 90
43548 96 90
43549 96 90
43550 96 90
43551 96 90
43552 96 90
43553 96 90
43554 96 45
43555 96 45
43556 96 45
43557 96 45
43558 96 45
43559 96 45
43560 96 45
43561 96 45
43562 96 0
43563 96 0
43564 96 0
43565 96 0
43566 96 0
43567 96 0
43568 96 0
43569 96 0
43570 96 0
43571 96 0
43572 96 0
43573 96 315
43574 96 315
43575 96 315
43576 96 315
43577 96 315
43578 96 315
43579 96 315
43580 96 315
43581 96 315
43582 96 315
43583 96 315
43584 96 315
43585 96 270
43586 96 270
43587 96 270
43588 96 270
43589 96 270
43590 96 270
43591 96 270
43592 96 270
43593 96 270
43594 96 270
43595 96 270
43596 96 270
43597 96 270
43598 96 270
43599 96 270
43600 96 270
43601 96 270
43602 96 270
43603 96 270
43604 96 270
43605 96 270
43606 96 270
43607 96 270
43608 96 270
43609 96 270
43610 96 270
43611 96 270
43612 96 270
43613 96 270
43614 96 270
43615 96 270
43616 96 270
43617 96 270
43618 96 270
43619 96 270
43620 96 270
43621 96 270
43622 94 270
43623 94 270
43624 94 270
43625 94 270
43626 94 270
43627 94 270
43628 94 270
43629 94 270
43630 94 270
43631 94 270
43632 94 270
43633 94 270
43634 94 270
43635 94 270
43636 94 270
43637 94 270
43638 94 270
43639 94 270
43640 94 225
43641 94 225
43642 94 225
43643 94 225
43644 94 225
43645 94 225
43646 94 225
43647 94 225
43648 94 225
43649 94 225
43650 94 225
43651 94 225
43652 94 180
43653 94 180
43654 94 180
43655 94 180
43656 94 180
43657 94 180
43658 94 180
43659 94 180
43660 94 180
43661 94 180
43662 94 180
43663 94 180
43664 94 135
43665 94 135
43666 94 135
43667 94 135
43668 94 135
43669 94 90
43670 94 90
43671 94 90
43672 94 90
43673 94 90
43674 94 90
43675 94 90
43676 94 90
43677 94 90
43678 94 90
43679 94 90
43680 94 90
43681 94 90
43682 94 45
43683 94 45
43684 94 45
43685 94 45
43686 94 0
43687 94 0
43688 94 0
43689 94 0
43690 94 0
43691 94 0
43692 94 0
43693 94 0
43694 94 0
43695 94 0
43696 94 0
43697 94 0
43698 94 0
43699 94 0
43700 94 315
43701 94 315
43702 94 315
43703 94 315
43704 94 315
43705 94 315
43706 94 315
43707 94 315
43708 94 315
43709 94 315
43710 94 315
43711 94 315
43712 94 315
43713 94 315
43714 94 315
43715 94 315
43716 94 315
43717 94 315
43718 94 270
43719 94 270
43720 94 270
43721 94 270
43722 94 270
43723 94 270
43724 94 270
43725 94 270
43726 94 270
43727 94 270
43728 94 270
43729 94 270
43730 94 270
43731 94 270
43732 94 270
43733 94 270
43734 94 270
43735 94 270
43736 94 270
43737 94 270
43738 94 270
43739 94 270
43740 94 270
43741 94 270
43742 94 270
43743 94 270
43744 94 270
43745 94 270
43746 94 270
43747 94 270
43748 94 270
43749 94 270
43750 94 270
43751 94 270
43752 93 270
43753 93 270
43754 93 270
43755 93 270
43756 93 270
43757 93 270
43758 93 270
43759 93 270
43760 93 270
43761 93 270
43762 93 270
43763 93 270
43764 93 270
43765 93 270
43766 93 270
43767 93 270
43768 93 270
43769 93 270
43770 93 270
43771 93 270
43772 93 270
43773 93 270
43774 93 270
43775 93 270
43776 93 270
43777 93 225
43778 93 225
43779 93 225
43780 93 225
43781 93 225
43782 93 225
43783 93 225
43784 93 225
43785 93 225
43786 93 225
43787 93 180
43788 93 180
43789 93 180
43790 93 180
43791 93 180
43792 93 180
43793 93 180
43794 93 180
43795 93 180
43796 93 180
43797 93 180
43798 93 135
43799 93 135
43800 93 135
43801 93 135
43802 93 135
43803 93 135
43804 93 135
43805 93 135
43806 93 90
43807 93 90
43808 93 90
43809 93 90
43810 93 90
43811 93 90
43812 93 90
43813 93 90
43814 93 90
43815 93 90
43816 93 90
43817 93 90
43818 93 90
43819 93 90
43820 93 45
43821 93 45
43822 93 45
43823 93 45
43824 93 45
43825 93 45
43826 93 45
43827 93 0
43828 93 0
43829 93 0
43830 93 0
43831 93 0
43832 93 0
43833 93 0
43834 93 0
43835 93 0
43836 93 0
43837 93 0
43838 93 0
43839 93 0
43840 93 0
43841 93 0
43842 93 0
43843 93 0
43844 93 0
43845 93 0
43846 93 0
43847 93 0
43848 93 0
43849 93 0
43850 93 0
43851 93 0
43852 93 0
43853 93 315
43854 93 315
43855 93 315
43856 93 315
43857 93 315
43858 93 315
43859 93 315
43860 93 315
43861 93 315
43862 93 315
43863 93 315
43864 93 315
43865 93 315
43866 93 315
43867 93 270
43868 93 270
43869 93 270
43870 93 270
43871 93 270
43872 93 270
43873 93 270
43874 93 270
43875 93 270
43876 93 270
43877 93 270
43878 93 270
43879 93 270
43880 93 270
43881 93 270
43882 93 270
43883 93 270
43884 93 270
43885 93 270
43886 93 270
43887 93 270
43888 93 270
43889 93 270
43890 93 270
43891 93 270
43892 93 270
43893 93 270
43894 93 270
43895 93 270
43896 93 270
43897 93 270
43898 93 270
43899 93 270
43900 93 270
43901 93 270
43902 93 270
43903 93 270
43904 93 270
43905 93 270
43906 93 270
43907 93 270
43908 93 270
43909 93 270
43910 93 270
43911 93 270
43912 93 270
43913 93 270
43914 93 270
43915 93 270
43916 93 270
43917 93 270
43918 93 270
43919 66 270
43920 66 270
43921 66 270
43922 66 270
43923 66 270
43924 66 270
43925 66 270
43926 66 270
43927 66 270
43928 66 270
43929 66 270
43930 66 270
43931 66 270
43932 66 270
43933 66 270
43934 66 270
43935 66 270
43936 66 270
43937 66 270
43938 66 270
43939 66 270
43940 66 270
43941 66 270
43942 66 225
43943 66 225
43944 66 225
43945 66 225
43946 66 225
43947 66 225
43948 66 225
43949 66 225
43950 66 225
43951 66 225
43952 66 180
43953 66 180
43954 66 180
43955 66 180
43956 66 180
43957 66 180
43958 66 180
43959 66 180
43960 66 180
43961 66 180
43962 66 180
43963 66 135
43964 66 135
43965 66 135
43966 66 135
43967 66 135
43968 66 135
43969 66 90
43970 66 90
43971 66 90
43972 66 90
43973 66 90
43974 66 90
43975 66 90
43976 66 90
43977 66 90
43978 66 90
43979 66 90
43980 66 90
43981 66 45
43982 66 45
43983 66 45
43984 66 45
43985 66 45
43986 66 0
43987 66 0
43988 66 0
43989 66 0
43990 66 0
43991 66 0
43992 66 0
43993 66 0
43994 66 0
43995 66 0
43996 66 0
43997 66 0
43998 66 0
43999 66 315
44000 66 315
44001 66 315
44002 66 315
44003 66 315
44004 66 315
44005 66 315
44006 66 315
44007 66 315
44008 66 315
44009 66 315
44010 66 315
44011 66 315
44012 66 315
44013 66 315
44014 66 315
44015 66 315
44016 66 315
44017 66 315
44018 66 315
44019 66 315
44020 66 315
44021 66 315
44022 66 315
44023 66 315
44024 66 315
44025 66 315
44026 66 315
44027 66 315
44028 66 315
44029 66 315
44030 66 315
44031 66 315
44032 66 315
44033 66 315
44034 66 315
44035 66 315
44036 66 315
44037 66 315
44038 66 270
44039 66 270
44040 66 270
44041 66 270
44042 66 270
44043 66 270
44044 66 270
44045 66 270
44046 66 270
44047 66 270
44048 66 270
44049 151 270
44050 151 270
44051 151 270
44052 151 270
44053 151 270
44054 151 270
44055 151 270
44056 151 270
44057 151 270
44058 151 270
44059 151 270
44060 151 270
44061 151 270
44062 151 270
44063 151 270
44064 151 270
44065 151 270
44066 151 270
44067 151 270
44068 151 270
44069 151 270
44070 151 270
44071 151 270
44072 151 270
44073 151 270
44074 151 270
44075 151 225
44076 151 225
44077 151 225
44078 151 225
44079 151 225
44080 151 225
44081 151 225
44082 151 225
44083 151 225
44084 151 225
44085 151 225
44086 151 225
44087 151 225
44088 151 225
44089 151 225
44090 151 225
44091 151 225
44092 151 225
44093 151 225
44094 151 225
44095 151 225
44096 151 225
44097 151 225
44098 151 225
44099 151 225
44100 151 225
44101 151 225
44102 151 225
44103 151 225
44104 151 225
44105 151 225
44106 151 180
44107 151 180
44108 151 180
44109 151 180
44110 151 180
44111 151 180
44112 151 180
44113 151 180
44114 151 135
44115 151 135
44116 151 135
44117 151 135
44118 151 135
44119 151 135
44120 151 135
44121 151 135
44122 151 135
44123 151 135
44124 151 135
44125 151 135
44126 151 135
44127 151 135
44128 151 135
44129 151 135
44130 151 135
44131 151 135
44132 151 135
44133 151 135
44134 151 135
44135 151 90
44136 151 90
44137 151 90
44138 151 90
44139 151 90
44140 151 90
44141 151 90
44142 151 90
44143 151 90
44144 151 90
44145 151 90
44146 151 90
44147 151 90
44148 151 90
44149 151 90
44150 151 90
44151 151 90
44152 151 90
44153 151 90
44154 151 90
44155 151 90
44156 151 45
44157 151 45
44158 151 45
44159 151 45
44160 151 45
44161 151 45
44162 151 45
44163 151 45
44164 151 45
44165 151 45
44166 151 45
44167 151 45
44168 151 45
44169 151 45
44170 151 45
44171 151 45
44172 151 45
44173 151 45
44174 151 45
44175 151 45
44176 151 45
44177 151 0
44178 151 0
44179 151 0
44180 151 0
44181 151 0
44182 151 0
44183 151 0
44184 151 0
44185 151 0
44186 151 0
44187 151 0
44188 151 0
44189 151 0
44190 151 0
44191 151 0
44192 151 0
44193 151 0
44194 151 0
44195 151 0
44196 151 0
44197 151 0
44198 151 0
44199 151 0
44200 151 0
44201 151 0
44202 151 0
44203 151 0
44204 151 0
44205 151 0
44206 151 0
44207 151 0
44208 151 0
44209 151 0
44210 151 0
44211 151 0
44212 151 0
44213 151 0
44214 151 315
44215 151 315
44216 151 315
44217 151 315
44218 151 270
44219 151 270
44220 151 270
44221 151 270
44222 151 270
44223 151 270
44224 151 270
44225 151 270
44226 151 270
44227 151 270
44228 151 270
44229 151 270
44230 151 270
44231 151 270
44232 151 270
44233 151 270
44234 151 270
44235 151 270
44236 151 270
44237 151 270
44238 151 270
44239 151 270
44240 151 270
44241 151 270
44242 151 270
44243 151 270
44244 151 270
44245 151 270
44246 151 270
44247 151 270
44248 151 270
44249 151 270
44250 151 270
44251 151 270
44252 151 270
44253 150 270
44254 150 270
44255 150 270
44256 150 270
44257 150 270
44258 150 270
44259 150 270
44260 150 270
44261 150 270
44262 150 270
44263 150 270
44264 150 270
44265 150 270
44266 150 270
44267 150 270
44268 150 270
44269 150 270
44270 150 270
44271 150 270
44272 150 270
44273 150 270
44274 150 270
44275 150 270
44276 150 270
44277 150 270
44278 150 270
44279 150 270
44280 150 270
44281 150 270
44282 150 270
44283 150 270
44284 150 270
44285 150 270
44286 150 270
44287 150 270
44288 150 270
44289 150 270
44290 150 270
44291 150 270
44292 150 225
44293 150 225
44294 150 225
44295 150 225
44296 150 225
44297 150 225
44298 150 225
44299 150 225
44300 150 225
44301 150 225
44302 150 225
44303 150 225
44304 150 225
44305 150 225
44306 150 225
44307 150 225
44308 150 225
44309 150 225
44310 150 225
44311 150 225
44312 150 225
44313 150 225
44314 150 180
44315 150 180
44316 150 180
44317 150 180
44318 150 180
44319 150 180
44320 150 180
44321 150 180
44322 150 180
44323 150 180
44324 150 180
44325 150 180
44326 150 180
44327 150 180
44328 150 180
44329 150 180
44330 150 180
44331 150 180
44332 150 180
44333 150 180
44334 150 180
44335 150 180
44336 150 180
44337 150 180
44338 150 180
44339 150 180
44340 150 180
44341 150 180
44342 150 180
44343 150 180
44344 150 180
44345 150 180
44346 150 180
44347 150 180
44348 150 180
44349 150 180
44350 150 180
44351 150 180
44352 150 180
44353 150 180
44354 150 180
44355 150 180
44356 150 180
44357 150 180
44358 150 180
44359 150 135
44360 150 135
44361 150 135
44362 150 135
44363 150 135
44364 150 135
44365 150 135
44366 150 135
44367 150 135
44368 150 135
44369 150 135
44370 150 90
44371 150 90
44372 150 90
44373 150 90
44374 150 90
44375 150 90
44376 150 90
44377 150 90
44378 150 90
44379 150 90
44380 150 90
44381 150 90
44382 150 90
44383 150 90
44384 150 90
44385 150 90
44386 150 90
44387 150 90
44388 150 90
44389 150 90
44390 150 90
44391 150 90
44392 150 90
44393 150 90
44394 150 90
44395 150 90
44396 150 90
44397 150 90
44398 150 90
44399 150 90
44400 150 45
44401 150 45
44402 150 45
44403 150 45
44404 150 45
44405 150 45
44406 150 45
44407 150 0
44408 150 0
44409 150 0
44410 150 0
44411 150 0
44412 150 0
44413 150 0
44414 150 0
44415 150 0
44416 150 0
44417 150 0
44418 150 0
44419 150 0
44420 150 0
44421 150 0
44422 150 0
44423 150 0
44424 150 0
44425 150 0
44426 150 0
44427 150 0
44428 150 0
44429 150 0
44430 150 0
44431 150 0
44432 150 0
44433 150 0
44434 150 0
44435 150 315
44436 150 315
44437 150 315
44438 150 315
44439 150 315
44440 150 315
44441 150 315
44442 150 315
44443 150 315
44444 150 315
44445 150 315
44446 150 315
44447 150 315
44448 150 270
44449 150 270
44450 150 270
44451 150 270
44452 150 270
44453 150 270
44454 150 270
44455 150 270
44456 150 270
44457 150 270
44458 150 270
44459 150 270
44460 150 270
44461 150 270
44462 150 270
44463 150 270
44464 150 270
44465 150 270
44466 150 270
44467 150 270
44468 150 270
44469 150 270
44470 150 270
44471 150 270
44472 150 270
44473 150 270
44474 150 270
44475 150 270
44476 150 270
44477 150 270
44478 149 270
44479 149 270
44480 149 270
44481 149 270
44482 149 270
44483 149 270
44484 149 270
44485 149 270
44486 149 270
44487 149 270
44488 149 270
44489 149 270
44490 149 270
44491 149 270
44492 149 270
44493 149 270
44494 149 270
44495 149 270
44496 149 270
44497 149 270
44498 149 270
44499 149 270
44500 149 270
44501 149 270
44502 149 270
44503 149 270
44504 149 270
44505 149 270
44506 149 270
44507 149 270
44508 149 270
44509 149 270
44510 149 270
44511 149 270
44512 149 270
44513 149 270
44514 149 270
44515 149 270
44516 149 270
44517 149 270
44518 149 270
44519 149 270
44520 149 270
44521 149 225
44522 149 225
44523 149 225
44524 149 225
44525 149 225
44526 149 225
44527 149 225
44528 149 225
44529 149 225
44530 149 225
44531 149 225
44532 149 225
44533 149 225
44534 149 225
44535 149 225
44536 149 225
44537 149 225
44538 149 225
44539 149 225
44540 149 225
44541 149 225
44542 149 225
44543 149 180
44544 149 180
44545 149 180
44546 149 180
44547 149 180
44548 149 180
44549 149 180
44550 149 180
44551 149 180
44552 149 180
44553 149 180
44554 149 180
44555 149 180
44556 149 180
44557 149 180
44558 149 180
44559 149 180
44560 149 180
44561 149 180
44562 149 180
44563 149 180
44564 149 180
44565 149 180
44566 149 180
44567 149 180
44568 149 180
44569 149 180
44570 149 180
44571 149 180
44572 149 180
44573 149 180
44574 149 135
44575 149 135
44576 149 135
44577 149 135
44578 149 135
44579 149 135
44580 149 135
44581 149 135
44582 149 135
44583 149 135
44584 149 135
44585 149 135
44586 149 135
44587 149 90
44588 149 90
44589 149 90
44590 149 90
44591 149 90
44592 149 90
44593 149 90
44594 149 90
44595 149 90
44596 149 90
44597 149 90
44598 149 90
44599 149 90
44600 149 90
44601 149 90
44602 149 90
44603 149 90
44604 149 90
44605 149 90
44606 149 90
44607 149 90
44608 149 45
44609 149 45
44610 149 45
44611 149 45
44612 149 45
44613 149 45
44614 149 45
44615 149 45
44616 149 45
44617 149 45
44618 149 45
44619 149 45
44620 149 45
44621 149 45
44622 149 45
44623 149 45
44624 149 0
44625 149 0
44626 149 0
44627 149 0
44628 149 0
44629 149 0
44630 149 0
44631 149 0
44632 149 0
44633 149 0
44634 149 0
44635 149 0
44636 149 0
44637 149 0
44638 149 0
44639 149 0
44640 149 0
44641 149 0
44642 149 0
44643 149 0
44644 149 0
44645 149 0
44646 149 0
44647 149 0
44648 149 0
44649 149 0
44650 149 0
44651 149 0
44652 149 0
44653 149 0
44654 149 0
44655 149 0
44656 149 0
44657 149 0
44658 149 315
44659 149 315
44660 149 315
44661 149 315
44662 149 315
44663 149 315
44664 149 315
44665 149 315
44666 149 315
44667 149 315
44668 149 315
44669 149 315
44670 149 315
44671 149 315
44672 149 315
44673 149 315
44674 149 315
44675 149 315
44676 149 315
44677 149 315
44678 149 270
44679 149 270
44680 149 270
44681 149 270
44682 149 270
44683 149 270
44684 149 270
44685 149 270
44686 149 270
44687 149 270
44688 149 270
44689 149 270
44690 149 270
44691 149 270
44692 149 270
44693 149 270
44694 149 270
44695 149 270
44696 149 270
44697 149 270
44698 149 270
44699 149 270
44700 149 270
44701 149 270
44702 149 270
44703 149 270
44704 149 270
44705 149 270
44706 149 270
44707 148 270
44708 148 270
44709 148 270
44710 148 270
44711 148 270
44712 148 270
44713 148 270
44714 148 270
44715 148 270
44716 148 270
44717 148 270
44718 148 270
44719 148 270
44720 148 270
44721 148 270
44722 148 270
44723 148 270
44724 148 270
44725 148 270
44726 148 270
44727 148 270
44728 148 270
44729 148 270
44730 148 270
44731 148 270
44732 148 270
44733 148 270
44734 148 270
44735 148 270
44736 148 270
44737 148 270
44738 148 270
44739 148 270
44740 148 270
44741 148 270
44742 148 270
44743 148 270
44744 148 270
44745 148 270
44746 148 270
44747 148 270
44748 148 270
44749 148 225
44750 148 225
44751 148 225
44752 148 225
44753 148 225
44754 148 225
44755 148 225
44756 148 225
44757 148 225
44758 148 225
44759 148 225
44760 148 225
44761 148 225
44762 148 225
44763 148 225
44764 148 225
44765 148 180
44766 148 180
44767 148 180
44768 148 180
44769 148 180
44770 148 180
44771 148 180
44772 148 180
44773 148 180
44774 148 180
44775 148 180
44776 148 180
44777 148 180
44778 148 180
44779 148 180
44780 148 180
44781 148 180
44782 148 180
44783 148 135
44784 148 135
44785 148 135
44786 148 135
44787 148 135
44788 148 135
44789 148 135
44790 148 135
44791 148 135
44792 148 135
44793 148 135
44794 148 135
44795 148 135
44796 148 135
44797 148 135
44798 148 135
44799 148 135
44800 148 135
44801 148 135
44802 148 135
44803 148 90
44804 148 90
44805 148 90
44806 148 90
44807 148 90
44808 148 90
44809 148 90
44810 148 90
44811 148 90
44812 148 90
44813 148 90
44814 148 90
44815 148 90
44816 148 90
44817 148 90
44818 148 90
44819 148 90
44820 148 90
44821 148 90
44822 148 90
44823 148 90
44824 148 90
44825 148 90
44826 148 90
44827 148 90
44828 148 90
44829 148 45
44830 148 45
44831 148 45
44832 148 45
44833 148 45
44834 148 45
44835 148 45
44836 148 45
44837 148 45
44838 148 45
44839 148 45
44840 148 0
44841 148 0
44842 148 0
44843 148 0
44844 148 0
44845 148 0
44846 148 0
44847 148 0
44848 148 0
44849 148 0
44850 148 0
44851 148 0
44852 148 0
44853 148 0
44854 148 0
44855 148 0
44856 148 0
44857 148 0
44858 148 0
44859 148 0
44860 148 0
44861 148 0
44862 148 0
44863 148 0
44864 148 0
44865 148 0
44866 148 0
44867 148 315
44868 148 315
44869 148 315
44870 148 315
44871 148 315
44872 148 315
44873 148 315
44874 148 315
44875 148 315
44876 148 315
44877 148 315
44878 148 315
44879 148 315
44880 148 315
44881 148 315
44882 148 270
44883 148 270
44884 148 270
44885 148 270
44886 148 270
44887 148 270
44888 148 270
44889 148 270
44890 148 270
44891 148 270
44892 148 270
44893 148 270
44894 148 270
44895 148 270
44896 148 270
44897 148 270
44898 148 270
44899 148 270
44900 148 270
44901 148 270
44902 148 270
44903 148 270
44904 148 270
44905 148 270
44906 148 270
44907 148 270
44908 148 270
44909 148 270
44910 148 270
44911 148 270
44912 148 270
44913 148 270
44914 147 270
44915 147 270
44916 147 270
44917 147 270
44918 147 270
44919 147 270
44920 147 270
44921 147 270
44922 147 270
44923 147 270
44924 147 270
44925 147 270
44926 147 270
44927 147 270
44928 147 270
44929 147 270
44930 147 270
44931 147 270
44932 147 270
44933 147 270
44934 147 270
44935 147 270
44936 147 270
44937 147 270
44938 147 270
44939 147 270
44940 147 270
44941 147 270
44942 147 270
44943 147 270
44944 147 270
44945 147 270
44946 147 270
44947 147 270
44948 147 270
44949 147 270
44950 147 270
44951 147 270
44952 147 270
44953 147 270
44954 147 270
44955 147 225
44956 147 225
44957 147 225
44958 147 225
44959 147 225
44960 147 225
44961 147 225
44962 147 225
44963 147 225
44964 147 225
44965 147 225
44966 147 225
44967 147 225
44968 147 225
44969 147 225
44970 147 225
44971 147 225
44972 147 225
44973 147 225
44974 147 225
44975 147 225
44976 147 225
44977 147 225
44978 147 225
44979 147 180
44980 147 180
44981 147 180
44982 147 180
44983 147 180
44984 147 180
44985 147 180
44986 147 180
44987 147 180
44988 147 180
44989 147 180
44990 147 180
44991 147 180
44992 147 180
44993 147 180
44994 147 180
44995 147 180
44996 147 180
44997 147 180
44998 147 180
44999 147 135
45000 147 135
45001 147 135
45002 147 135
45003 147 135
45004 147 135
45005 147 135
45006 147 135
45007 147 135
45008 147 135
45009 147 135
45010 147 135
45011 147 135
45012 147 135
45013 147 135
45014 147 135
45015 147 135
45016 147 135
45017 147 135
45018 147 135
45019 147 90
45020 147 90
45021 147 90
45022 147 90
45023 147 90
45024 147 90
45025 147 90
45026 147 90
45027 147 90
45028 147 90
45029 147 90
45030 147 90
45031 147 90
45032 147 90
45033 147 90
45034 147 90
45035 147 90
45036 147 90
45037 147 90
45038 147 90
45039 147 90
45040 147 45
45041 147 45
45042 147 45
45043 147 45
45044 147 45
45045 147 45
45046 147 45
45047 147 45
45048 147 45
45049 147 45
45050 147 45
45051 147 45
45052 147 45
45053 147 45
45054 147 0
45055 147 0
45056 147 0
45057 147 0
45058 147 0
45059 147 0
45060 147 0
45061 147 0
45062 147 0
45063 147 0
45064 147 0
45065 147 0
45066 147 0
45067 147 0
45068 147 0
45069 147 0
45070 147 0
45071 147 0
45072 147 0
45073 147 0
45074 147 0
45075 147 0
45076 147 0
45077 147 0
45078 147 0
45079 147 0
45080 147 0
45081 147 0
45082 147 0
45083 147 0
45084 147 0
45085 147 0
45086 147 315
45087 147 315
45088 147 315
45089 147 315
45090 147 315
45091 147 315
45092 147 315
45093 147 315
45094 147 315
45095 147 315
45096 147 315
45097 147 315
45098 147 315
45099 147 315
45100 147 315
45101 147 315
45102 147 315
45103 147 315
45104 147 270
45105 147 270
45106 147 270
45107 147 270
45108 147 270
45109 147 270
45110 147 270
45111 147 270
45112 147 270
45113 147 270
45114 147 270
45115 147 270
45116 147 270
45117 147 270
45118 147 270
45119 147 270
45120 147 270
45121 147 270
45122 147 270
45123 147 270
45124 147 270
45125 147 270
45126 147 270
45127 147 270
45128 147 270
45129 147 270
45130 147 270
45131 146 270
45132 146 270
45133 146 270
45134 146 270
45135 146 270
45136 146 270
45137 146 270
45138 146 270
45139 146 270
45140 146 270
45141 146 270
45142 146 270
45143 146 270
45144 146 270
45145 146 270
45146 146 270
45147 146 270
45148 146 270
45149 146 270
45150 146 270
45151 146 270
45152 146 270
45153 146 270
45154 146 270
45155 146 270
45156 146 270
45157 146 270
45158 146 270
45159 146 225
45160 146 225
45161 146 225
45162 146 225
45163 146 225
45164 146 225
45165 146 225
45166 146 225
45167 146 225
45168 146 225
45169 146 225
45170 146 225
45171 146 225
45172 146 225
45173 146 225
45174 146 225
45175 146 225
45176 146 225
45177 146 225
45178 146 225
45179 146 225
45180 146 225
45181 146 225
45182 146 225
45183 146 225
45184 146 225
45185 146 225
45186 146 225
45187 146 225
45188 146 180
45189 146 180
45190 146 180
45191 146 180
45192 146 180
45193 146 180
45194 146 180
45195 146 180
45196 146 180
45197 146 180
45198 146 180
45199 146 180
45200 146 180
45201 146 180
45202 146 180
45203 146 180
45204 146 180
45205 146 180
45206 146 180
45207 146 180
45208 146 180
45209 146 180
45210 146 180
45211 146 180
45212 146 180
45213 146 180
45214 146 180
45215 146 180
45216 146 180
45217 146 180
45218 146 180
45219 146 135
45220 146 135
45221 146 135
45222 146 135
45223 146 135
45224 146 135
45225 146 135
45226 146 135
45227 146 135
45228 146 135
45229 146 135
45230 146 135
45231 146 135
45232 146 135
45233 146 135
45234 146 135
45235 146 135
45236 146 90
45237 146 90
45238 146 90
45239 146 90
45240 146 90
45241 146 90
45242 146 90
45243 146 90
45244 146 90
45245 146 90
45246 146 90
45247 146 90
45248 146 90
45249 146 90
45250 146 90
45251 146 90
45252 146 90
45253 146 90
45254 146 90
45255 146 90
45256 146 90
45257 146 90
45258 146 90
45259 146 90
45260 146 90
45261 146 90
45262 146 90
45263 146 90
45264 146 45
45265 146 45
45266 146 45
45267 146 45
45268 146 45
45269 146 45
45270 146 45
45271 146 45
45272 146 45
45273 146 45
45274 146 45
45275 146 0
45276 146 0
45277 146 0
45278 146 0
45279 146 0
45280 146 0
45281 146 0
45282 146 0
45283 146 0
45284 146 0
45285 146 0
45286 146 0
45287 146 0
45288 146 0
45289 146 0
45290 146 0
45291 146 0
45292 146 0
45293 146 0
45294 146 0
45295 146 0
45296 146 0
45297 146 0
45298 146 0
45299 146 0
45300 146 0
45301 146 0
45302 146 0
45303 146 0
45304 146 0
45305 146 0
45306 146 315
45307 146 315
45308 146 315
45309 146 315
45310 146 315
45311 146 315
45312 146 315
45313 146 315
45314 146 315
45315 146 315
45316 146 315
45317 146 315
45318 146 315
45319 146 315
45320 146 270
45321 146 270
45322 146 270
45323 146 270
45324 146 270
45325 146 270
45326 146 270
45327 146 270
45328 146 270
45329 146 270
45330 146 270
45331 146 270
45332 146 270
45333 146 270
45334 146 270
45335 146 270
45336 146 270
45337 146 270
45338 146 270
45339 146 270
45340 146 270
45341 146 270
45342 146 270
45343 146 270
45344 146 270
45345 146 270
45346 146 270
45347 146 270
45348 146 270
45349 146 270
45350 146 270
45351 146 270
45352 145 270
45353 145 270
45354 145 270
45355 145 270
45356 145 270
45357 145 270
45358 145 270
45359 145 270
45360 145 270
45361 145 270
45362 145 270
45363 145 270
45364 145 270
45365 145 270
45366 145 270
45367 145 270
45368 145 270
45369 145 270
45370 145 270
45371 145 270
45372 145 270
45373 145 270
45374 145 270
45375 145 270
45376 145 270
45377 145 270
45378 145 270
45379 145 270
45380 145 270
45381 145 225
45382 145 225
45383 145 225
45384 145 225
45385 145 225
45386 145 225
45387 145 225
45388 145 225
45389 145 225
45390 145 225
45391 145 225
45392 145 225
45393 145 225
45394 145 225
45395 145 225
45396 145 225
45397 145 225
45398 145 225
45399 145 180
45400 145 180
45401 145 180
45402 145 180
45403 145 180
45404 145 180
45405 145 180
45406 145 180
45407 145 180
45408 145 180
45409 145 180
45410 145 180
45411 145 180
45412 145 180
45413 145 180
45414 145 180
45415 145 180
45416 145 180
45417 145 180
45418 145 180
45419 145 180
45420 145 180
45421 145 180
45422 145 180
45423 145 180
45424 145 180
45425 145 180
45426 145 180
45427 145 180
45428 145 180
45429 145 180
45430 145 180
45431 145 180
45432 145 180
45433 145 180
45434 145 135
45435 145 135
45436 145 135
45437 145 135
45438 145 135
45439 145 135
45440 145 135
45441 145 135
45442 145 135
45443 145 135
45444 145 135
45445 145 90
45446 145 90
45447 145 90
45448 145 90
45449 145 90
45450 145 90
45451 145 90
45452 145 90
45453 145 90
45454 145 90
45455 145 90
45456 145 90
45457 145 90
45458 145 90
45459 145 90
45460 145 90
45461 145 90
45462 145 90
45463 145 90
45464 145 90
45465 145 90
45466 145 90
45467 145 90
45468 145 90
45469 145 90
45470 145 90
45471 145 90
45472 145 90
45473 145 90
45474 145 45
45475 145 45
45476 145 45
45477 145 45
45478 145 45
45479 145 45
45480 145 45
45481 145 0
45482 145 0
45483 145 0
45484 145 0
45485 145 0
45486 145 0
45487 145 0
45488 145 0
45489 145 0
45490 145 0
45491 145 0
45492 145 0
45493 145 0
45494 145 0
45495 145 0
45496 145 315
45497 145 315
45498 145 315
45499 145 315
45500 145 315
45501 145 315
45502 145 315
45503 145 315
45504 145 315
45505 145 315
45506 145 315
45507 145 315
45508 145 315
45509 145 315
45510 145 315
45511 145 0
45512 145 270
45513 145 270
45514 145 270
45515 145 270
45516 145 270
45517 145 270
45518 145 270
45519 145 270
45520 145 270
45521 145 270
45522 145 270
45523 145 270
45524 145 270
45525 145 270
45526 145 270
45527 145 270
45528 145 270
45529 145 270
45530 145 270
45531 145 270
45532 145 270
45533 145 270
45534 145 270
45535 145 270
45536 145 270
45537 145 270
45538 145 270
45539 145 270
45540 145 270
45541 145 270
45542 145 270
45543 145 270
45544 145 270
45545 145 270
45546 145 270
45547 145 270
45548 145 270
45549 144 270
45550 144 270
45551 144 270
45552 144 270
45553 144 270
45554 144 270
45555 144 270
45556 144 270
45557 144 270
45558 144 270
45559 144 270
45560 144 270
45561 144 270
45562 144 270
45563 144 270
45564 144 270
45565 144 270
45566 144 270
45567 144 270
45568 144 270
45569 144 270
45570 144 270
45571 144 270
45572 144 270
45573 144 270
45574 144 270
45575 144 270
45576 144 270
45577 144 270
45578 144 270
45579 144 225
45580 144 225
45581 144 225
45582 144 225
45583 144 225
45584 144 225
45585 144 225
45586 144 225
45587 144 225
45588 144 225
45589 144 225
45590 144 225
45591 144 225
45592 144 225
45593 144 225
45594 144 225
45595 144 225
45596 144 225
45597 144 225
45598 144 225
45599 144 225
45600 144 225
45601 144 225
45602 144 225
45603 144 225
45604 144 180
45605 144 180
45606 144 180
45607 144 180
45608 144 180
45609 144 180
45610 144 180
45611 144 180
45612 144 180
45613 144 180
45614 144 180
45615 144 180
45616 144 180
45617 144 180
45618 144 180
45619 144 180
45620 144 180
45621 144 180
45622 144 180
45623 144 180
45624 144 180
45625 144 180
45626 144 180
45627 144 180
45628 144 180
45629 144 180
45630 144 180
45631 144 135
45632 144 135
45633 144 135
45634 144 135
45635 144 135
45636 144 135
45637 144 135
45638 144 135
45639 144 135
45640 144 135
45641 144 135
45642 144 135
45643 144 135
45644 144 135
45645 144 135
45646 144 135
45647 144 135
45648 144 135
45649 144 135
45650 144 135
45651 144 135
45652 144 135
45653 144 135
45654 144 135
45655 144 135
45656 144 135
45657 144 90
45658 144 90
45659 144 90
45660 144 90
45661 144 90
45662 144 90
45663 144 90
45664 144 90
45665 144 90
45666 144 90
45667 144 90
45668 144 90
45669 144 90
45670 144 90
45671 144 90
45672 144 90
45673 144 90
45674 144 90
45675 144 90
45676 144 90
45677 144 90
45678 144 90
45679 144 90
45680 144 90
45681 144 90
45682 144 90
45683 144 45
45684 144 45
45685 144 45
45686 144 45
45687 144 45
45688 144 45
45689 144 45
45690 144 45
45691 144 45
45692 144 45
45693 144 45
45694 144 45
45695 144 45
45696 144 0
45697 144 0
45698 144 0
45699 144 0
45700 144 0
45701 144 0
45702 144 0
45703 144 0
45704 144 0
45705 144 0
45706 144 0
45707 144 0
45708 144 0
45709 144 0
45710 144 0
45711 144 0
45712 144 0
45713 144 0
45714 144 0
45715 144 0
45716 144 0
45717 144 0
45718 144 0
45719 144 0
45720 144 0
45721 144 0
45722 144 0
45723 144 0
45724 144 0
45725 144 0
45726 144 0
45727 144 0
45728 144 0
45729 144 0
45730 144 0
45731 144 0
45732 144 0
45733 144 0
45734 144 0
45735 144 0
45736 144 315
45737 144 315
45738 144 315
45739 144 315
45740 144 315
45741 144 315
45742 144 315
45743 144 315
45744 144 315
45745 144 315
45746 144 315
45747 144 315
45748 144 315
45749 144 315
45750 144 315
45751 144 315
45752 144 315
45753 144 270
45754 144 270
45755 144 270
45756 144 270
45757 144 270
45758 144 270
45759 144 270
45760 144 270
45761 144 270
45762 144 270
45763 144 270
45764 144 270
45765 144 270
45766 144 270
45767 144 270
45768 144 270
45769 144 270
45770 144 270
45771 144 270
45772 144 270
45773 144 270
45774 144 270
45775 144 270
45776 144 270
45777 144 270
45778 144 270
45779 144 270
45780 144 270
45781 144 270
45782 144 270
45783 144 270
45784 144 270
45785 144 270
45786 144 270
45787 144 270
45788 144 270
45789 144 270
45790 144 270
45791 144 270
45792 143 270
45793 143 270
45794 143 270
45795 143 270
45796 143 270
45797 143 270
45798 143 270
45799 143 270
45800 143 270
45801 143 270
45802 143 270
45803 143 270
45804 143 270
45805 143 270
45806 143 270
45807 143 270
45808 143 270
45809 143 270
45810 143 270
45811 143 270
45812 143 270
45813 143 270
45814 143 270
45815 143 270
45816 143 270
45817 143 270
45818 143 270
45819 143 270
45820 143 270
45821 143 270
45822 143 225
45823 143 225
45824 143 225
45825 143 225
45826 143 225
45827 143 225
45828 143 225
45829 143 225
45830 143 225
45831 143 225
45832 143 225
45833 143 225
45834 143 225
45835 143 225
45836 143 225
45837 143 225
45838 143 225
45839 143 225
45840 143 225
45841 143 225
45842 143 225
45843 143 225
45844 143 225
45845 143 225
45846 143 225
45847 143 225
45848 143 180
45849 143 180
45850 143 180
45851 143 180
45852 143 180
45853 143 180
45854 143 180
45855 143 180
45856 143 180
45857 143 180
45858 143 180
45859 143 180
45860 143 180
45861 143 180
45862 143 180
45863 143 180
45864 143 180
45865 143 180
45866 143 180
45867 143 180
45868 143 180
45869 143 180
45870 143 180
45871 143 180
45872 143 180
45873 143 180
45874 143 180
45875 143 135
45876 143 135
45877 143 135
45878 143 135
45879 143 135
45880 143 135
45881 143 135
45882 143 135
45883 143 135
45884 143 135
45885 143 135
45886 143 135
45887 143 135
45888 143 135
45889 143 135
45890 143 135
45891 143 135
45892 143 135
45893 143 135
45894 143 135
45895 143 135
45896 143 135
45897 143 135
45898 143 135
45899 143 135
45900 143 135
45901 143 135
45902 143 90
45903 143 90
45904 143 90
45905 143 90
45906 143 90
45907 143 90
45908 143 90
45909 143 90
45910 143 90
45911 143 90
45912 143 90
45913 143 90
45914 143 90
45915 143 90
45916 143 90
45917 143 90
45918 143 90
45919 143 90
45920 143 90
45921 143 90
45922 143 90
45923 143 90
45924 143 90
45925 143 90
45926 143 90
45927 143 90
45928 143 45
45929 143 45
45930 143 45
45931 143 45
45932 143 45
45933 143 45
45934 143 45
45935 143 45
45936 143 45
45937 143 45
45938 143 45
45939 143 45
45940 143 45
45941 143 45
45942 143 45
45943 143 45
45944 143 45
45945 143 45
45946 143 45
45947 143 45
45948 143 45
45949 143 45
45950 143 45
45951 143 45
45952 143 45
45953 143 45
45954 143 45
45955 143 0
45956 143 0
45957 143 0
45958 143 0
45959 143 0
45960 143 0
45961 143 0
45962 143 0
45963 143 0
45964 143 0
45965 143 0
45966 143 0
45967 143 0
45968 143 0
45969 143 0
45970 143 0
45971 143 0
45972 143 0
45973 143 0
45974 143 0
45975 143 0
45976 143 0
45977 143 0
45978 143 0
45979 143 0
45980 143 0
45981 143 0
45982 143 0
45983 143 0
45984 143 0
45985 143 0
45986 143 0
45987 143 0
45988 143 0
45989 143 0
45990 143 0
45991 143 0
45992 143 0
45993 143 0
45994 143 315
45995 143 315
45996 143 315
45997 143 315
45998 143 315
45999 143 315
