46000 143 315
46001 143 315
46002 143 315
46003 143 315
46004 143 315
46005 143 315
46006 143 315
46007 143 315
46008 143 315
46009 143 315
46010 143 270
46011 143 270
46012 143 270
46013 143 270
46014 143 270
46015 143 270
46016 143 270
46017 143 270
46018 143 270
46019 143 270
46020 143 270
46021 143 270
46022 143 270
46023 143 270
46024 143 270
46025 143 270
46026 143 270
46027 143 270
46028 143 270
46029 143 270
46030 143 270
46031 143 270
46032 143 270
46033 143 270
46034 143 270
46035 143 270
46036 143 270
46037 143 270
46038 143 270
46039 143 270
46040 143 270
46041 142 270
46042 142 270
46043 142 270
46044 142 270
46045 142 270
46046 142 270
46047 142 270
46048 142 270
46049 142 270
46050 142 270
46051 142 270
46052 142 270
46053 142 270
46054 142 270
46055 142 270
46056 142 270
46057 142 270
46058 142 270
46059 142 270
46060 142 270
46061 142 270
46062 142 270
46063 142 270
46064 142 270
46065 142 270
46066 142 270
46067 142 270
46068 142 270
46069 142 270
46070 142 270
46071 142 270
46072 142 270
46073 142 270
46074 142 270
46075 142 270
46076 142 270
46077 142 270
46078 142 270
46079 142 270
46080 142 270
46081 142 270
46082 142 270
46083 142 270
46084 142 270
46085 142 270
46086 142 225
46087 142 225
46088 142 225
46089 142 225
46090 142 225
46091 142 225
46092 142 225
46093 142 225
46094 142 225
46095 142 225
46096 142 225
46097 142 225
46098 142 225
46099 142 225
46100 142 225
46101 142 225
46102 142 225
46103 142 225
46104 142 225
46105 142 225
46106 142 225
46107 142 225
46108 142 225
46109 142 225
46110 142 225
46111 142 225
46112 142 225
46113 142 225
46114 142 225
46115 142 180
46116 142 180
46117 142 180
46118 142 180
46119 142 180
46120 142 180
46121 142 180
46122 142 180
46123 142 180
46124 142 180
46125 142 180
46126 142 180
46127 142 180
46128 142 180
46129 142 180
46130 142 180
46131 142 180
46132 142 180
46133 142 180
46134 142 180
46135 142 180
46136 142 180
46137 142 180
46138 142 180
46139 142 180
46140 142 180
46141 142 180
46142 142 180
46143 142 180
46144 142 180
46145 142 180
46146 142 180
46147 142 180
46148 142 135
46149 142 135
46150 142 135
46151 142 135
46152 142 135
46153 142 135
46154 142 135
46155 142 135
46156 142 135
46157 142 135
46158 142 135
46159 142 135
46160 142 135
46161 142 135
46162 142 135
46163 142 135
46164 142 135
46165 142 135
46166 142 135
46167 142 135
46168 142 135
46169 142 90
46170 142 90
46171 142 90
46172 142 90
46173 142 90
46174 142 90
46175 142 90
46176 142 90
46177 142 90
46178 142 90
46179 142 90
46180 142 90
46181 142 90
46182 142 90
46183 142 90
46184 142 90
46185 142 90
46186 142 90
46187 142 90
46188 142 90
46189 142 90
46190 142 90
46191 142 45
46192 142 45
46193 142 45
46194 142 45
46195 142 45
46196 142 45
46197 142 45
46198 142 45
46199 142 45
46200 142 45
46201 142 45
46202 142 45
46203 142 45
46204 142 45
46205 142 45
46206 142 45
46207 142 45
46208 142 45
46209 142 0
46210 142 0
46211 142 0
46212 142 0
46213 142 0
46214 142 0
46215 142 0
46216 142 0
46217 142 0
46218 142 0
46219 142 0
46220 142 0
46221 142 0
46222 142 0
46223 142 0
46224 142 0
46225 142 0
46226 142 0
46227 142 0
46228 142 0
46229 142 0
46230 142 0
46231 142 0
46232 142 0
46233 142 0
46234 142 0
46235 142 0
46236 142 0
46237 142 0
46238 142 0
46239 142 315
46240 142 315
46241 142 315
46242 142 315
46243 142 315
46244 142 315
46245 142 315
46246 142 315
46247 142 315
46248 142 315
46249 142 315
46250 142 315
46251 142 315
46252 142 315
46253 142 315
46254 142 315
46255 142 315
46256 142 315
46257 142 315
46258 142 315
46259 142 270
46260 142 270
46261 142 270
46262 142 270
46263 142 270
46264 142 270
46265 142 270
46266 142 270
46267 142 270
46268 142 270
46269 142 270
46270 142 270
46271 142 270
46272 142 270
46273 142 270
46274 142 270
46275 142 270
46276 142 270
46277 142 270
46278 142 270
46279 142 270
46280 142 270
46281 142 270
46282 142 270
46283 142 270
46284 142 270
46285 142 270
46286 142 270
46287 142 270
46288 142 270
46289 142 270
46290 141 270
46291 141 270
46292 141 270
46293 141 270
46294 141 270
46295 141 270
46296 141 270
46297 141 270
46298 141 270
46299 141 270
46300 141 270
46301 141 270
46302 141 270
46303 141 270
46304 141 270
46305 141 270
46306 141 270
46307 141 270
46308 141 270
46309 141 270
46310 141 270
46311 141 270
46312 141 225
46313 141 225
46314 141 180
46315 140 180
46316 140 180
46317 140 180
46318 140 180
46319 140 180
46320 140 180
46321 140 180
46322 140 180
46323 140 180
46324 140 180
46325 140 180
46326 140 180
46327 140 180
46328 140 180
46329 140 180
46330 140 180
46331 140 180
46332 140 180
46333 140 180
46334 140 180
46335 140 180
46336 140 180
46337 140 180
46338 140 180
46339 140 180
46340 140 180
46341 140 180
46342 140 180
46343 140 180
46344 140 180
46345 140 180
46346 140 180
46347 140 180
46348 140 180
46349 140 180
46350 140 180
46351 140 180
46352 140 180
46353 140 180
46354 140 180
46355 140 180
46356 140 180
46357 140 180
46358 140 180
46359 140 180
46360 140 180
46361 140 180
46362 140 180
46363 140 180
46364 140 180
46365 140 180
46366 140 180
46367 140 180
46368 140 180
46369 140 180
46370 140 180
46371 140 180
46372 140 180
46373 140 180
46374 140 180
46375 140 180
46376 140 180
46377 140 180
46378 140 180
46379 140 180
46380 140 180
46381 140 180
46382 140 180
46383 140 180
46384 140 180
46385 140 180
46386 140 180
46387 140 180
46388 140 180
46389 140 180
46390 140 180
46391 140 180
46392 140 180
46393 140 180
46394 140 180
46395 140 180
46396 140 180
46397 140 180
46398 140 180
46399 140 180
46400 140 180
46401 140 180
46402 140 180
46403 140 180
46404 140 135
46405 140 135
46406 140 135
46407 140 135
46408 140 135
46409 140 135
46410 140 135
46411 140 135
46412 140 135
46413 140 135
46414 140 135
46415 140 135
46416 140 135
46417 140 135
46418 140 135
46419 140 135
46420 140 135
46421 140 135
46422 140 135
46423 140 135
46424 140 90
46425 140 90
46426 140 90
46427 140 90
46428 140 90
46429 140 90
46430 140 90
46431 140 90
46432 140 90
46433 140 90
46434 140 90
46435 140 90
46436 140 90
46437 140 90
46438 140 90
46439 140 90
46440 140 90
46441 140 90
46442 140 90
46443 140 90
46444 140 90
46445 140 90
46446 140 90
46447 140 90
46448 140 90
46449 140 90
46450 140 90
46451 140 90
46452 140 90
46453 140 90
46454 140 90
46455 140 90
46456 140 90
46457 140 90
46458 140 90
46459 140 90
46460 140 90
46461 140 90
46462 140 90
46463 140 90
46464 140 90
46465 140 90
46466 140 90
46467 140 90
46468 140 90
46469 140 45
46470 140 45
46471 140 45
46472 140 45
46473 140 45
46474 140 45
46475 140 45
46476 140 45
46477 140 45
46478 140 45
46479 140 45
46480 140 45
46481 140 45
46482 140 45
46483 140 45
46484 140 0
46485 140 0
46486 140 0
46487 140 0
46488 140 0
46489 140 0
46490 140 0
46491 140 0
46492 140 0
46493 140 0
46494 140 0
46495 140 0
46496 140 0
46497 140 0
46498 140 0
46499 140 0
46500 140 0
46501 140 315
46502 140 315
46503 140 315
46504 140 315
46505 140 315
46506 140 315
46507 140 315
46508 140 315
46509 140 315
46510 140 315
46511 140 315
46512 140 315
46513 140 315
46514 140 315
46515 140 315
46516 140 315
46517 140 315
46518 140 315
46519 140 315
46520 140 315
46521 140 315
46522 140 315
46523 140 270
46524 140 270
46525 140 270
46526 140 270
46527 140 270
46528 140 270
46529 140 270
46530 140 270
46531 140 270
46532 140 270
46533 140 270
46534 140 270
46535 140 270
46536 140 270
46537 140 270
46538 140 270
46539 140 225
46540 140 225
46541 140 225
46542 140 225
46543 140 225
46544 140 225
46545 140 225
46546 140 225
46547 140 225
46548 140 225
46549 140 225
46550 140 225
46551 140 225
46552 140 225
46553 140 225
46554 140 225
46555 140 225
46556 140 225
46557 140 225
46558 140 225
46559 140 180
46560 140 180
46561 140 180
46562 140 180
46563 140 180
46564 140 180
46565 140 180
46566 140 180
46567 140 180
46568 140 180
46569 140 180
46570 140 180
46571 140 180
46572 140 180
46573 139 180
46574 139 180
46575 139 180
46576 139 180
46577 139 180
46578 139 180
46579 139 180
46580 139 180
46581 139 180
46582 139 180
46583 139 180
46584 139 180
46585 139 180
46586 139 180
46587 139 180
46588 139 180
46589 139 180
46590 139 180
46591 139 180
46592 139 180
46593 139 180
46594 139 180
46595 139 180
46596 139 180
46597 139 180
46598 139 180
46599 139 180
46600 139 180
46601 139 180
46602 139 180
46603 139 180
46604 139 180
46605 139 180
46606 139 180
46607 139 180
46608 139 180
46609 139 180
46610 139 180
46611 139 180
46612 139 180
46613 139 180
46614 139 180
46615 139 180
46616 139 180
46617 139 180
46618 139 180
46619 138 180
46620 138 180
46621 138 180
46622 138 180
46623 138 180
46624 138 180
46625 138 180
46626 138 180
46627 138 180
46628 138 180
46629 138 180
46630 138 180
46631 138 180
46632 138 180
46633 138 180
46634 138 180
46635 138 180
46636 138 180
46637 138 180
46638 138 180
46639 138 180
46640 138 180
46641 138 180
46642 138 180
46643 138 180
46644 138 180
46645 138 135
46646 138 135
46647 138 135
46648 138 135
46649 138 135
46650 138 135
46651 138 135
46652 138 135
46653 138 135
46654 138 135
46655 138 135
46656 138 135
46657 138 135
46658 138 135
46659 138 135
46660 138 135
46661 138 135
46662 138 135
46663 138 135
46664 138 135
46665 138 135
46666 138 90
46667 138 90
46668 138 90
46669 138 90
46670 138 90
46671 138 90
46672 138 90
46673 138 90
46674 138 90
46675 138 90
46676 138 90
46677 138 90
46678 138 90
46679 138 90
46680 138 90
46681 138 90
46682 138 90
46683 138 90
46684 138 90
46685 138 90
46686 138 90
46687 138 90
46688 138 90
46689 138 90
46690 138 90
46691 138 90
46692 138 90
46693 138 90
46694 138 90
46695 138 90
46696 138 90
46697 138 90
46698 138 90
46699 138 45
46700 138 45
46701 138 45
46702 138 45
46703 138 45
46704 138 45
46705 138 45
46706 138 45
46707 138 45
46708 138 45
46709 138 45
46710 138 45
46711 138 45
46712 138 45
46713 138 45
46714 138 45
46715 138 45
46716 138 45
46717 138 45
46718 138 45
46719 138 45
46720 138 45
46721 138 45
46722 138 45
46723 138 45
46724 138 0
46725 138 0
46726 138 0
46727 138 0
46728 138 0
46729 138 0
46730 138 0
46731 138 0
46732 138 0
46733 138 0
46734 138 0
46735 138 315
46736 138 315
46737 138 315
46738 138 315
46739 138 315
46740 138 315
46741 138 315
46742 138 315
46743 138 315
46744 138 315
46745 138 315
46746 138 315
46747 138 315
46748 138 315
46749 138 315
46750 138 315
46751 138 315
46752 138 315
46753 138 270
46754 138 270
46755 138 270
46756 138 270
46757 138 270
46758 138 270
46759 138 270
46760 138 270
46761 138 270
46762 138 270
46763 138 270
46764 138 270
46765 138 270
46766 138 270
46767 138 270
46768 138 270
46769 138 270
46770 138 270
46771 138 270
46772 138 270
46773 138 270
46774 138 270
46775 138 270
46776 138 270
46777 138 270
46778 138 270
46779 138 270
46780 138 270
46781 138 270
46782 138 270
46783 138 270
46784 138 270
46785 138 225
46786 138 225
46787 138 225
46788 138 225
46789 138 225
46790 138 225
46791 138 225
46792 138 225
46793 138 225
46794 138 225
46795 138 225
46796 138 225
46797 138 225
46798 138 225
46799 138 225
46800 138 225
46801 138 225
46802 138 225
46803 138 225
46804 138 225
46805 138 225
46806 138 225
46807 138 225
46808 138 225
46809 138 225
46810 138 225
46811 138 180
46812 138 180
46813 138 180
46814 138 180
46815 138 180
46816 138 180
46817 138 180
46818 138 180
46819 138 180
46820 138 180
46821 138 180
46822 138 180
46823 138 180
46824 138 180
46825 138 180
46826 138 180
46827 138 180
46828 138 180
46829 138 180
46830 138 180
46831 138 180
46832 138 180
46833 138 180
46834 138 180
46835 138 180
46836 138 180
46837 138 180
46838 138 180
46839 138 180
46840 138 180
46841 138 180
46842 138 180
46843 138 180
46844 138 180
46845 138 180
46846 138 180
46847 138 180
46848 138 180
46849 138 180
46850 137 180
46851 137 180
46852 137 180
46853 137 180
46854 137 180
46855 137 180
46856 137 180
46857 137 180
46858 137 180
46859 137 180
46860 137 180
46861 137 180
46862 137 180
46863 137 180
46864 137 180
46865 137 180
46866 137 180
46867 137 180
46868 137 180
46869 137 180
46870 137 180
46871 137 180
46872 137 180
46873 137 180
46874 137 180
46875 137 180
46876 137 180
46877 137 135
46878 137 135
46879 137 135
46880 137 135
46881 137 135
46882 137 135
46883 137 135
46884 137 135
46885 137 135
46886 137 135
46887 137 135
46888 137 135
46889 137 135
46890 137 135
46891 137 135
46892 137 135
46893 137 135
46894 137 135
46895 137 135
46896 137 135
46897 137 135
46898 137 135
46899 137 135
46900 137 135
46901 137 90
46902 137 90
46903 137 90
46904 137 90
46905 137 90
46906 137 90
46907 137 90
46908 137 90
46909 137 90
46910 137 90
46911 137 90
46912 137 90
46913 137 90
46914 137 90
46915 137 90
46916 137 90
46917 137 90
46918 137 90
46919 137 90
46920 137 90
46921 137 90
46922 137 90
46923 137 90
46924 137 90
46925 137 90
46926 137 90
46927 137 90
46928 137 90
46929 137 90
46930 137 90
46931 137 90
46932 137 90
46933 137 90
46934 137 90
46935 137 90
46936 137 90
46937 137 90
46938 137 90
46939 137 90
46940 137 90
46941 137 90
46942 137 45
46943 137 45
46944 137 45
46945 137 45
46946 137 45
46947 137 45
46948 137 45
46949 137 45
46950 137 45
46951 137 45
46952 137 45
46953 137 45
46954 137 45
46955 137 45
46956 137 45
46957 137 45
46958 137 45
46959 137 45
46960 137 45
46961 137 45
46962 137 45
46963 137 45
46964 137 45
46965 137 45
46966 137 45
46967 137 45
46968 137 45
46969 137 45
46970 137 45
46971 137 45
46972 137 45
46973 137 45
46974 137 0
46975 137 0
46976 137 0
46977 137 0
46978 137 0
46979 137 0
46980 137 0
46981 137 0
46982 137 0
46983 137 0
46984 137 0
46985 137 0
46986 137 0
46987 137 0
46988 137 315
46989 137 315
46990 137 315
46991 137 315
46992 137 315
46993 137 315
46994 137 315
46995 137 315
46996 137 315
46997 137 315
46998 137 315
46999 137 315
47000 137 315
47001 137 315
47002 137 315
47003 137 315
47004 137 315
47005 137 315
47006 137 315
47007 137 270
47008 137 270
47009 137 270
47010 137 270
47011 137 270
47012 137 270
47013 137 270
47014 137 270
47015 137 270
47016 137 270
47017 137 270
47018 137 270
47019 137 270
47020 137 270
47021 137 270
47022 137 270
47023 137 270
47024 137 270
47025 137 270
47026 137 270
47027 137 270
47028 137 270
47029 137 270
47030 137 270
47031 137 270
47032 137 270
47033 137 270
47034 137 270
47035 137 270
47036 137 270
47037 137 270
47038 137 270
47039 137 270
47040 137 270
47041 137 270
47042 137 225
47043 137 225
47044 137 225
47045 137 225
47046 137 225
47047 137 225
47048 137 225
47049 137 225
47050 137 225
47051 137 225
47052 137 225
47053 137 225
47054 137 225
47055 137 225
47056 137 225
47057 137 225
47058 137 225
47059 137 225
47060 137 225
47061 137 225
47062 137 225
47063 137 225
47064 137 225
47065 137 225
47066 137 180
47067 137 180
47068 137 180
47069 137 180
47070 137 180
47071 137 180
47072 137 180
47073 137 180
47074 137 180
47075 137 180
47076 137 180
47077 137 180
47078 137 180
47079 137 180
47080 137 180
47081 137 180
47082 137 180
47083 137 180
47084 137 180
47085 137 180
47086 137 180
47087 137 180
47088 137 180
47089 137 180
47090 137 180
47091 137 180
47092 137 180
47093 137 180
47094 137 180
47095 137 180
47096 136 180
47097 136 180
47098 136 180
47099 136 180
47100 136 180
47101 136 180
47102 136 180
47103 136 180
47104 136 180
47105 136 180
47106 136 180
47107 136 180
47108 136 180
47109 136 180
47110 136 180
47111 136 180
47112 136 180
47113 136 180
47114 136 180
47115 136 180
47116 136 180
47117 136 180
47118 136 180
47119 136 180
47120 136 180
47121 136 180
47122 136 180
47123 136 180
47124 136 180
47125 136 180
47126 136 180
47127 136 180
47128 136 180
47129 136 180
47130 136 180
47131 136 180
47132 136 180
47133 136 135
47134 136 135
47135 136 135
47136 136 135
47137 136 135
47138 136 135
47139 136 135
47140 136 135
47141 136 135
47142 136 135
47143 136 135
47144 136 135
47145 136 135
47146 136 135
47147 136 135
47148 136 135
47149 136 135
47150 136 135
47151 136 90
47152 136 90
47153 136 90
47154 136 90
47155 136 90
47156 136 90
47157 136 90
47158 136 90
47159 136 90
47160 136 90
47161 136 90
47162 136 90
47163 136 90
47164 136 90
47165 136 90
47166 136 90
47167 136 90
47168 136 90
47169 136 90
47170 136 90
47171 136 90
47172 136 90
47173 136 90
47174 136 90
47175 136 90
47176 136 90
47177 136 90
47178 136 90
47179 136 90
47180 136 90
47181 136 90
47182 136 90
47183 136 90
47184 136 90
47185 136 90
47186 136 90
47187 136 90
47188 136 90
47189 136 90
47190 136 90
47191 136 90
47192 136 90
47193 136 90
47194 136 90
47195 136 90
47196 136 90
47197 136 90
47198 136 90
47199 136 90
47200 136 90
47201 136 90
47202 136 90
47203 136 45
47204 136 45
47205 136 45
47206 136 45
47207 136 45
47208 136 45
47209 136 45
47210 136 45
47211 136 45
47212 136 45
47213 136 45
47214 136 45
47215 136 45
47216 136 45
47217 136 45
47218 136 45
47219 136 45
47220 136 45
47221 136 45
47222 136 45
47223 136 0
47224 136 315
47225 136 315
47226 136 315
47227 136 315
47228 136 315
47229 136 315
47230 136 315
47231 136 315
47232 136 315
47233 136 315
47234 136 315
47235 136 315
47236 136 315
47237 136 315
47238 136 270
47239 136 270
47240 136 270
47241 136 270
47242 136 270
47243 136 270
47244 136 270
47245 136 270
47246 136 270
47247 136 270
47248 136 270
47249 136 270
47250 136 270
47251 136 270
47252 136 270
47253 136 270
47254 136 270
47255 136 270
47256 136 270
47257 136 270
47258 136 270
47259 136 270
47260 136 270
47261 136 270
47262 136 270
47263 136 270
47264 136 270
47265 136 270
47266 136 270
47267 136 225
47268 136 225
47269 136 225
47270 136 225
47271 136 225
47272 136 225
47273 136 225
47274 136 225
47275 136 225
47276 136 225
47277 136 225
47278 136 225
47279 136 225
47280 136 225
47281 136 225
47282 136 225
47283 136 225
47284 136 225
47285 136 225
47286 136 225
47287 136 225
47288 136 225
47289 136 225
47290 136 225
47291 136 225
47292 136 225
47293 136 225
47294 136 225
47295 136 225
47296 136 180
47297 136 180
47298 136 180
47299 136 180
47300 136 180
47301 136 180
47302 136 180
47303 136 180
47304 136 180
47305 136 180
47306 136 180
47307 136 180
47308 136 180
47309 136 180
47310 136 180
47311 136 180
47312 136 180
47313 136 180
47314 136 180
47315 136 180
47316 136 180
47317 136 180
47318 136 180
47319 136 180
47320 136 180
47321 136 180
47322 136 180
47323 135 180
47324 135 180
47325 135 180
47326 135 180
47327 135 180
47328 135 180
47329 135 180
47330 135 180
47331 135 180
47332 135 180
47333 135 180
47334 135 180
47335 135 180
47336 135 180
47337 135 180
47338 135 180
47339 135 180
47340 135 180
47341 135 180
47342 135 180
47343 135 180
47344 135 180
47345 135 180
47346 135 180
47347 135 180
47348 135 180
47349 135 180
47350 135 180
47351 135 180
47352 135 180
47353 135 180
47354 135 180
47355 135 180
47356 135 180
47357 135 180
47358 135 180
47359 135 180
47360 135 180
47361 135 180
47362 135 180
47363 135 180
47364 135 135
47365 135 135
47366 135 135
47367 135 135
47368 135 135
47369 135 135
47370 135 135
47371 135 135
47372 135 135
47373 135 135
47374 135 135
47375 135 135
47376 135 135
47377 135 135
47378 135 135
47379 135 135
47380 135 135
47381 135 135
47382 135 90
47383 135 90
47384 135 90
47385 135 90
47386 135 90
47387 135 90
47388 135 90
47389 135 90
47390 135 90
47391 135 90
47392 135 90
47393 135 90
47394 135 90
47395 135 90
47396 135 90
47397 135 90
47398 135 90
47399 135 90
47400 135 90
47401 135 90
47402 135 90
47403 135 90
47404 135 90
47405 135 90
47406 135 90
47407 135 90
47408 135 90
47409 135 90
47410 135 90
47411 135 90
47412 135 90
47413 135 90
47414 135 90
47415 135 90
47416 135 90
47417 135 90
47418 135 45
47419 135 45
47420 135 45
47421 135 45
47422 135 45
47423 135 45
47424 135 45
47425 135 45
47426 135 45
47427 135 45
47428 135 45
47429 135 45
47430 135 45
47431 135 45
47432 135 45
47433 135 45
47434 135 45
47435 135 45
47436 135 45
47437 135 45
47438 135 45
47439 135 45
47440 135 45
47441 135 45
47442 135 45
47443 135 45
47444 135 0
47445 135 0
47446 135 0
47447 135 0
47448 135 0
47449 135 0
47450 135 0
47451 135 0
47452 135 0
47453 135 0
47454 135 0
47455 135 0
47456 135 0
47457 135 0
47458 135 0
47459 135 0
47460 135 0
47461 135 0
47462 135 315
47463 135 315
47464 135 315
47465 135 315
47466 135 315
47467 135 315
47468 135 315
47469 135 315
47470 135 315
47471 135 315
47472 135 315
47473 135 315
47474 135 315
47475 135 315
47476 135 315
47477 135 315
47478 135 315
47479 135 315
47480 135 315
47481 135 315
47482 135 315
47483 135 270
47484 135 270
47485 135 270
47486 135 270
47487 135 270
47488 135 270
47489 135 270
47490 135 270
47491 135 270
47492 135 270
47493 135 270
47494 135 270
47495 135 270
47496 135 270
47497 135 270
47498 135 270
47499 135 270
47500 135 270
47501 135 270
47502 135 270
47503 135 270
47504 135 270
47505 135 270
47506 135 270
47507 135 270
47508 135 270
47509 135 270
47510 135 270
47511 135 270
47512 135 270
47513 135 225
47514 135 225
47515 135 225
47516 135 225
47517 135 225
47518 135 225
47519 135 225
47520 135 225
47521 135 225
47522 135 225
47523 135 225
47524 135 225
47525 135 225
47526 135 225
47527 135 225
47528 135 225
47529 135 225
47530 135 225
47531 135 180
47532 135 180
47533 135 180
47534 135 180
47535 135 180
47536 135 180
47537 135 180
47538 135 180
47539 135 180
47540 135 180
47541 135 180
47542 135 180
47543 135 180
47544 135 180
47545 135 180
47546 135 180
47547 135 180
47548 135 180
47549 135 180
47550 135 180
47551 135 180
47552 135 180
47553 135 180
47554 135 180
47555 135 180
47556 135 180
47557 134 180
47558 134 180
47559 134 180
47560 134 180
47561 134 180
47562 134 180
47563 134 180
47564 134 180
47565 134 180
47566 134 180
47567 134 180
47568 134 180
47569 134 180
47570 134 180
47571 134 180
47572 134 180
47573 134 180
47574 134 180
47575 134 180
47576 134 180
47577 134 180
47578 134 180
47579 134 180
47580 134 180
47581 134 180
47582 134 180
47583 134 180
47584 134 180
47585 134 180
47586 134 180
47587 134 180
47588 134 180
47589 134 180
47590 134 180
47591 134 180
47592 134 180
47593 134 180
47594 134 180
47595 134 180
47596 134 180
47597 134 135
47598 134 135
47599 134 135
47600 134 135
47601 134 135
47602 134 135
47603 134 135
47604 134 135
47605 134 135
47606 134 135
47607 134 135
47608 134 135
47609 134 135
47610 134 135
47611 134 135
47612 134 135
47613 134 135
47614 134 135
47615 134 135
47616 134 135
47617 134 90
47618 134 90
47619 134 90
47620 134 90
47621 134 90
47622 134 90
47623 134 90
47624 134 90
47625 134 90
47626 134 90
47627 134 90
47628 134 90
47629 134 90
47630 134 90
47631 134 90
47632 134 90
47633 134 90
47634 134 90
47635 134 90
47636 134 90
47637 134 90
47638 134 90
47639 134 90
47640 134 90
47641 134 90
47642 134 90
47643 134 90
47644 134 90
47645 134 90
47646 134 90
47647 134 90
47648 134 90
47649 134 90
47650 134 90
47651 134 90
47652 134 90
47653 134 90
47654 134 90
47655 134 90
47656 134 90
47657 134 90
47658 134 90
47659 134 90
47660 134 45
47661 134 45
47662 134 45
47663 134 45
47664 134 45
47665 134 45
47666 134 45
47667 134 45
47668 134 45
47669 134 45
47670 134 45
47671 134 45
47672 134 45
47673 134 45
47674 134 45
47675 134 45
47676 134 45
47677 134 45
47678 134 45
47679 134 45
47680 134 45
47681 134 0
47682 134 0
47683 134 0
47684 134 0
47685 134 0
47686 134 0
47687 134 0
47688 134 0
47689 134 0
47690 134 0
47691 134 0
47692 134 0
47693 134 0
47694 134 0
47695 134 0
47696 134 0
47697 134 0
47698 134 0
47699 134 315
47700 134 315
47701 134 315
47702 134 315
47703 134 315
47704 134 315
47705 134 315
47706 134 315
47707 134 315
47708 134 315
47709 134 315
47710 134 315
47711 134 315
47712 134 315
47713 134 315
47714 134 315
47715 134 315
47716 134 270
47717 134 270
47718 134 270
47719 134 270
47720 134 225
47721 134 225
47722 134 225
47723 134 180
47724 134 180
47725 134 180
47726 134 180
47727 134 180
47728 134 180
47729 134 180
47730 134 180
47731 134 180
47732 134 180
47733 134 180
47734 134 180
47735 134 180
47736 134 180
47737 134 180
47738 134 180
47739 134 180
47740 134 180
47741 134 180
47742 134 180
47743 134 180
47744 134 180
47745 134 180
47746 134 180
47747 134 180
47748 134 180
47749 134 180
47750 134 180
47751 134 180
47752 134 180
47753 134 180
47754 134 180
47755 134 180
47756 134 180
47757 66 180
47758 66 180
47759 66 180
47760 66 180
47761 66 180
47762 66 180
47763 66 180
47764 66 180
47765 66 180
47766 66 180
47767 66 180
47768 66 180
47769 66 180
47770 66 180
47771 66 180
47772 66 180
47773 66 180
47774 66 180
47775 66 180
47776 66 180
47777 66 180
47778 66 180
47779 66 180
47780 66 180
47781 66 180
47782 66 135
47783 66 135
47784 66 135
47785 66 135
47786 66 135
47787 66 135
47788 66 135
47789 66 135
47790 66 135
47791 66 135
47792 66 135
47793 66 135
47794 66 135
47795 66 135
47796 66 135
47797 66 135
47798 66 135
47799 66 135
47800 66 135
47801 66 135
47802 66 135
47803 66 135
47804 66 135
47805 66 135
47806 66 90
47807 66 90
47808 66 90
47809 66 90
47810 66 90
47811 66 90
47812 66 90
47813 66 90
47814 66 90
47815 66 90
47816 66 90
47817 66 90
47818 66 90
47819 66 90
47820 66 90
47821 66 90
47822 66 90
47823 66 90
47824 66 90
47825 66 90
47826 66 90
47827 66 90
47828 66 90
47829 66 90
47830 66 90
47831 66 90
47832 66 45
47833 66 45
47834 66 45
47835 66 45
47836 66 45
47837 66 45
47838 66 45
47839 66 45
47840 66 45
47841 66 45
47842 66 45
47843 66 45
47844 66 45
47845 66 45
47846 66 45
47847 66 45
47848 66 45
47849 66 45
47850 66 45
47851 66 45
47852 66 0
47853 66 0
47854 66 0
47855 66 0
47856 66 0
47857 66 0
47858 66 0
47859 66 0
47860 66 0
47861 66 0
47862 66 0
47863 66 0
47864 66 0
47865 66 315
47866 66 315
47867 66 315
47868 66 315
47869 66 315
47870 66 315
47871 66 315
47872 66 315
47873 66 315
47874 66 315
47875 66 315
47876 66 315
47877 66 315
47878 66 315
47879 66 315
47880 66 315
47881 66 315
47882 66 315
47883 66 315
47884 66 270
47885 66 270
47886 66 270
47887 66 270
47888 66 270
47889 66 270
47890 66 270
47891 66 270
47892 66 270
47893 66 270
47894 66 270
47895 66 270
47896 66 270
47897 66 270
47898 66 270
47899 66 225
47900 66 225
47901 66 225
47902 66 225
47903 66 225
47904 66 225
47905 66 225
47906 66 225
47907 66 225
47908 66 225
47909 66 225
47910 66 225
47911 66 225
47912 66 225
47913 66 225
47914 66 225
47915 66 225
47916 66 225
47917 66 225
47918 66 225
47919 66 225
47920 66 225
47921 66 225
47922 66 225
47923 66 225
47924 66 225
47925 66 180
47926 66 180
47927 66 180
47928 66 180
47929 66 180
47930 66 180
47931 66 180
47932 66 180
47933 66 180
47934 66 180
47935 66 180
47936 66 180
47937 66 180
47938 66 180
47939 66 180
47940 66 180
47941 66 180
47942 66 180
47943 66 180
47944 66 180
47945 66 180
47946 66 180
47947 66 180
47948 66 180
47949 66 180
47950 66 180
47951 66 180
47952 66 180
47953 66 180
47954 66 180
47955 67 180
47956 67 180
47957 67 180
47958 67 180
47959 67 180
47960 67 180
47961 67 180
47962 67 180
47963 67 180
47964 67 180
47965 67 180
47966 67 180
47967 67 180
47968 67 180
47969 67 180
47970 67 180
47971 67 180
47972 67 180
47973 67 180
47974 67 180
47975 67 180
47976 67 180
47977 67 180
47978 67 180
47979 67 180
47980 67 180
47981 67 180
47982 67 180
47983 67 180
47984 67 180
47985 67 180
47986 67 135
47987 67 135
47988 67 135
47989 67 135
47990 67 135
47991 67 135
47992 67 135
47993 67 135
47994 67 135
47995 67 135
47996 67 135
47997 67 135
47998 67 135
47999 67 135
48000 67 135
48001 67 135
48002 67 135
48003 67 135
48004 67 135
48005 67 135
48006 67 135
48007 67 135
48008 67 135
48009 67 135
48010 67 90
48011 67 90
48012 67 90
48013 67 90
48014 67 90
48015 67 90
48016 67 90
48017 67 90
48018 67 90
48019 67 90
48020 67 90
48021 67 90
48022 67 90
48023 67 90
48024 67 90
48025 67 90
48026 67 90
48027 67 90
48028 67 90
48029 67 90
48030 67 90
48031 67 90
48032 67 90
48033 67 90
48034 67 90
48035 67 90
48036 67 45
48037 67 45
48038 67 45
48039 67 45
48040 67 45
48041 67 45
48042 67 45
48043 67 45
48044 67 45
48045 67 45
48046 67 45
48047 67 45
48048 67 45
48049 67 45
48050 67 45
48051 67 45
48052 67 45
48053 67 45
48054 67 45
48055 67 45
48056 67 45
48057 67 0
48058 67 0
48059 67 0
48060 67 0
48061 67 0
48062 67 0
48063 67 0
48064 67 0
48065 67 0
48066 67 0
48067 67 0
48068 67 0
48069 67 0
48070 67 0
48071 67 0
48072 67 0
48073 67 0
48074 67 315
48075 67 315
48076 67 315
48077 67 315
48078 67 315
48079 67 315
48080 67 315
48081 67 315
48082 67 315
48083 67 315
48084 67 315
48085 67 315
48086 67 315
48087 67 315
48088 67 315
48089 67 315
48090 67 315
48091 67 315
48092 67 315
48093 67 315
48094 67 315
48095 67 315
48096 67 315
48097 67 315
48098 67 315
48099 67 315
48100 67 270
48101 67 270
48102 67 270
48103 67 270
48104 67 270
48105 67 270
48106 67 270
48107 67 270
48108 67 270
48109 67 270
48110 67 270
48111 67 270
48112 67 270
48113 67 270
48114 67 270
48115 67 270
48116 67 270
48117 67 270
48118 67 270
48119 67 270
48120 67 270
48121 67 270
48122 67 270
48123 67 270
48124 67 270
48125 67 225
48126 67 225
48127 67 225
48128 67 225
48129 67 225
48130 67 225
48131 67 225
48132 67 225
48133 67 225
48134 67 225
48135 67 225
48136 67 225
48137 67 225
48138 67 225
48139 67 225
48140 67 225
48141 67 225
48142 67 225
48143 67 225
48144 67 225
48145 67 225
48146 67 225
48147 67 225
48148 67 225
48149 67 225
48150 67 225
48151 67 225
48152 67 225
48153 67 225
48154 67 225
48155 67 180
48156 67 180
48157 67 180
48158 67 180
48159 67 180
48160 67 180
48161 67 180
48162 67 180
48163 67 180
48164 67 180
48165 67 180
48166 67 180
48167 67 180
48168 67 180
48169 67 180
48170 67 180
48171 67 180
48172 67 180
48173 67 180
48174 67 180
48175 67 180
48176 67 180
48177 67 180
48178 67 180
48179 67 180
48180 67 180
48181 68 180
48182 68 180
48183 68 180
48184 68 180
48185 68 180
48186 68 180
48187 68 180
48188 68 180
48189 68 180
48190 68 180
48191 68 180
48192 68 180
48193 68 180
48194 68 180
48195 68 180
48196 68 180
48197 68 180
48198 68 180
48199 68 180
48200 68 180
48201 68 180
48202 68 180
48203 68 180
48204 68 180
48205 68 180
48206 68 180
48207 68 180
48208 68 180
48209 68 180
48210 68 180
48211 68 180
48212 68 135
48213 68 135
48214 68 135
48215 68 135
48216 68 135
48217 68 135
48218 68 135
48219 68 135
48220 68 135
48221 68 135
48222 68 135
48223 68 135
48224 68 135
48225 68 135
48226 68 135
48227 68 135
48228 68 135
48229 68 135
48230 68 135
48231 68 135
48232 68 135
48233 68 135
48234 68 135
48235 68 135
48236 68 135
48237 68 135
48238 68 135
48239 68 135
48240 68 90
48241 68 90
48242 68 90
48243 68 90
48244 68 90
48245 68 90
48246 68 90
48247 68 90
48248 68 90
48249 68 90
48250 68 90
48251 68 90
48252 68 90
48253 68 90
48254 68 90
48255 68 90
48256 68 90
48257 68 90
48258 68 90
48259 68 90
48260 68 90
48261 68 90
48262 68 90
48263 68 90
48264 68 90
48265 68 90
48266 68 90
48267 68 90
48268 68 90
48269 68 90
48270 68 90
48271 68 45
48272 68 45
48273 68 45
48274 68 45
48275 68 45
48276 68 45
48277 68 45
48278 68 45
48279 68 45
48280 68 45
48281 68 45
48282 68 45
48283 68 45
48284 68 45
48285 68 45
48286 68 45
48287 68 45
48288 68 45
48289 68 45
48290 68 45
48291 68 45
48292 68 45
48293 68 45
48294 68 45
48295 68 45
48296 68 45
48297 68 45
48298 68 45
48299 68 45
48300 68 45
48301 68 0
48302 68 0
48303 68 0
48304 68 0
48305 68 0
48306 68 0
48307 68 0
48308 68 0
48309 68 0
48310 68 0
48311 68 0
48312 68 0
48313 68 0
48314 68 0
48315 68 0
48316 68 0
48317 68 0
48318 68 0
48319 68 0
48320 68 0
48321 68 0
48322 68 0
48323 68 0
48324 68 0
48325 68 315
48326 68 315
48327 68 315
48328 68 315
48329 68 315
48330 68 315
48331 68 315
48332 68 315
48333 68 315
48334 68 315
48335 68 315
48336 68 315
48337 68 315
48338 68 315
48339 68 315
48340 68 315
48341 68 315
48342 68 315
48343 68 315
48344 68 315
48345 68 315
48346 68 315
48347 68 315
48348 68 315
48349 68 315
48350 68 315
48351 68 315
48352 68 270
48353 68 270
48354 68 270
48355 68 270
48356 68 270
48357 68 270
48358 68 270
48359 68 270
48360 68 270
48361 68 270
48362 68 270
48363 68 270
48364 68 270
48365 68 270
48366 68 270
48367 68 270
48368 68 270
48369 68 270
48370 68 270
48371 68 270
48372 68 270
48373 68 270
48374 68 270
48375 68 270
48376 68 270
48377 68 270
48378 68 270
48379 68 270
48380 68 225
48381 68 225
48382 68 225
48383 68 225
48384 68 225
48385 68 225
48386 68 225
48387 68 225
48388 68 225
48389 68 225
48390 68 225
48391 68 225
48392 68 225
48393 68 225
48394 68 225
48395 68 225
48396 68 225
48397 68 225
48398 68 225
48399 68 225
48400 68 225
48401 68 225
48402 68 225
48403 68 225
48404 68 225
48405 68 225
48406 68 225
48407 68 225
48408 68 225
48409 68 180
48410 68 180
48411 68 180
48412 68 180
48413 68 180
48414 68 180
48415 68 180
48416 68 180
48417 68 180
48418 68 180
48419 68 180
48420 68 180
48421 68 180
48422 68 180
48423 68 180
48424 68 180
48425 68 180
48426 68 180
48427 68 180
48428 68 180
48429 68 180
48430 68 180
48431 68 180
48432 68 180
48433 68 180
48434 68 180
48435 68 180
48436 68 180
48437 68 180
48438 68 180
48439 68 180
48440 68 180
48441 68 180
48442 69 180
48443 69 180
48444 69 180
48445 69 180
48446 69 180
48447 69 180
48448 69 180
48449 69 180
48450 69 180
48451 69 180
48452 69 180
48453 69 180
48454 69 180
48455 69 180
48456 69 180
48457 69 180
48458 69 180
48459 69 180
48460 69 180
48461 69 180
48462 69 180
48463 69 180
48464 69 180
48465 69 180
48466 69 180
48467 69 180
48468 69 180
48469 69 180
48470 69 180
48471 69 180
48472 69 180
48473 69 180
48474 69 180
48475 69 180
48476 69 135
48477 69 135
48478 69 135
48479 69 135
48480 69 135
48481 69 135
48482 69 135
48483 69 135
48484 69 135
48485 69 135
48486 69 135
48487 69 135
48488 69 135
48489 69 135
48490 69 135
48491 69 135
48492 69 135
48493 69 135
48494 69 135
48495 69 135
48496 69 135
48497 69 135
48498 69 135
48499 69 135
48500 69 135
48501 69 135
48502 69 135
48503 69 90
48504 69 90
48505 69 90
48506 69 90
48507 69 90
48508 69 90
48509 69 90
48510 69 90
48511 69 90
48512 69 90
48513 69 90
48514 69 90
48515 69 90
48516 69 90
48517 69 90
48518 69 90
48519 69 90
48520 69 90
48521 69 90
48522 69 90
48523 69 90
48524 69 90
48525 69 90
48526 69 90
48527 69 90
48528 69 90
48529 69 90
48530 69 90
48531 69 90
48532 69 90
48533 69 90
48534 69 90
48535 69 90
48536 69 90
48537 69 45
48538 69 45
48539 69 45
48540 69 45
48541 69 45
48542 69 45
48543 69 45
48544 69 45
48545 69 45
48546 69 45
48547 69 45
48548 69 45
48549 69 45
48550 69 45
48551 69 45
48552 69 45
48553 69 45
48554 69 45
48555 69 45
48556 69 45
48557 69 45
48558 69 45
48559 69 45
48560 69 45
48561 69 45
48562 69 45
48563 69 45
48564 69 45
48565 69 0
48566 69 0
48567 69 0
48568 69 0
48569 69 0
48570 69 0
48571 69 0
48572 69 0
48573 69 0
48574 69 0
48575 69 0
48576 69 0
48577 69 0
48578 69 0
48579 69 0
48580 69 0
48581 69 0
48582 69 0
48583 69 0
48584 69 0
48585 69 0
48586 69 0
48587 69 0
48588 69 0
48589 69 315
48590 69 315
48591 69 315
48592 69 315
48593 69 315
48594 69 315
48595 69 315
48596 69 315
48597 69 315
48598 69 315
48599 69 315
48600 69 315
48601 69 315
48602 69 315
48603 69 315
48604 69 315
48605 69 315
48606 69 315
48607 69 315
48608 69 315
48609 69 315
48610 69 315
48611 69 315
48612 69 315
48613 69 315
48614 69 315
48615 69 270
48616 69 270
48617 69 270
48618 69 270
48619 69 270
48620 69 270
48621 69 270
48622 69 270
48623 69 270
48624 69 270
48625 69 270
48626 69 270
48627 69 270
48628 69 270
48629 69 270
48630 69 270
48631 69 270
48632 69 270
48633 69 270
48634 69 270
48635 69 270
48636 69 270
48637 69 270
48638 69 270
48639 69 270
48640 69 270
48641 69 270
48642 69 270
48643 69 270
48644 69 270
48645 69 270
48646 69 270
48647 69 270
48648 69 270
48649 69 270
48650 69 270
48651 69 270
48652 69 270
48653 69 270
48654 69 225
48655 69 225
48656 69 225
48657 69 225
48658 69 225
48659 69 225
48660 69 225
48661 69 225
48662 69 225
48663 69 225
48664 69 225
48665 69 225
48666 69 225
48667 69 225
48668 69 225
48669 69 225
48670 69 225
48671 69 225
48672 69 225
48673 69 180
48674 69 180
48675 69 180
48676 69 180
48677 69 180
48678 69 180
48679 69 180
48680 69 180
48681 69 180
48682 69 180
48683 69 180
48684 69 180
48685 69 180
48686 69 180
48687 69 180
48688 69 180
48689 69 180
48690 69 180
48691 69 180
48692 69 180
48693 69 180
48694 69 180
48695 69 180
48696 69 180
48697 69 180
48698 69 180
48699 69 180
48700 69 180
48701 69 180
48702 69 180
48703 69 180
48704 69 180
48705 69 180
48706 69 180
48707 69 180
48708 70 180
48709 70 180
48710 70 180
48711 70 180
48712 70 180
48713 70 180
48714 70 180
48715 70 180
48716 70 180
48717 70 180
48718 70 180
48719 70 180
48720 70 180
48721 70 180
48722 70 180
48723 70 180
48724 70 180
48725 70 180
48726 70 180
48727 70 180
48728 70 180
48729 70 180
48730 70 180
48731 70 180
48732 70 180
48733 70 180
48734 70 180
48735 70 180
48736 70 180
48737 70 180
48738 70 180
48739 70 180
48740 70 180
48741 70 135
48742 70 135
48743 70 135
48744 70 135
48745 70 135
48746 70 135
48747 70 135
48748 70 135
48749 70 135
48750 70 135
48751 70 135
48752 70 135
48753 70 135
48754 70 135
48755 70 135
48756 70 135
48757 70 135
48758 70 135
48759 70 135
48760 70 135
48761 70 135
48762 70 135
48763 70 135
48764 70 135
48765 70 135
48766 70 135
48767 70 135
48768 70 135
48769 70 135
48770 70 135
48771 70 135
48772 70 135
48773 70 135
48774 70 135
48775 70 135
48776 70 135
48777 70 135
48778 70 90
48779 70 90
48780 70 90
48781 70 90
48782 70 90
48783 70 90
48784 70 90
48785 70 90
48786 70 90
48787 70 90
48788 70 90
48789 70 90
48790 70 90
48791 70 90
48792 70 90
48793 70 90
48794 70 90
48795 70 90
48796 70 90
48797 70 90
48798 70 90
48799 70 90
48800 70 90
48801 70 90
48802 70 90
48803 70 90
48804 70 90
48805 70 90
48806 70 90
48807 70 90
48808 70 90
48809 70 90
48810 70 90
48811 70 90
48812 70 90
48813 70 90
48814 70 45
48815 70 45
48816 70 45
48817 70 45
48818 70 45
48819 70 45
48820 70 45
48821 70 45
48822 70 45
48823 70 45
48824 70 45
48825 70 45
48826 70 45
48827 70 45
48828 70 45
48829 70 45
48830 70 45
48831 70 45
48832 70 45
48833 70 45
48834 70 45
48835 70 45
48836 70 45
48837 70 45
48838 70 45
48839 70 45
48840 70 0
48841 70 0
48842 70 0
48843 70 0
48844 70 0
48845 70 0
48846 70 0
48847 70 0
48848 70 0
48849 70 0
48850 70 0
48851 70 0
48852 70 0
48853 70 0
48854 70 0
48855 70 0
48856 70 0
48857 70 0
48858 70 0
48859 70 0
48860 70 0
48861 70 0
48862 70 0
48863 70 0
48864 70 315
48865 70 315
48866 70 315
48867 70 315
48868 70 315
48869 70 315
48870 70 315
48871 70 315
48872 70 315
48873 70 315
48874 70 315
48875 70 315
48876 70 315
48877 70 315
48878 70 315
48879 70 315
48880 70 315
48881 70 315
48882 70 315
48883 70 315
48884 70 315
48885 70 315
48886 70 315
48887 70 315
48888 70 315
48889 70 315
48890 70 315
48891 70 315
48892 70 270
48893 70 270
48894 70 270
48895 70 270
48896 70 270
48897 70 270
48898 70 270
48899 70 270
48900 70 270
48901 70 270
48902 70 270
48903 70 270
48904 70 270
48905 70 270
48906 70 270
48907 70 270
48908 70 270
48909 70 270
48910 70 270
48911 70 270
48912 70 270
48913 70 270
48914 70 270
48915 70 270
48916 70 270
48917 70 270
48918 70 270
48919 70 270
48920 70 270
48921 70 270
48922 70 270
48923 70 270
48924 70 225
48925 70 225
48926 70 225
48927 70 225
48928 70 225
48929 70 225
48930 70 225
48931 70 225
48932 70 225
48933 70 225
48934 70 225
48935 70 225
48936 70 225
48937 70 225
48938 70 225
48939 70 225
48940 70 225
48941 70 225
48942 70 225
48943 70 225
48944 70 225
48945 70 225
48946 70 225
48947 70 225
48948 70 225
48949 70 225
48950 70 225
48951 70 225
48952 70 225
48953 70 225
48954 70 225
48955 70 225
48956 70 225
48957 70 180
48958 70 180
48959 70 180
48960 70 180
48961 70 180
48962 70 180
48963 70 180
48964 70 180
48965 70 180
48966 70 180
48967 70 180
48968 70 180
48969 70 180
48970 70 180
48971 70 180
48972 70 180
48973 70 180
48974 70 180
48975 70 180
48976 70 180
48977 70 180
48978 70 180
48979 70 180
48980 70 180
48981 70 180
48982 70 180
48983 70 180
48984 70 180
48985 70 180
48986 70 180
48987 70 180
48988 70 180
48989 70 180
48990 70 180
48991 70 180
48992 70 180
48993 70 180
48994 70 180
48995 70 180
48996 71 180
48997 71 180
48998 71 180
48999 71 180
49000 71 180
49001 71 180
49002 71 180
49003 71 180
49004 71 180
49005 71 180
49006 71 180
49007 71 180
49008 71 180
49009 71 180
49010 71 180
49011 71 180
49012 71 180
49013 71 180
49014 71 180
49015 71 180
49016 71 180
49017 71 180
49018 71 180
49019 71 180
49020 71 180
49021 71 180
49022 71 180
49023 71 180
49024 71 180
49025 71 180
49026 71 180
49027 71 135
49028 71 135
49029 71 135
49030 71 135
49031 71 135
49032 71 135
49033 71 135
49034 71 135
49035 71 135
49036 71 135
49037 71 135
49038 71 135
49039 71 135
49040 71 135
49041 71 135
49042 71 135
49043 71 135
49044 71 135
49045 71 135
49046 71 135
49047 71 135
49048 71 135
49049 71 135
49050 71 135
49051 71 135
49052 71 135
49053 71 135
49054 71 135
49055 71 90
49056 71 90
49057 71 90
49058 71 90
49059 71 90
49060 71 90
49061 71 90
49062 71 90
49063 71 90
49064 71 90
49065 71 90
49066 71 90
49067 71 90
49068 71 90
49069 71 90
49070 71 90
49071 71 90
49072 71 90
49073 71 90
49074 71 90
49075 71 90
49076 71 90
49077 71 90
49078 71 90
49079 71 90
49080 71 90
49081 71 90
49082 71 90
49083 71 90
49084 71 90
49085 71 90
49086 71 90
49087 71 90
49088 71 90
49089 71 90
49090 71 90
49091 71 90
49092 71 90
49093 71 90
49094 71 90
49095 71 90
49096 71 90
49097 71 90
49098 71 90
49099 71 90
49100 71 45
49101 71 45
49102 71 45
49103 71 45
49104 71 45
49105 71 45
49106 71 45
49107 71 45
49108 71 45
49109 71 45
49110 71 45
49111 71 45
49112 71 45
49113 71 45
49114 71 45
49115 71 45
49116 71 45
49117 71 45
49118 71 45
49119 71 45
49120 71 45
49121 71 45
49122 71 45
49123 71 45
49124 71 45
49125 71 45
49126 71 45
49127 71 45
49128 71 45
49129 71 45
49130 71 45
49131 71 45
49132 71 45
49133 71 45
49134 71 45
49135 71 45
49136 71 0
49137 71 0
49138 71 0
49139 71 0
49140 71 0
49141 71 0
49142 71 0
49143 71 0
49144 71 0
49145 71 0
49146 71 0
49147 71 0
49148 71 315
49149 71 315
49150 71 315
49151 71 315
49152 71 315
49153 71 315
49154 71 315
49155 71 315
49156 71 315
49157 71 315
49158 71 315
49159 71 315
49160 71 315
49161 71 315
49162 71 315
49163 71 315
49164 71 315
49165 71 315
49166 71 315
49167 71 315
49168 71 315
49169 71 315
49170 71 315
49171 71 315
49172 71 315
49173 71 315
49174 71 315
49175 71 315
49176 71 270
49177 71 270
49178 71 270
49179 71 270
49180 71 270
49181 71 270
49182 71 270
49183 71 270
49184 71 270
49185 71 270
49186 71 270
49187 71 270
49188 71 270
49189 71 270
49190 71 270
49191 71 270
49192 71 270
49193 71 270
49194 71 270
49195 71 270
49196 71 225
49197 71 225
49198 71 225
49199 71 225
49200 71 225
49201 71 225
49202 71 225
49203 71 225
49204 71 225
49205 71 225
49206 71 225
49207 71 225
49208 71 225
49209 71 225
49210 71 225
49211 71 225
49212 71 225
49213 71 225
49214 71 225
49215 71 225
49216 71 225
49217 71 225
49218 71 225
49219 71 225
49220 71 225
49221 71 225
49222 71 225
49223 71 225
49224 71 225
49225 71 225
49226 71 225
49227 71 180
49228 71 180
49229 71 180
49230 71 180
49231 71 180
49232 71 180
49233 71 180
49234 71 180
49235 71 180
49236 71 180
49237 71 180
49238 71 180
49239 71 180
49240 71 180
49241 71 180
49242 71 180
49243 71 180
49244 71 180
49245 71 180
49246 71 180
49247 71 180
49248 71 180
49249 71 180
49250 71 180
49251 71 180
49252 71 180
49253 71 180
49254 71 180
49255 71 180
49256 71 180
49257 71 180
49258 71 180
49259 71 180
49260 71 180
49261 72 180
49262 72 180
49263 72 180
49264 72 180
49265 72 180
49266 72 180
49267 72 180
49268 72 180
49269 72 180
49270 72 180
49271 72 180
49272 72 180
49273 72 180
49274 72 180
49275 72 180
49276 72 180
49277 72 180
49278 72 180
49279 72 180
49280 72 180
49281 72 180
49282 72 180
49283 72 180
49284 72 180
49285 72 180
49286 72 180
49287 72 180
49288 72 180
49289 72 180
49290 72 180
49291 72 180
49292 72 180
49293 72 135
49294 72 135
49295 72 135
49296 72 135
49297 72 135
49298 72 135
49299 72 135
49300 72 135
49301 72 135
49302 72 135
49303 72 135
49304 72 135
49305 72 135
49306 72 135
49307 72 135
49308 72 135
49309 72 135
49310 72 135
49311 72 135
49312 72 135
49313 72 135
49314 72 135
49315 72 135
49316 72 135
49317 72 135
49318 72 135
49319 72 135
49320 72 135
49321 72 135
49322 72 135
49323 72 135
49324 72 135
49325 72 135
49326 72 135
49327 72 135
49328 72 135
49329 72 135
49330 72 135
49331 72 135
49332 72 135
49333 72 135
49334 72 90
49335 72 90
49336 72 90
49337 72 90
49338 72 90
49339 72 90
49340 72 90
49341 72 90
49342 72 90
49343 72 90
49344 72 90
49345 72 90
49346 72 90
49347 72 90
49348 72 90
49349 72 90
49350 72 90
49351 72 90
49352 72 90
49353 72 90
49354 72 90
49355 72 90
49356 72 90
49357 72 90
49358 72 90
49359 72 90
49360 72 90
49361 72 90
49362 72 90
49363 72 90
49364 72 45
49365 72 45
49366 72 45
49367 72 45
49368 72 45
49369 72 45
49370 72 45
49371 72 45
49372 72 45
49373 72 45
49374 72 45
49375 72 45
49376 72 45
49377 72 45
49378 72 45
49379 72 45
49380 72 45
49381 72 45
49382 72 45
49383 72 45
49384 72 45
49385 72 45
49386 72 45
49387 72 45
49388 72 45
49389 72 45
49390 72 45
49391 72 45
49392 72 45
49393 72 45
49394 72 45
49395 72 0
49396 72 0
49398 72 0
49399 72 0
49400 72 0
49401 72 0
49402 72 0
49403 72 0
49404 72 0
49405 72 0
49406 72 0
49407 72 0
49408 72 0
49409 72 0
49410 72 0
49411 72 0
49412 72 0
49413 72 0
49414 72 0
49415 72 315
49416 72 315
49417 72 315
49418 72 315
49419 72 315
49420 72 315
49421 72 315
49422 72 315
49423 72 315
49424 72 315
49425 72 315
49426 72 315
49427 72 315
49428 72 315
49429 72 315
49430 72 315
49431 72 315
49432 72 315
49433 72 315
49434 72 315
49435 72 315
49436 72 315
49437 72 315
49438 72 315
49439 72 315
49440 72 315
49441 72 315
49442 72 315
49443 72 315
49444 72 270
49445 72 270
49446 72 270
49447 72 270
49448 72 270
49449 72 270
49450 72 270
49451 72 270
49452 72 270
49453 72 270
49454 72 270
49455 72 270
49456 72 270
49457 72 270
49458 72 270
49459 72 270
49460 72 270
49461 72 270
49462 72 270
49463 72 270
49464 72 270
49465 72 270
49466 72 270
49467 72 270
49468 72 270
49469 72 270
49470 72 270
49471 72 270
49472 72 270
49473 72 270
49474 72 225
49475 72 225
49476 72 225
49477 72 225
49478 72 225
49479 72 225
49480 72 225
49481 72 225
49482 72 225
49483 72 225
49484 72 225
49485 72 225
49486 72 225
49487 72 225
49488 72 225
49489 72 225
49490 72 225
49491 72 225
49492 72 225
49493 72 225
49494 72 225
49495 72 225
49496 72 225
49497 72 225
49498 72 225
49499 72 225
49500 72 225
49501 72 225
49502 72 225
49503 72 180
49504 72 180
49505 72 180
49506 72 180
49507 72 180
49508 72 180
49509 72 180
49510 72 180
49511 72 180
49512 72 180
49513 72 180
49514 72 180
49515 72 180
49516 72 180
49517 72 180
49518 72 180
49519 72 180
49520 72 180
49521 72 180
49522 72 180
49523 72 180
49524 72 180
49525 72 180
49526 72 180
49527 72 180
49528 72 180
49529 72 180
49530 72 180
49531 72 180
49532 72 180
49533 72 180
49534 72 180
49535 72 180
49536 72 180
49537 72 180
49538 72 180
49539 72 180
49540 72 180
49541 72 180
49542 73 180
49543 73 180
49544 73 180
49545 73 180
49546 73 180
49547 73 180
49548 73 180
49549 73 180
49550 73 180
49551 73 180
49552 73 180
49553 73 180
49554 73 180
49555 73 180
49556 73 180
49557 73 180
49558 73 180
49559 73 180
49560 73 180
49561 73 180
49562 73 180
49563 73 180
49564 73 180
49565 73 180
49566 73 180
49567 73 180
49568 73 180
49569 73 180
49570 73 180
49571 73 180
49572 73 180
49573 73 180
49574 73 180
49575 73 180
49576 73 180
49577 73 180
49578 73 180
49579 73 180
49580 73 180
49581 73 180
49582 73 180
49583 73 180
49584 73 180
49585 73 180
49586 73 180
49587 73 180
49588 73 180
49589 73 180
49590 73 180
49591 73 180
49592 73 180
49593 73 135
49594 73 135
49595 73 135
49596 73 135
49597 73 135
49598 73 135
49599 73 135
49600 73 135
49601 73 135
49602 73 135
49603 73 135
49604 73 135
49605 73 135
49606 73 135
49607 73 135
49608 73 135
49609 73 135
49610 73 135
49611 73 135
49612 73 135
49613 73 135
49614 73 135
49615 73 135
49616 73 135
49617 73 135
49618 73 135
49619 73 135
49620 73 135
49621 73 135
49622 73 135
49623 73 135
49624 73 135
49625 73 135
49626 73 135
49627 73 135
49628 73 135
49629 73 90
49630 73 90
49631 73 90
49632 73 90
49633 73 90
49634 73 90
49635 73 90
49636 73 90
49637 73 90
49638 73 90
49639 73 90
49640 73 90
49641 73 90
49642 73 90
49643 73 90
49644 73 90
49645 73 90
49646 73 90
49647 73 90
49648 73 90
49649 73 90
49650 73 90
49651 73 90
49652 73 90
49653 73 90
49654 73 90
49655 73 90
49656 73 90
49657 73 90
49658 73 90
49659 73 90
49660 73 90
49661 73 90
49662 73 90
49663 73 90
49664 73 90
49665 73 90
49666 73 90
49667 73 90
49668 73 90
49669 73 45
49670 73 45
49671 73 45
49672 73 45
49673 73 45
49674 73 45
49675 73 45
49676 73 45
49677 73 45
49678 73 45
49679 73 45
49680 73 45
49681 73 45
49682 73 45
49683 73 45
49684 73 45
49685 73 45
49686 73 45
49687 73 45
49688 73 45
49689 73 45
49690 73 45
49691 73 45
49692 73 45
49693 73 0
49694 73 0
49695 73 0
49696 73 0
49697 73 0
49698 73 0
49699 73 0
49700 73 0
49701 73 0
49702 73 0
49703 73 0
49704 73 0
49705 73 0
49706 73 0
49707 73 0
49708 73 0
49709 73 0
49710 73 0
49711 73 0
49712 73 0
49713 73 315
49714 73 315
49715 73 315
49716 73 315
49717 73 315
49718 73 315
49719 73 315
49720 73 315
49721 73 315
49722 73 315
49723 73 315
49724 73 315
49725 73 315
49726 73 315
49727 73 315
49728 73 315
49729 73 315
49730 73 315
49731 73 315
49732 73 315
49733 73 315
49734 73 315
49735 73 315
49736 73 315
49737 73 315
49738 73 315
49739 73 270
49740 73 270
49741 73 270
49742 73 270
49743 73 270
49744 73 270
49745 73 270
49746 73 270
49747 73 270
49748 73 270
49749 73 270
49750 73 270
49751 73 270
49752 73 270
49753 73 270
49754 73 270
49755 73 270
49756 73 270
49757 73 270
49758 73 270
49759 73 270
49760 73 270
49761 73 270
49762 73 270
49763 73 270
49764 73 270
49765 73 270
49766 73 270
49767 73 270
49768 73 270
49769 73 270
49770 73 270
49771 73 270
49772 73 270
49773 73 270
49774 73 225
49775 73 225
49776 73 225
49777 73 225
49778 73 225
49779 73 225
49780 73 225
49781 73 225
49782 73 225
49783 73 225
49784 73 225
49785 73 225
49786 73 225
49787 73 225
49788 73 225
49789 73 225
49790 73 225
49791 73 225
49792 73 225
49793 73 225
49794 73 225
49795 73 225
49796 73 225
49797 73 225
49798 73 225
49799 73 180
49800 73 180
49801 73 180
49802 73 180
49803 73 180
49804 73 180
49805 73 180
49806 73 180
49807 73 180
49808 73 180
49809 73 180
49810 73 180
49811 73 180
49812 73 180
49813 73 180
49814 73 180
49815 73 180
49816 73 180
49817 73 180
49818 73 180
49819 73 180
49820 73 180
49821 73 180
49822 73 180
49823 73 180
49824 73 180
49825 73 180
49826 73 180
49827 73 180
49828 73 180
49829 73 180
49830 73 180
49831 73 180
49832 73 180
49833 73 180
49834 73 180
49835 73 180
49836 73 180
49837 73 180
49838 73 180
49839 73 180
49840 73 180
49841 74 180
49842 74 180
49843 74 180
49844 74 180
49845 74 180
49846 74 180
49847 74 180
49848 74 180
49849 74 180
49850 74 180
49851 74 180
49852 74 180
49853 74 180
49854 74 180
49855 74 180
49856 74 180
49857 74 180
49858 74 180
49859 74 180
49860 74 180
49861 74 180
49862 74 180
49863 74 180
49864 74 180
49865 74 180
49866 74 180
49867 74 180
49868 74 180
49869 74 180
49870 74 180
49871 74 180
49872 74 180
49873 74 180
49874 74 135
49875 74 135
49876 74 135
49877 74 135
49878 74 135
49879 74 135
49880 74 135
49881 74 135
49882 74 135
49883 74 135
49884 74 135
49885 74 135
49886 74 135
49887 74 135
49888 74 135
49889 74 135
49890 74 135
49891 74 135
49892 74 135
49893 74 135
49894 74 135
49895 74 135
49896 74 135
49897 74 135
49898 74 135
49899 74 135
49900 74 135
49901 74 135
49902 74 135
49903 74 90
49904 74 90
49905 74 90
49906 74 90
49907 74 90
49908 74 90
49909 74 90
49910 74 90
49911 74 90
49912 74 90
49913 74 90
49914 74 90
49915 74 90
49916 74 90
49917 74 90
49918 74 90
49919 74 90
49920 74 90
49921 74 90
49922 74 90
49923 74 90
49924 74 90
49925 74 90
49926 74 90
49927 74 90
49928 74 90
49929 74 90
49930 74 90
49931 74 90
49932 74 90
49933 74 90
49934 74 90
49935 74 90
49936 74 90
49937 74 90
49938 74 90
49939 74 90
49940 74 90
49941 74 90
49942 74 45
49943 74 45
49944 74 45
49945 74 45
49946 74 45
49947 74 45
49948 74 45
49949 74 45
49950 74 45
49951 74 45
49952 74 45
49953 74 45
49954 74 45
49955 74 45
49956 74 45
49957 74 45
49958 74 45
49959 74 45
49960 74 45
49961 74 45
49962 74 45
49963 74 45
49964 74 0
49965 74 0
49966 74 0
49967 74 0
49968 74 0
49969 74 0
49970 74 0
49971 74 0
49972 74 0
49973 74 0
49974 74 0
49975 74 0
49976 74 0
49977 74 0
49978 74 0
49979 74 0
49980 74 0
49981 74 0
49982 74 0
49983 74 0
49984 74 0
49985 74 315
49986 74 315
49987 74 315
49988 74 315
49989 74 315
49990 74 315
49991 74 315
49992 74 315
49993 74 315
49994 74 315
49995 74 315
49996 74 315
49997 74 315
49998 74 315
49999 74 315
