1 20240731-15:44:28 31.9 57.1 180 141
2 20240731-15:44:55 29.75 57.1 180 140
3 20240731-15:45:24 28.0 57.05 180 139
4 20240731-15:46:00 26.0 57.1 180 138
5 20240731-15:46:31 24.0 57.15 180 137
6 20240731-15:46:56 22.0 57.2 180 136
7 20240731-15:47:29 19.9 57.15 180 135
8 20240731-15:48:17 18.9 57.05 180 134
9 20240731-15:48:43 18.0 57.1 180 134
10 20240731-15:49:13 15.9 57.05 180 133
11 20240731-15:49:41 14.1 57.3 180 132
12 20240731-15:50:17 12.1 57.35 180 131
13 20240731-15:50:46 10.1 57.1 180 130
14 20240731-15:51:14 8.05 57.05 180 129
15 20240731-15:51:35 8.05 57.05 225 129
16 20240731-15:51:43 8.05 57.05 270 129
17 20240731-15:52:22 7.9 54.9 270 126
18 20240731-15:53:00 8.05 53.1 270 124
19 20240731-15:53:30 8.1 50.85 270 122
20 20240731-15:54:04 7.9 48.9 270 120
21 20240731-15:54:25 7.9 48.9 270 120
22 20240731-15:54:54 7.95 46.9 270 118
23 20240731-15:55:23 8.05 45.0 270 81
24 20240731-15:56:06 8.05 42.95 270 78
25 20240731-15:56:25 8.05 42.95 225 78
26 20240731-15:56:35 8.05 42.95 180 78
27 20240731-15:57:11 5.95 42.9 180 79
28 20240731-15:57:34 5.95 42.9 225 79
29 20240731-15:57:44 5.95 42.9 270 79
30 20240731-15:58:24 5.9 41.0 270 17
31 20240731-15:58:58 5.9 39.0 270 16
32 20240731-15:59:36 5.85 36.95 270 15
33 20240731-16:00:07 5.8 35.0 270 14
34 20240731-16:00:37 5.9 32.85 270 13
35 20240731-16:01:10 5.85 30.9 270 12
36 20240731-16:01:44 6.05 29.0 270 11
37 20240731-16:02:17 6.15 26.9 270 10
38 20240731-16:02:48 6.1 24.9 270 9
39 20240731-16:03:25 6.15 23.05 270 8
40 20240731-16:03:56 6.1 21.05 270 7
41 20240731-16:04:30 5.95 19.1 270 6
42 20240731-16:05:02 6.05 16.95 270 5
43 20240731-16:05:51 6.15 15.0 270 4
44 20240731-16:06:33 5.95 12.85 270 3
45 20240731-16:07:02 5.8 11.05 270 2
46 20240731-16:07:39 5.95 9.05 270 1
47 20240731-16:08:09 6.05 6.9 270 0
48 20240731-16:08:52 6.0 6.25 270 0
49 20240731-16:09:12 6.0 6.25 315 0
50 20240731-16:09:23 6.0 6.25 0 0
51 20240731-16:09:56 8.0 5.95 0 20
52 20240731-16:10:33 10.0 6.15 0 21
