1 20240731-14:39:53 31.1 72.05 0 148
2 20240731-14:40:18 31.1 74.05 0 149
3 20240731-14:40:55 31.1 75.95 0 150
4 20240731-14:41:38 31.1 77.95 0 151
5 20240731-14:41:44 31.1 77.95 0 151
6 20240731-14:42:14 31.1 79.95 0 153
7 20240731-14:42:45 31.1 81.95 0 154
8 20240731-14:42:56 31.1 81.95 0 154
9 20240731-14:43:20 31.1 83.95 0 155
10 20240731-14:43:46 31.1 85.95 0 156
11 20240731-14:44:11 31.1 87.95 0 157
12 20240731-14:44:39 31.1 89.95 0 158
13 20240731-14:45:18 31.1 90.95 0 158
14 20240731-14:45:30 31.1 90.95 45 158
15 20240731-14:45:40 31.1 90.95 180 158
16 20240731-14:46:13 29.1 90.95 180 229
17 20240731-14:46:44 27.1 90.95 180 228
18 20240731-14:47:11 25.2 90.95 180 227
19 20240731-14:47:39 23.0 90.95 180 226
20 20240731-14:48:11 21.0 91.1 180 225
21 20240731-14:48:35 18.85 91.4 180 224
22 20240731-14:49:15 16.85 91.2 180 223
23 20240731-14:49:35 15.05 90.9 180 222
24 20240731-14:50:09 12.7 90.95 180 221
25 20240731-14:50:44 11.55 90.9 180 221
26 20240731-14:51:02 10.5 90.9 180 184
