1 13:21:40 11.1 6.4 0
2 13:22:54 11.1 6.4 0
3 13:23:23 12.9 6.4 0
4 13:24:20 12.9 6.4 0
5 13:24:43 14.1 6.4 0
6 13:25:39 14.1 6.4 0
7 13:26:06 16.0 6.4 0
8 13:27:08 16.0 6.4 0
9 13:27:27 17.9 6.4 0
10 13:28:38 17.9 6.4 0
11 13:29:04 20.0 6.4 0
12 13:30:02 20.0 6.4 0
13 13:30:23 22.1 6.4 0
14 13:31:27 22.1 6.4 0
15 13:31:49 23.9 6.4 0
16 13:32:59 23.9 6.4 0
17 13:33:20 25.9 6.4 0
18 13:34:35 25.9 6.4 0
19 13:35:02 28.5 6.4 0
20 13:37:44 30.9 6.5 0
21 13:38:03 30.9 6.5 0
22 13:38:24 30.9 8.5 90
23 13:39:32 30.9 8.5 90
24 13:39:50 30.9 10.0 90
25 13:41:02 30.9 10.0 90
26 13:41:34 30.9 12.1 90
27 13:44:06 30.9 14.1 90
28 13:44:28 30.9 16.1 90
29 13:45:32 30.9 16.1 90
30 13:45:52 30.9 17.9 90
31 13:46:57 30.9 17.9 90
32 13:47:17 30.9 19.7 90
33 13:48:25 30.9 19.7 90
34 13:48:49 30.9 22.0 90
35 13:49:55 30.9 22.0 90
