1 14:18:50 19.5 24.5 0
2 14:21:52 19.5 24.5 0
3 14:22:06 19.5 23.4 0
4 14:24:29 19.5 23.4 270
5 14:24:42 19.5 22.4 270
6 14:27:24 19.5 22.4 270
7 14:27:40 19.5 21.8 270
8 14:29:58 19.5 21.8 270
9 14:30:16 19.5 21.4 270
10 14:32:50 19.5 21.4 270
11 14:33:07 19.5 20.4 270
12 14:35:34 19.6 20.4 270
13 14:35:48 19.6 19.4 270
14 14:38:22 19.7 19.4 270
15 14:38:37 19.7 18.3 270
16 14:41:12 19.7 18.3 270
17 14:41:25 19.7 17.4 270
18 14:43:46 19.7 17.4 270
19 14:44:03 19.9 16.2 270
20 14:46:27 19.9 16.2 270
21 14:46:41 19.9 15.3 270
22 14:49:28 19.9 15.3 270
23 14:49:53 19.6 14.3 270
24 14:52:14 19.6 14.3 270
25 14:52:29 19.6 13.3 270
26 14:55:09 19.6 13.3 270
27 14:55:24 19.6 12.5 270
28 14:58:10 19.6 12.5 270
29 14:58:22 19.6 11.5 270
30 15:01:11 19.6 11.5 270
31 15:01:29 19.6 10.3 270
32 15:04:17 19.6 10.3 270
