1 13:32:09 6.25 43.45 0
2 13:33:30 6.25 43.45 0
3 13:33:48 8.25 43.45 0
4 13:34:45 8.25 43.45 0
5 13:35:05 9.65 43.45 0
6 13:36:00 9.65 43.45 0
7 13:36:22 11.85 43.45 0
8 13:37:27 11.85 43.45 0
9 13:37:50 13.85 43.45 0
10 13:38:41 13.85 43.45 0
11 13:39:01 15.95 43.45 0
12 13:40:18 15.95 43.45 0
13 13:40:38 18.35 43.45 0
14 13:41:49 18.35 43.45 0
15 13:42:08 19.95 43.45 0
16 13:43:31 19.95 43.45 0
17 13:43:52 21.95 43.45 0
18 13:44:54 21.95 43.45 0
19 13:45:13 23.85 43.45 0
20 13:46:57 23.85 43.45 0
21 13:47:16 26.15 43.55 0
22 13:48:29 26.15 43.55 0
23 13:48:47 28.15 43.55 0
24 13:50:15 28.15 43.55 0
