1 15:28:59 31.05 59.7 90
2 15:29:44 31.05 59.7 90

3 15:30:05 30.95 61.6 90
4 15:30:51 30.95 61.6 90

5 15:31:15 30.95 64.1 90
6 15:31:57 30.95 64.1 90
7 15:32:24 30.95 66.1 90
8 15:33:19 30.95 66.1 90
9 15:33:39 30.95 67.9 90
10 15:34:34 30.95 67.9 90
11 15:34:56 30.95 70.0 90
12 15:36:03 30.95 70.0 90
13 15:36:22 30.95 72.0 90
14 15:37:13 30.95 72.0 90
15 15:37:40 30.95 74.2 90
16 15:38:24 30.95 74.2 90
17 15:38:43 30.95 76.0 90
18 15:39:44 30.95 76.0 90
19 15:40:05 30.95 78.1 90
20 15:40:50 30.95 78.1 90
