0 14:35:47:510893 18.0 54.85 180
1 14:36:47:880638 18.0 54.85 180
2 14:37:15:289844 16.35 54.8 180
3 14:38:29:093080 16.35 54.8 180
4 14:38:58:165690 13.6 54.95 180
5 14:40:21:300818 13.6 54.95 180
6 14:40:43:856635 11.6 54.8 180
7 14:41:36:768876 11.6 54.8 180
8 14:42:04:469872 9.4 54.9 180
9 14:43:35:314736 9.4 54.9 180
10 14:44:20:464593 9.4 54.9 270
11 14:44:42:347002 9.3 53.55 270
12 14:45:54:974787 9.3 53.55 270
13 14:46:16:139762 9.2 51.45 270
14 14:47:30:591981 9.2 51.45 270
15 14:47:53:434086 9.1 49.25 270
16 14:49:24:240099 9.1 49.25 270
17 14:49:50:270873 9.15 47.45 270
18 14:51:02:296065 9.15 47.45 270
19 14:51:47:745090 9.2 46.55 270
20 14:52:41:567459 9.2 46.55 270
21 14:53:17:846520 9.2 46.55 180
22 14:53:43:930152 7.75 46.5 180
23 14:54:14:266876 7.75 46.5 90
24 14:55:17:511080 7.75 46.5 90
25 14:55:38:709139 7.8 48.3 90
26 14:56:59:736479 7.65 50.5 90
27 14:58:46:739474 7.65 50.5 90
28 14:59:07:657181 7.8 52.85 90
29 15:00:35:181030 7.8 52.85 90
30 15:00:53:781292 7.9 54.1 90
31 15:01:42:323988 7.9 54.1 90
32 15:02:26:101593 7.9 54.1 180
33 15:02:48:909113 6.8 53.95 180
34 15:03:28:951038 6.8 53.95 90
35 15:05:07:143242 6.8 53.95 90
36 15:05:27:062956 6.95 52.3 90
37 15:06:24:538004 6.95 52.3 90
38 15:06:44:510526 6.85 49.95 90
39 15:08:06:551603 6.85 49.95 90
40 15:08:27:250443 6.95 47.65 90
41 15:09:30:194590 6.95 47.65 90
42 15:09:48:416218 7.05 46.2 90
43 15:10:29:233172 7.05 46.2 90
