1 16:22:43:708125 6.1 17.25 270
2 16:22:49:509751 6.1 17.25 270
3 16:23:29:381379 6.1 17.25 270
4 16:23:35:973402 6.1 17.25 270
5 16:23:45:442513 6.25 15.95 270
6 16:24:13:690049 6.25 15.95 270
7 16:24:30:257180 6.2 14.1 270
8 16:24:56:361818 6.2 14.1 270
9 16:25:13:491406 6.1 12.9 270
10 16:25:42:914967 6.1 12.9 270
11 16:25:55:762602 6.0 11.4 270
12 16:26:17:808795 6.0 11.4 270
13 16:26:29:307531 6.0 11.4 270
14 16:27:07:392865 6.0 11.4 270
15 16:27:09:243031 6.0 11.4 270
16 16:27:24:915392 6.0 11.4 270
17 16:27:32:780971 6.05 9.85 270
18 16:28:08:874464 6.05 9.85 270
19 16:28:21:464527 6.1 8.2 270
20 16:28:51:353062 6.1 8.2 270
21 16:29:05:618182 6.2 7.05 270
22 16:29:08:367702 6.2 7.05 270
23 16:29:43:450103 6.2 7.05 270
24 16:30:31:723689 6.2 7.05 0
25 16:30:45:434564 6.2 7.05 0
26 16:30:59:430399 8.3 7.0 0
27 16:31:13:497312 8.3 7.0 270
28 16:31:24:779918 8.3 6.1 270
29 16:32:01:820084 8.3 6.1 270
30 16:32:39:750055 8.3 6.1 0
31 16:33:26:228391 9.75 6.2 0
32 16:34:14:220283 10.75 6.15 0
33 16:34:35:323840 11.85 6.2 0
34 16:35:09:132250 11.85 6.2 0
