1 10:11:48 31.85 57.0 180
2 10:12:36 31.85 57.0 180
3 10:13:19 29.35 57.0 180
4 10:14:19 29.35 57.0 180
5 10:14:40 27.55 57.0 180
6 10:15:53 27.55 57.0 180
7 10:16:13 25.45 57.0 180
8 10:17:17 25.45 57.0 180
9 10:17:42 23.75 57.0 180
10 10:18:47 23.75 57.0 180
11 10:19:09 21.95 57.0 180
12 10:20:46 19.95 57.0 180
13 10:22:24 18.65 57.0 180
14 10:23:29 18.65 57.0 180
15 10:23:59 17.05 57.0 180
16 10:25:23 16.05 57.0 180
17 10:25:47 14.15 57.0 180
18 10:27:06 14.15 57.0 180
19 10:27:28 12.75 57.0 180
20 10:28:39 12.75 57.0 180
21 10:29:02 10.25 57.0 180
22 10:30:08 10.25 57.0 180
23 10:30:26 8.15 57.0 180
24 10:31:43 8.15 57.0 180
25 10:32:00 6.35 57.0 180
26 10:33:21 6.5 57.45 180
