1 10:25:06 20.6 7.45 90
2 10:27:16 20.6 7.45 90
3 10:27:30 20.4 8.55 90
4 10:29:38 20.4 8.55 90
5 10:29:49 20.5 9.65 90
6 10:32:43 20.5 10.65 90
7 10:35:15 20.5 10.65 90
8 10:35:32 20.5 11.55 90
9 10:38:12 20.5 11.55 90
10 10:38:28 20.5 12.55 90
11 10:40:58 20.5 12.55 90
12 10:41:12 20.5 13.55 90
13 10:43:38 20.5 13.55 90
14 10:43:52 20.5 14.55 90
15 10:45:53 20.5 14.55 90
16 10:46:07 20.5 15.55 90
17 10:48:28 20.5 15.55 90
18 10:48:42 20.5 16.55 90
19 10:51:13 20.5 16.55 90
20 10:51:26 20.5 17.55 90
21 10:53:57 20.5 17.55 90
22 10:54:11 20.5 18.55 90
23 10:56:36 20.5 18.55 90
24 10:56:56 20.5 19.25 90
25 10:59:17 20.5 19.25 90
26 10:59:28 20.5 20.55 90
27 11:01:36 20.5 20.55 90
28 11:01:46 20.5 21.45 90
29 11:02:07 20.5 21.45 90
30 11:04:12 20.5 21.45 90
31 11:04:24 20.5 22.55 90
32 11:06:58 20.5 22.55 90
33 11:07:14 20.5 23.45 90
34 11:09:25 20.5 23.45 90
35 11:09:39 20.5 24.55 90
36 11:11:22 20.5 24.55 90
37 11:11:39 20.5 25.55 90
38 11:13:30 20.5 25.55 90
39 11:13:43 20.5 26.45 90
40 11:15:41 20.5 26.45 90
41 11:15:54 20.5 27.55 90
42 11:18:01 20.5 27.55 90
43 11:18:12 20.5 28.65 90
44 11:20:43 20.5 28.65 90
45 11:20:55 20.5 29.45 90
46 11:23:19 20.5 29.45 90
47 11:23:34 20.5 30.65 90
48 11:26:02 20.5 30.65 90
49 11:26:15 20.5 31.65 90
50 11:28:31 20.5 31.65 90
51 11:28:46 20.5 32.55 90
52 11:31:30 20.5 32.55 90
53 11:31:50 20.3 33.55 90
54 11:34:13 20.3 33.55 90
55 11:34:28 20.3 34.65 90
56 11:36:04 20.3 34.65 90
57 11:36:19 20.4 35.55 90
58 11:38:24 20.4 35.55 90
59 11:38:41 20.4 36.85 90
60 11:40:28 20.4 36.85 90
61 11:40:41 20.4 37.55 90
62 11:42:48 20.4 37.55 90
63 11:43:01 20.4 38.65 90
64 11:45:24 20.4 38.65 90
65 11:45:36 20.4 39.55 90
