1 15:46:17:998202 31.0 78.0 270
2 15:47:44:209232 31.0 78.0 270
3 15:48:10:854957 31.0 75.8 270
4 15:49:44:223167 31.0 75.8 270
5 15:50:04:510936 31.0 73.8 270
6 15:51:42:298239 31.0 73.8 270
7 15:52:02:143860 31.0 71.9 270
8 15:53:30:064776 31.0 71.9 270
9 15:53:48:939024 31.0 69.8 270
10 15:55:22:728683 31.0 69.8 270
11 15:55:39:082177 31.0 68.0 270
12 15:57:14:709389 31.0 68.0 270
13 15:57:33:587694 31.0 66.1 270
14 15:58:56:955069 31.0 66.1 270
15 15:59:14:287618 31.0 64.1 270
16 16:01:02:546676 31.0 64.1 270
17 16:01:20:820517 31.0 62.0 270
18 16:03:11:611963 31.0 62.0 270
19 16:03:35:183950 31.0 59.5 270
20 16:05:21:161223 31.0 59.5 270
21 16:05:41:965680 31.0 57.7 270
22 16:06:21:686811 29.0 57.7 270
23 16:07:55:440143 29.0 57.7 270
24 16:08:24:869046 26.6 57.7 270
25 16:10:05:372602 26.6 57.7 270
26 16:10:23:909132 24.5 57.7 270
27 16:12:13:615379 24.5 57.7 270
28 16:12:32:273197 22.4 57.6 270
29 16:14:09:215447 22.4 57.6 270
30 16:14:34:495875 20.0 57.6 270
31 16:16:15:665249 20.0 57.6 270
32 16:16:35:196697 17.9 57.6 270
33 16:18:07:955278 17.9 57.6 270
