1 14:36:59:573324 18.2 45.15 0
2 14:37:20:554398 19.85 45.0 0
3 14:38:26:329530 19.85 45.0 0
4 14:38:50:985908 22.45 45.15 0
5 14:40:15:072081 22.45 45.15 0
6 14:40:39:690703 24.4 44.95 0
7 14:41:29:348372 24.4 44.95 0
8 14:41:53:600692 25.95 44.95 0
9 14:42:43:473155 25.95 44.95 0
10 14:43:12:831389 28.45 44.95 0
11 14:43:51:193204 28.45 44.95 0
12 14:44:22:161014 30.25 45.0 0
13 14:44:58:824840 30.25 45.0 0
14 14:45:19:525332 30.25 45.0 90
15 14:45:42:997474 30.2 46.7 90
16 14:46:20:133213 30.2 46.7 90
17 14:46:41:928884 30.3 48.95 90
18 14:47:18:545314 30.3 48.95 90
19 14:47:47:102863 30.5 50.85 90
20 14:48:47:246246 30.5 50.85 90
21 14:49:14:235439 30.45 52.9 90
22 14:50:33:457581 30.45 52.9 90
23 14:50:58:183687 30.4 54.2 90
24 14:51:37:813369 30.4 54.2 90
25 14:51:59:097596 30.4 56.05 90
26 14:52:36:521587 30.4 56.05 90
27 14:52:55:095189 30.4 57.7 90
28 14:53:48:349828 30.4 57.7 90
29 14:54:11:021409 30.4 57.7 0
30 14:54:27:143737 31.85 57.8 0
31 14:54:48:908481 31.85 57.8 270
32 14:55:53:457382 31.85 57.8 270
33 14:56:16:733385 32.2 55.7 270
34 14:57:05:699800 32.2 55.7 270
35 14:57:26:929641 32.15 53.25 270
36 14:58:36:842063 32.15 53.25 270
37 14:59:09:321062 32.3 51.6 270
38 15:00:49:097503 32.3 51.6 270
39 15:01:10:522794 32.25 49.6 270
40 15:01:57:842644 32.25 49.6 270
41 15:02:17:570007 32.25 47.25 270
42 15:03:05:885028 32.25 47.25 270
43 15:03:27:347466 32.15 45.05 270
44 15:04:30:945155 32.15 45.05 270
45 15:04:53:227869 32.3 43.3 270
46 15:05:50:076802 32.3 43.3 270
