1 11:24:18 27.95 44.95 180
2 11:25:59 27.95 44.95 180
3 11:26:27 25.95 44.95 180
4 11:27:49 25.95 44.95 180
5 11:28:13 24.15 44.95 180
6 11:29:30 24.15 44.95 180
7 11:29:45 22.45 44.95 180
8 11:30:46 22.45 44.95 180
9 11:31:09 19.95 44.95 180
10 11:32:00 19.95 44.95 180
11 11:32:20 18.25 44.95 180
12 11:34:20 18.25 44.95 180
13 11:34:46 15.95 44.95 180
14 11:36:01 15.95 44.95 180
15 11:36:24 13.95 44.95 180
16 11:38:11 13.95 44.95 180
17 11:38:33 11.95 44.95 180
18 11:40:05 11.95 44.95 180
19 11:40:28 10.05 44.95 180
20 11:41:59 10.05 44.95 180
21 11:42:17 7.95 44.95 180
22 11:43:46 7.95 44.95 180
23 11:44:04 6.15 44.95 180
24 11:45:00 6.15 44.95 180
