1 10:42:41 19.45 27.55 90
2 10:45:07 19.65 27.35 90
3 10:45:34 19.65 28.75 90
4 10:47:44 19.85 28.75 90
5 10:48:07 19.75 29.85 90
6 10:50:39 19.75 30.25 90
7 10:51:15 19.45 31.25 90
8 10:54:05 19.45 31.65 90
9 10:54:27 19.45 33.45 90
10 10:57:28 19.45 33.35 90
11 10:57:48 19.45 34.35 90
12 11:00:45 19.45 34.35 90
13 11:00:59 19.45 35.65 90
14 11:03:11 19.45 35.65 90
15 11:03:29 19.45 36.75 90
16 11:06:19 19.55 36.65 90
17 11:06:37 19.55 37.55 90
18 11:09:11 19.55 37.55 90
19 11:09:33 19.55 38.55 90
20 11:12:15 19.55 38.55 90
