1 11:09:41:565898 16.5 57.65 180
2 11:10:43:390702 16.5 57.65 180
3 11:11:06:892995 14.0 57.65 180
4 11:12:46:752968 14.0 57.65 180
5 11:13:08:866361 12.0 57.65 180
6 11:14:41:583032 12.0 57.65 180
7 11:15:09:679288 10.1 57.65 180
8 11:16:48:138348 10.1 57.65 180
9 11:17:07:784765 7.9 57.65 180
10 11:18:38:390497 7.9 57.65 180
11 11:18:55:921585 6.2 57.65 180
12 11:20:31:450218 6.2 57.65 180
13 11:21:08:376553 6.2 57.65 270
14 11:21:30:932492 6.2 55.75 270
15 11:23:13:752801 6.2 55.75 270
16 11:23:46:504577 6.2 55.75 0
17 11:24:04:086347 7.6 55.75 0
18 11:25:53:688915 7.6 55.75 0
19 11:26:13:657123 10.0 55.75 0
20 11:27:42:414869 10.0 55.75 0
21 11:28:00:802308 12.0 55.75 0
22 11:29:53:181715 12.0 55.75 0
23 11:30:12:876241 14.0 55.65 0
24 11:31:56:622746 14.0 55.65 0
25 11:32:14:752863 16.0 55.65 0
26 11:33:47:011225 16.0 55.65 0
27 11:34:06:122901 18.0 55.65 0
28 11:35:57:885283 18.0 55.65 0
29 11:36:17:804069 20.0 55.65 0
30 11:38:13:482697 20.0 55.65 0
31 11:38:31:830980 22.0 55.65 0
32 11:40:28:708831 22.0 55.65 0
33 11:40:58:596131 24.3 55.65 0
34 11:43:12:705094 24.3 55.65 0
35 11:43:35:130722 26.5 55.65 0
36 11:45:40:994819 26.5 55.65 0
37 11:45:56:009818 28.0 55.65 0
38 11:48:00:682551 28.0 55.65 0
39 11:48:18:076226 29.8 55.65 0
40 11:50:30:268998 29.8 55.65 0
41 11:50:48:081006 31.8 55.65 0
42 11:52:18:929571 31.8 55.65 0
