1 20.1 24.1 270
2 20.1 24.1 270
3 20.1 24.1 270
4 20.1 24.1 270
5 20.1 24.1 270
6 20.1 24.1 270
7 20.1 24.1 270
8 20.1 24.1 270
9 20.1 24.1 270
10 20.1 24.1 270
11 20.1 24.1 270
12 20.1 24.1 270
13 20.1 24.1 270
14 20.1 24.1 270
15 20.1 24.1 270
16 20.1 24.1 270
17 20.1 24.1 270
18 20.1 24.1 270
19 20.1 24.1 270
20 20.1 24.1 270
21 20.1 24.1 270
22 20.1 24.1 270
23 20.1 24.1 270
24 20.1 24.1 270
25 20.1 24.1 270
26 20.1 24.1 270
27 20.1 24.1 270
28 20.1 24.1 270
29 20.1 24.1 270
30 20.1 24.1 270
31 20.1 24.1 270
32 20.1 24.1 270
33 20.1 24.1 270
34 20.1 24.1 270
35 20.1 24.1 270
36 20.1 24.1 270
37 20.1 24.1 270
38 20.1 24.1 270
39 20.1 24.1 270
40 20.1 24.1 270
41 20.1 24.1 270
42 20.1 24.1 270
43 20.1 24.1 270
44 20.1 24.1 270
45 20.1 24.1 270
46 20.1 24.1 270
47 20.1 24.1 270
48 20.1 24.1 270
49 20.1 24.1 270
50 20.1 24.1 270
51 20.1 24.1 270
52 20.1 24.1 270
53 20.1 24.1 270
54 20.1 24.1 270
55 20.1 24.1 270
56 20.1 24.1 270
57 20.1 24.1 270
58 20.1 24.1 270
59 20.1 24.1 270
60 20.1 24.0 270
61 20.1 24.0 270
62 20.1 24.0 270
63 20.1 23.9 270
64 20.1 23.9 270
65 20.1 23.9 270
66 20.1 23.8 270
67 20.1 23.8 270
68 20.1 23.8 270
69 20.1 23.7 270
70 20.1 23.7 270
71 20.1 23.6 270
72 20.1 23.6 270
73 20.1 23.5 270
74 20.1 23.5 270
75 20.1 23.5 225
76 20.1 23.5 225
77 20.1 23.5 225
78 20.1 23.5 225
79 20.1 23.5 225
80 20.1 23.5 225
81 20.1 23.5 225
82 20.1 23.5 225
83 20.1 23.5 225
84 20.1 23.5 225
85 20.1 23.5 225
86 20.1 23.5 225
87 20.1 23.5 225
88 20.1 23.5 225
89 20.1 23.5 225
90 20.1 23.5 225
91 20.1 23.5 225
92 20.1 23.5 225
93 20.1 23.5 270
94 20.1 23.5 270
95 20.1 23.5 270
96 20.1 23.5 270
97 20.1 23.5 270
98 20.1 23.5 270
99 20.1 23.5 270
100 20.1 23.5 270
101 20.1 23.5 270
102 20.1 23.5 270
103 20.1 23.5 270
104 20.1 24.1 270
105 20.1 23.9 270
106 20.1 23.8 270
107 20.1 23.6 270
108 20.1 23.4 270
109 20.1 23.3 270
110 20.1 23.1 270
111 20.1 23.0 270
112 20.1 22.8 270
113 20.1 22.6 270
114 20.1 22.5 270
115 20.1 22.3 270
116 20.1 22.1 270
117 20.1 22.0 270
118 20.1 21.8 270
119 20.1 21.6 270
120 20.1 21.5 270
121 20.1 21.3 270
122 20.1 21.1 270
123 20.1 21.0 270
124 20.1 20.8 270
125 20.1 20.7 270
126 20.1 20.5 270
127 20.1 20.3 270
128 20.1 20.2 270
129 20.1 20.0 270
130 20.1 19.8 270
131 20.1 19.7 270
132 20.1 19.5 270
133 20.1 19.3 270
134 20.1 19.2 270
135 20.1 19.0 270
136 20.1 18.8 270
137 20.1 18.7 270
138 20.1 18.5 270
139 20.1 18.4 270
140 20.1 18.2 270
141 20.1 18.0 270
142 20.1 17.9 270
143 20.1 17.7 270
144 20.1 17.5 270
145 20.1 17.4 270
146 20.1 17.2 270
147 20.1 17.0 270
148 20.1 16.9 270
149 20.1 16.7 270
150 20.1 16.5 270
151 20.1 16.4 270
152 20.1 16.2 270
153 20.1 16.1 270
154 20.1 15.9 270
155 20.1 15.7 270
156 20.1 15.6 270
157 20.1 15.4 270
158 20.0 15.2 270
159 20.0 15.1 270
160 20.0 14.9 270
161 20.0 14.7 270
162 20.0 14.6 270
163 20.0 14.4 270
164 20.0 14.3 270
165 20.0 14.1 270
166 20.0 13.9 270
167 20.0 13.8 270
168 20.0 13.6 270
169 20.0 13.4 270
170 20.0 13.3 270
171 20.0 13.1 270
172 20.0 12.9 270
173 20.0 12.8 270
174 20.0 12.6 270
175 20.0 12.4 270
176 20.0 12.3 270
177 20.0 12.1 270
178 20.0 12.0 270
179 20.0 11.8 270
180 20.0 11.6 270
181 20.0 11.5 270
182 20.0 11.3 270
183 20.0 11.1 270
184 20.0 11.0 270
185 20.0 10.8 270
186 20.0 10.6 270
187 20.0 10.5 270
188 20.0 10.3 270
189 20.0 10.1 270
190 20.0 10.0 270
191 20.0 9.8 270
192 20.0 9.7 270
193 20.0 9.5 270
194 20.0 9.3 270
195 20.0 9.2 270
196 20.0 9.0 270
197 20.0 8.8 270
198 20.0 8.7 270
199 20.0 8.5 270
200 20.0 8.3 270
201 20.0 8.2 270
202 20.0 8.0 270
203 20.0 7.8 270
204 20.0 7.7 270
205 20.0 7.5 270
206 20.0 7.4 270
207 20.0 7.2 270
208 20.0 7.0 270
209 20.0 6.9 270
210 20.0 6.7 270
211 20.0 6.7 270
213 20.0 6.7 180
214 20.0 6.7 180
215 20.0 6.7 180
216 20.0 6.7 180
217 20.0 6.7 180
218 20.0 6.7 180
219 20.0 6.7 180
220 20.0 6.7 180
221 20.0 6.7 180
222 20.0 6.7 180
223 20.0 6.7 180
224 20.0 6.7 180
225 20.0 6.7 180
226 20.0 6.7 180
227 20.0 6.7 180
228 20.0 6.7 180
229 20.0 6.7 180
230 20.0 6.7 180
231 20.0 6.7 0
232 19.8 6.7 180
233 19.7 6.7 180
234 19.5 6.7 180
235 19.3 6.7 180
236 19.2 6.7 180
237 19.0 6.7 180
238 18.8 6.7 180
239 18.6 6.7 180
240 18.5 6.7 180
241 18.3 6.7 180
242 18.1 6.7 180
243 18.0 6.7 180
244 17.8 6.7 180
245 17.6 6.7 180
246 17.5 6.8 180
247 17.3 6.8 180
248 17.1 6.8 180
249 16.9 6.8 180
250 16.8 6.8 180
251 16.6 6.8 180
252 16.4 6.8 180
253 16.3 6.8 180
254 16.1 6.8 180
255 15.9 6.8 180
256 15.8 6.8 180
257 15.6 6.8 180
258 15.4 6.8 180
259 15.2 6.8 180
260 15.1 6.8 180
261 14.9 6.8 180
262 14.7 6.8 180
263 14.6 6.8 180
264 14.4 6.8 180
265 14.2 6.8 180
266 14.1 6.8 180
267 13.9 6.8 180
268 13.7 6.8 180
269 13.5 6.8 180
270 13.4 6.8 180
271 13.2 6.8 180
272 13.0 6.8 180
273 12.9 6.8 180
274 12.7 6.8 180
275 12.7 6.85 270
276 12.7 6.8 180
277 12.7 6.8 180
278 12.7 6.8 180
279 12.7 6.8 225
280 12.7 6.8 270
281 12.7 6.8 315
282 12.7 6.8 315
283 12.7 6.8 315
284 12.7 6.8 315
285 12.7 6.8 315
286 12.7 6.8 315
287 12.7 6.8 315
288 12.7 6.8 315
289 12.7 6.8 315
290 12.7 6.8 315
291 12.7 6.8 315
292 12.7 6.8 0
293 12.7 6.8 0
294 12.7 6.8 0
295 12.45 5.85 270
296 12.7 6.8 0
297 12.7 6.8 0
298 12.7 6.8 0
299 12.45 5.85 0
300 12.6 5.9 0
301 12.7 5.9 0
302 12.8 5.9 0
303 12.9 5.9 0
304 13.0 5.9 0
305 13.1 5.9 0
306 13.2 5.9 0
307 13.3 5.9 0
308 13.4 5.9 0
309 13.5 5.9 0
310 13.6 5.9 0
311 13.7 6.0 0
312 13.8 6.0 0
313 13.9 6.0 0
314 14.0 6.0 0
315 14.1 6.0 0
316 14.2 6.0 0
317 14.3 6.0 0
318 14.4 6.0 0
319 14.6 6.0 0
320 14.7 6.0 0
321 14.8 6.0 0
322 14.9 6.1 0
323 15.0 6.1 0
324 15.1 6.1 0
325 15.2 6.1 0
326 15.3 6.1 0
327 15.4 6.1 0
328 15.5 6.1 0
329 15.6 6.1 0
330 15.7 6.1 0
331 15.8 6.1 0
332 15.9 6.1 0
333 16.0 6.1 0
334 16.1 6.2 0
335 16.2 6.2 0
336 16.3 6.2 0
337 16.4 6.2 0
338 16.5 6.2 0
339 16.7 6.2 0
340 16.8 6.2 0
341 16.9 6.2 0
342 17.0 6.2 0
343 17.1 6.2 0
344 17.2 6.2 0
345 17.3 6.3 0
346 17.4 6.3 0
347 17.5 6.3 0
348 17.6 6.3 0
349 17.7 6.3 0
350 17.8 6.3 0
351 17.9 6.3 0
352 18.0 6.3 0
353 18.1 6.3 0
354 18.2 6.3 0
355 18.3 6.3 0
356 18.4 6.3 0
357 18.5 6.4 0
358 18.6 6.4 0
359 18.8 6.4 0
360 18.9 6.4 0
361 19.0 6.4 0
362 19.1 6.4 0
363 19.2 6.4 0
364 19.3 6.4 0
365 19.4 6.4 0
366 19.5 6.4 0
367 19.6 6.4 0
368 19.7 6.5 0
369 19.7 6.45 0
370 19.9 6.5 0
371 20.1 6.5 0
372 20.2 6.5 0
373 20.4 6.5 0
374 20.6 6.5 0
375 20.8 6.5 0
376 21.0 6.5 0
377 21.1 6.5 0
378 21.3 6.5 0
379 21.5 6.5 0
380 21.7 6.5 0
381 21.9 6.5 0
382 22.0 6.5 0
383 22.2 6.5 0
384 22.4 6.5 0
385 22.6 6.5 0
386 22.8 6.5 0
387 23.0 6.5 0
388 23.1 6.5 0
389 23.3 6.5 0
390 23.5 6.5 0
391 23.7 6.5 0
392 23.9 6.5 0
393 24.0 6.5 0
394 24.2 6.5 0
395 24.4 6.5 0
396 24.6 6.5 0
397 24.8 6.5 0
398 24.9 6.5 0
399 25.1 6.5 0
400 25.3 6.5 0
401 25.5 6.5 0
402 25.7 6.5 0
403 25.8 6.5 0
404 26.0 6.5 0
405 26.2 6.5 0
406 26.4 6.5 0
407 26.6 6.5 0
408 26.7 6.5 0
409 26.9 6.5 0
410 27.1 6.5 0
411 27.3 6.5 0
412 27.5 6.5 0
413 27.6 6.5 0
414 27.8 6.5 0
415 28.0 6.5 0
416 28.2 6.5 0
417 28.4 6.5 0
418 28.6 6.5 0
419 28.7 6.5 0
420 28.9 6.5 0
421 29.1 6.5 0
422 29.3 6.5 0
423 29.5 6.5 0
424 29.6 6.5 0
425 29.8 6.5 0
426 30.0 6.5 0
427 30.2 6.5 0
428 30.4 6.5 0
429 30.5 6.5 0
430 30.7 6.5 0
431 30.9 6.5 0
432 30.9 6.45 0
438 30.9 6.5 0
439 30.9 6.45 90
440 30.9 6.6 90
441 30.9 6.8 90
442 30.9 7.0 90
443 30.9 7.2 90
444 30.9 7.3 90
445 30.9 7.5 90
446 30.9 7.7 90
447 30.9 7.9 90
448 30.9 8.1 90
449 30.9 8.2 90
450 30.9 8.4 90
451 30.9 8.6 90
452 30.9 8.8 90
453 30.9 9.0 90
454 30.9 9.1 90
455 30.9 9.3 90
456 30.9 9.5 90
457 30.9 9.7 90
458 30.9 9.9 90
459 30.9 10.0 90
460 30.9 10.2 90
461 30.9 10.4 90
462 30.9 10.6 90
463 30.9 10.8 90
464 30.9 10.9 90
465 30.9 11.1 90
466 30.9 11.3 90
467 30.9 11.5 90
468 30.9 11.6 90
469 30.9 11.8 90
470 30.9 12.0 90
471 30.9 12.2 90
472 30.9 12.4 90
473 30.9 12.5 90
474 30.9 12.7 90
475 30.9 12.9 90
476 30.9 13.1 90
477 30.9 13.3 90
478 30.9 13.4 90
479 30.9 13.6 90
480 30.9 13.8 90
481 30.9 14.0 90
482 30.9 14.2 90
483 30.9 14.3 90
484 30.9 14.5 90
485 30.9 14.7 90
486 30.9 14.9 90
487 30.9 15.1 90
488 30.9 15.2 90
489 30.9 15.4 90
490 30.9 15.6 90
491 30.9 15.8 90
492 30.9 15.9 90
493 30.9 16.1 90
494 30.9 16.3 90
495 30.9 16.5 90
496 30.9 16.7 90
497 30.9 16.8 90
498 30.9 17.0 90
499 30.9 17.2 90
500 30.9 17.4 90
501 30.9 17.6 90
502 30.9 17.7 90
503 30.9 17.9 90
504 30.9 18.1 90
505 30.9 18.3 90
506 30.9 18.5 90
507 30.9 18.6 90
508 30.9 18.8 90
509 30.9 19.0 90
510 30.9 19.2 90
511 30.9 19.4 90
512 30.9 19.5 90
513 30.9 19.7 90
514 30.9 19.9 90
515 30.9 20.1 90
516 30.9 20.3 90
517 30.9 20.4 90
518 30.9 20.6 90
519 30.9 20.8 90
520 30.9 21.0 90
521 30.9 21.1 90
522 30.9 21.3 90
523 30.9 21.5 90
524 30.9 21.7 90
525 30.9 21.9 90
526 30.9 22.0 90
527 30.9 22.2 90
528 30.9 22.4 90
529 30.9 22.6 90
530 30.9 22.8 90
531 30.9 22.9 90
532 30.9 23.1 90
533 30.9 23.3 90
534 30.9 23.5 90
535 30.9 23.7 90
536 30.9 23.8 90
537 30.9 24.0 90
538 30.9 24.2 90
539 30.9 24.4 90
540 30.9 24.6 90
541 30.9 24.7 90
542 30.9 24.9 90
543 30.9 25.1 90
544 30.9 25.3 90
545 30.9 25.4 90
546 30.9 25.6 90
547 30.9 25.8 90
548 30.9 26.0 90
549 30.9 26.2 90
550 30.9 26.3 90
551 30.9 26.5 90
552 30.9 26.7 90
553 30.9 26.9 90
554 30.9 27.1 90
555 30.9 27.2 90
556 30.9 27.4 90
557 30.9 27.6 90
558 30.9 27.8 90
559 30.9 28.0 90
560 30.9 28.1 90
561 30.9 28.3 90
562 30.9 28.5 90
563 30.9 28.7 90
564 30.9 28.9 90
565 30.9 29.0 90
566 30.9 29.2 90
567 30.9 29.4 90
568 30.9 29.6 90
569 30.9 29.7 90
570 30.9 29.9 90
571 30.9 30.1 90
572 30.9 30.3 90
573 30.9 30.5 90
574 30.9 30.6 90
575 30.9 30.8 90
576 30.9 31.0 90
577 30.9 31.2 90
578 30.9 31.4 90
579 30.9 31.5 90
580 30.9 31.7 90
581 30.9 31.9 90
582 30.9 32.1 90
583 30.9 32.3 90
584 30.9 32.4 90
585 30.9 32.6 90
586 30.9 32.8 90
587 30.9 33.0 90
588 30.9 33.2 90
589 30.9 33.3 90
590 30.9 33.5 90
591 30.9 33.7 90
592 30.9 33.9 90
593 30.9 34.1 90
594 30.9 34.2 90
595 30.9 34.4 90
596 30.9 34.6 90
597 30.9 34.8 90
598 30.9 34.9 90
599 30.9 35.1 90
600 30.9 35.3 90
601 30.9 35.5 90
602 30.9 35.7 90
603 30.9 35.8 90
604 30.9 36.0 90
605 30.9 36.2 90
606 30.9 36.4 90
607 30.9 36.6 90
608 30.9 36.7 90
609 30.9 36.9 90
610 30.9 37.1 90
611 30.9 37.3 90
612 30.9 37.5 90
613 30.9 37.6 90
614 30.9 37.8 90
615 30.9 38.0 90
616 30.9 38.2 90
617 30.9 38.4 90
618 30.9 38.5 90
619 30.9 38.7 90
620 30.9 38.9 90
621 30.9 39.1 90
622 30.9 39.2 90
623 30.9 39.4 90
624 30.9 39.6 90
625 30.9 39.8 90
626 30.9 40.0 90
627 30.9 40.1 90
628 30.9 40.3 90
629 30.9 40.5 90
630 30.9 40.7 90
631 30.9 40.9 90
632 30.9 41.0 90
633 30.9 41.2 90
634 30.9 41.4 90
635 30.9 41.6 90
636 30.9 41.8 90
637 30.9 41.9 90
638 30.9 42.1 90
639 30.9 42.3 90
640 30.9 42.5 90
641 30.9 42.7 90
642 30.9 42.8 90
643 30.9 43.0 90
644 30.9 43.2 90
645 30.9 43.4 90
646 30.9 43.5 90
647 30.85 43.55 90
648 30.9 43.5 90
649 30.9 43.5 90
650 30.9 43.5 90
651 30.9 43.5 90
652 30.9 43.5 90
653 30.9 43.5 135
654 30.9 43.5 135
655 30.9 43.5 180
656 30.9 43.5 225
657 30.85 43.55 180
658 30.7 43.5 180
659 30.6 43.5 180
660 30.4 43.5 180
661 30.3 43.5 180
662 30.1 43.5 180
663 30.0 43.5 180
664 29.9 43.5 180
665 29.7 43.5 180
666 29.6 43.5 180
667 29.4 43.5 180
668 29.3 43.5 180
669 29.1 43.5 180
670 29.0 43.5 180
671 28.9 43.5 180
672 28.7 43.5 180
673 28.6 43.5 180
674 28.4 43.5 180
675 28.3 43.5 180
676 28.2 43.5 180
677 28.0 43.5 180
678 27.9 43.5 180
679 27.7 43.5 180
680 27.6 43.5 180
681 27.4 43.5 180
682 27.3 43.5 180
683 27.2 43.5 180
684 27.0 43.5 180
685 26.9 43.5 180
686 26.7 43.5 180
687 26.6 43.5 180
688 26.4 43.5 180
689 26.3 43.5 180
690 26.2 43.5 180
691 26.0 43.5 180
692 25.9 43.5 180
693 25.7 43.5 180
694 25.6 43.5 180
695 25.5 43.5 180
696 25.3 43.4 180
697 25.2 43.4 180
698 25.0 43.4 180
699 24.9 43.4 180
700 24.7 43.4 180
701 24.6 43.4 180
702 24.5 43.4 180
703 24.3 43.4 180
704 24.2 43.4 180
705 24.0 43.4 180
706 23.9 43.4 180
707 23.7 43.4 180
708 23.6 43.4 180
709 23.5 43.4 180
710 23.3 43.4 180
711 23.2 43.4 180
712 23.0 43.4 180
713 22.9 43.4 180
714 22.8 43.4 180
715 22.6 43.4 180
716 22.5 43.4 180
717 22.3 43.4 180
718 22.2 43.4 180
719 22.0 43.4 180
720 21.9 43.4 180
721 21.8 43.4 180
722 21.6 43.4 180
723 21.5 43.4 180
724 21.3 43.4 180
725 21.2 43.4 180
726 21.0 43.4 180
727 20.9 43.4 180
728 20.8 43.4 180
729 20.6 43.4 180
730 20.5 43.4 180
731 20.3 43.4 180
732 20.2 43.4 180
733 20.1 43.4 180
734 20.05 43.35 180
736 20.1 43.4 180
737 20.1 43.4 180
738 20.1 43.4 180
739 20.1 43.4 180
740 20.1 43.4 180
741 20.1 43.4 180
742 20.1 43.4 225
743 20.05 43.35 270
744 20.0 43.3 270
745 20.0 43.2 270
746 20.0 43.2 270
747 20.0 43.1 270
748 20.0 43.0 270
749 20.0 43.0 270
750 20.0 42.9 270
751 20.0 42.8 270
752 20.0 42.8 270
753 20.0 42.7 270
754 20.0 42.6 270
755 20.0 42.6 270
756 20.0 42.5 270
757 20.0 42.4 270
758 20.0 42.4 270
759 20.0 42.3 270
760 20.0 42.2 270
761 20.0 42.2 270
762 20.0 42.1 270
763 20.0 42.0 270
764 20.0 42.0 270
765 20.0 41.9 270
766 20.0 41.8 270
767 20.0 41.8 270
768 20.0 41.7 270
769 20.0 41.6 270
770 20.0 41.6 270
771 20.0 41.5 270
772 20.0 41.4 270
773 20.0 41.4 270
774 20.0 41.3 270
775 20.0 41.2 270
776 20.0 41.2 270
777 20.0 41.1 270
778 20.0 41.0 270
779 20.0 41.0 270
780 20.0 40.9 270
781 20.0 40.8 270
782 20.0 40.8 270
783 20.0 40.7 270
784 20.0 40.6 270
785 20.0 40.6 270
786 20.0 40.5 270
787 20.0 40.4 270
788 20.0 40.4 270
789 20.0 40.3 270
790 20.0 40.2 270
791 20.0 40.2 270
792 20.0 40.1 270
793 20.0 40.0 270
794 20.0 40.0 270
795 20.0 39.9 270
796 20.0 39.8 270
797 20.0 39.8 270
798 20.0 39.7 270
799 20.0 39.7 270
800 20.0 39.6 270
801 20.0 39.4 270
802 20.0 39.3 270
803 20.0 39.1 270
804 20.0 39.0 270
805 20.0 38.8 270
806 20.0 38.7 270
807 20.0 38.5 270
808 20.0 38.4 270
809 20.0 38.2 270
810 20.0 38.1 270
811 20.0 38.0 270
812 20.0 37.8 270
813 20.0 37.7 270
814 20.0 37.5 270
815 20.0 37.4 270
816 20.0 37.2 270
817 20.0 37.1 270
818 20.0 36.9 270
819 20.0 36.8 270
820 20.0 36.6 270
821 20.0 36.5 270
822 20.0 36.4 270
823 20.0 36.2 270
824 20.1 36.1 270
825 20.1 35.9 270
826 20.1 35.8 270
827 20.1 35.6 270
828 20.1 35.5 270
829 20.1 35.3 270
830 20.1 35.2 270
831 20.1 35.0 270
832 20.1 34.9 270
833 20.1 34.8 270
834 20.1 34.6 270
835 20.1 34.5 270
836 20.1 34.3 270
837 20.1 34.2 270
838 20.1 34.0 270
839 20.1 33.9 270
840 20.1 33.7 270
841 20.1 33.6 270
842 20.1 33.4 270
843 20.1 33.3 270
844 20.1 33.2 270
845 20.1 33.0 270
846 20.1 32.9 270
847 20.1 32.7 270
848 20.1 32.6 270
849 20.1 32.4 270
850 20.1 32.3 270
851 20.1 32.1 270
852 20.1 32.0 270
853 20.1 31.8 270
854 20.1 31.7 270
855 20.1 31.6 270
856 20.1 31.4 270
857 20.1 31.3 270
858 20.1 31.1 270
859 20.1 31.0 270
860 20.1 30.8 270
861 20.1 30.7 270
862 20.1 30.5 270
863 20.1 30.4 270
864 20.1 30.2 270
865 20.1 30.1 270
866 20.1 30.0 270
867 20.1 29.8 270
868 20.1 29.7 270
869 20.1 29.5 270
870 20.1 29.4 270
871 20.1 29.2 270
872 20.1 29.1 270
873 20.1 28.9 270
874 20.2 28.8 270
875 20.2 28.6 270
876 20.2 28.5 270
877 20.2 28.4 270
878 20.2 28.2 270
879 20.2 28.1 270
880 20.2 27.9 270
881 20.2 27.8 270
882 20.2 27.6 270
883 20.2 27.5 270
884 20.2 27.3 270
885 20.2 27.2 270
886 20.2 27.0 270
887 20.2 26.9 270
888 20.2 26.8 270
889 20.2 26.6 270
890 20.2 26.5 270
891 20.2 26.3 270
892 20.2 26.2 270
893 20.2 26.0 270
894 20.2 25.9 270
895 20.2 25.7 270
896 20.2 25.6 270
897 20.2 25.4 270
898 20.2 25.3 270
899 20.2 25.3 270
907 20.2 25.3 270
908 20.2 25.3 270
909 20.2 25.3 270
910 20.2 25.3 270
911 20.2 25.3 270
912 20.2 25.3 270
913 20.2 25.3 270
914 20.2 25.3 270
915 20.2 25.3 270
916 20.2 25.3 270
917 20.2 25.3 270
918 20.2 25.3 270
919 20.2 25.3 270
