1 159 31 92 90
2 159 31 92 90
3 159 31 92 90
4 159 31 92 90
5 159 31 92 90
6 159 31 92 90
7 159 31 92 90
8 159 31 92 90
9 159 31 92 90
10 159 31 92 90
11 159 31 92 90
12 159 31 92 90
13 159 31 92 90
14 159 31 92 90
15 159 31 92 90
16 159 31 92 90
17 159 31 92 90
18 159 31 92 90
19 159 31 92 90
20 159 31 92 90
21 159 31 92 90
22 159 31 92 90
23 159 31 92 90
24 159 31 92 90
25 159 31 92 90
26 159 31 92 90
27 159 31 92 90
28 159 31 92 90
29 159 31 92 90
30 159 31 92 90
31 159 31 92 90
32 159 31 92 90
33 159 31 92 90
34 159 31 92 90
35 159 31 92 90
36 159 31 92 90
37 159 31 92 90
38 159 31 92 90
39 159 31 92 45
40 159 31 92 45
41 159 31 92 45
42 159 31 92 45
43 159 31 92 45
44 159 31 92 0
45 159 31 92 0
46 159 31 92 0
47 159 31 92 0
48 159 31 92 0
49 159 31 92 0
50 159 31 92 0
51 159 31 92 0
52 159 31 92 0
53 159 31 92 0
54 159 31 92 0
55 159 31 92 0
56 159 31 92 0
57 159 31 92 0
58 159 31 92 0
59 159 31 92 0
60 159 31 92 0
61 159 31 92 0
62 159 31 92 0
63 159 31 92 0
64 159 31 92 0
65 159 31 92 315
66 159 31 92 315
67 159 31 92 315
68 159 31 92 315
69 159 31 92 315
70 159 31 92 315
71 159 31 92 315
72 159 31 92 315
73 159 31 92 315
74 159 31 92 315
75 159 31 92 315
76 159 31 92 315
77 159 31 92 315
78 159 31 92 315
79 159 31 92 315
80 159 31 92 315
81 159 31 92 315
82 159 31 92 315
83 159 31 92 315
84 159 31 92 315
85 159 31 92 315
86 159 31 92 315
87 159 31 92 315
88 159 31 92 315
89 159 31 92 270
90 159 31 92 270
91 159 31 92 225
92 159 31 92 225
93 159 31 92 180
94 159 31 92 180
95 159 31 92 180
96 159 31 92 135
97 159 31 92 135
98 159 31 92 135
99 159 31 92 135
100 159 31 92 135
101 159 31 92 135
102 159 31 92 135
103 159 31 92 135
104 159 31 92 135
105 159 31 92 135
106 159 31 92 135
107 159 31 92 135
108 159 31 92 135
109 159 31 92 135
110 159 31 92 135
111 159 31 92 135
112 159 31 92 135
113 159 31 92 135
114 159 31 92 135
115 159 31 92 135
116 159 31 92 135
117 159 31 92 135
118 159 31 92 135
119 159 31 92 135
120 159 31 92 135
121 159 31 92 90
122 159 31 92 90
123 159 31 92 90
124 159 31 92 90
125 159 31 92 90
126 159 31 92 90
127 159 31 92 90
128 159 31 92 90
129 159 31 92 90
130 159 31 92 90
131 159 31 92 90
132 159 31 92 90
133 159 31 92 90
134 159 31 92 90
135 159 31 92 90
136 159 31 92 90
137 159 31 92 90
138 159 31 92 90
139 159 31 92 90
140 159 31 92 90
141 159 31 92 90
142 159 31 92 90
143 159 31 92 90
144 159 31 92 90
145 159 31 92 90
146 159 31 92 90
147 159 31 92 90
148 159 31 92 90
149 159 31 92 90
150 159 31 92 90
151 159 31 92 90
152 159 31 92 90
153 159 31 92 90
154 159 31 92 90
155 159 31 92 90
156 159 31 92 90
157 159 31 92 90
158 159 31 92 90
159 159 31 92 90
160 159 31 92 90
161 159 31 92 90
162 159 31 92 90
163 160 31 94 90
164 160 31 94 90
165 160 31 94 90
166 160 31 94 90
167 160 31 94 90
168 160 31 94 90
169 160 31 94 90
170 160 31 94 90
171 160 31 94 90
172 160 31 94 90
173 160 31 94 90
174 160 31 94 90
175 160 31 94 90
176 160 31 94 90
177 160 31 94 90
178 160 31 94 90
179 160 31 94 90
180 160 31 94 90
181 160 31 94 90
182 160 31 94 90
183 160 31 94 90
184 160 31 94 90
185 160 31 94 90
186 160 31 94 90
187 160 31 94 90
188 160 31 94 90
189 160 31 94 90
190 160 31 94 90
191 160 31 94 90
192 160 31 94 90
193 160 31 94 90
194 160 31 94 90
195 160 31 94 45
196 160 31 94 45
197 160 31 94 45
198 160 31 94 45
199 160 31 94 45
200 160 31 94 45
201 160 31 94 45
202 160 31 94 45
203 160 31 94 45
204 160 31 94 0
205 160 31 94 0
206 160 31 94 0
207 160 31 94 0
208 160 31 94 0
209 160 31 94 0
210 160 31 94 0
211 160 31 94 0
212 160 31 94 0
213 160 31 94 0
214 160 31 94 0
215 160 31 94 0
216 160 31 94 0
217 160 31 94 0
218 160 31 94 315
219 160 31 94 315
220 160 31 94 315
221 160 31 94 315
222 160 31 94 315
223 160 31 94 315
224 160 31 94 315
225 160 31 94 315
226 160 31 94 315
227 160 31 94 315
228 160 31 94 315
229 160 31 94 315
230 160 31 94 315
231 160 31 94 315
232 160 31 94 315
233 160 31 94 315
234 160 31 94 315
235 160 31 94 315
236 160 31 94 270
237 160 31 94 270
238 160 31 94 270
239 160 31 94 225
240 160 31 94 225
241 160 31 94 225
242 160 31 94 180
243 160 31 94 180
244 160 31 94 180
245 160 31 94 180
246 160 31 94 180
247 160 31 94 180
248 160 31 94 180
249 160 31 94 180
250 160 31 94 180
251 160 31 94 180
252 160 31 94 180
253 160 31 94 135
254 160 31 94 135
255 160 31 94 135
256 160 31 94 135
257 160 31 94 135
258 160 31 94 135
259 160 31 94 135
260 160 31 94 135
261 160 31 94 135
262 160 31 94 135
263 160 31 94 135
264 160 31 94 135
265 160 31 94 135
266 160 31 94 90
267 160 31 94 90
268 160 31 94 90
269 160 31 94 90
270 160 31 94 90
271 160 31 94 90
272 160 31 94 90
273 160 31 94 90
274 160 31 94 90
275 160 31 94 90
276 160 31 94 90
277 160 31 94 90
278 160 31 94 90
279 160 31 94 90
280 160 31 94 90
281 160 31 94 90
282 160 31 94 90
283 160 31 94 90
284 160 31 94 90
285 160 31 94 90
286 160 31 94 90
287 160 31 94 90
288 160 31 94 90
289 160 31 94 90
290 160 31 94 90
291 160 31 94 90
292 160 31 94 90
293 160 31 94 90
294 160 31 94 90
295 160 31 94 90
296 160 31 94 90
297 160 31 94 90
298 160 31 94 90
299 160 31 94 90
300 160 31 94 90
301 160 31 94 90
302 160 31 94 90
303 160 31 94 90
304 160 31 94 90
305 160 31 94 90
306 160 31 94 90
307 160 31 94 90
308 160 31 94 90
309 161 31 96 90
310 161 31 96 90
311 161 31 96 90
312 161 31 96 90
313 161 31 96 90
314 161 31 96 90
315 161 31 96 90
316 161 31 96 90
317 161 31 96 90
318 161 31 96 90
319 161 31 96 90
320 161 31 96 90
321 161 31 96 90
322 161 31 96 90
323 161 31 96 90
324 161 31 96 90
325 161 31 96 90
326 161 31 96 90
327 161 31 96 90
328 161 31 96 90
329 161 31 96 90
330 161 31 96 90
331 161 31 96 90
332 161 31 96 90
333 161 31 96 90
334 161 31 96 90
335 161 31 96 90
336 161 31 96 90
337 161 31 96 90
338 161 31 96 90
339 161 31 96 90
340 161 31 96 90
341 161 31 96 90
342 161 31 96 90
343 161 31 96 90
344 161 31 96 90
345 161 31 96 90
346 161 31 96 90
347 161 31 96 90
348 161 31 96 90
349 161 31 96 90
350 161 31 96 90
351 161 31 96 90
352 161 31 96 90
353 161 31 96 90
354 161 31 96 90
355 161 31 96 90
356 161 31 96 90
357 161 31 96 90
358 161 31 96 90
359 161 31 96 90
360 161 31 96 90
361 161 31 96 90
362 161 31 96 90
363 161 31 96 90
364 161 31 96 90
365 161 31 96 90
366 161 31 96 90
367 161 31 96 90
368 161 31 96 90
369 161 31 96 90
370 161 31 96 90
371 161 31 96 90
372 161 31 96 45
373 161 31 96 45
374 161 31 96 45
375 161 31 96 45
376 161 31 96 45
377 161 31 96 45
378 161 31 96 45
379 161 31 96 45
380 161 31 96 45
381 161 31 96 45
382 161 31 96 45
383 161 31 96 45
384 161 31 96 45
385 161 31 96 45
386 161 31 96 45
387 161 31 96 45
388 161 31 96 45
389 161 31 96 45
390 161 31 96 45
391 161 31 96 45
392 161 31 96 45
393 161 31 96 45
394 161 31 96 0
395 161 31 96 0
396 161 31 96 0
397 161 31 96 0
398 161 31 96 0
399 161 31 96 0
400 161 31 96 315
401 161 31 96 315
402 161 31 96 315
403 161 31 96 270
404 161 31 96 270
405 161 31 96 270
406 161 31 96 270
407 161 31 96 270
408 161 31 96 270
409 161 31 96 270
410 161 31 96 270
411 161 31 96 270
412 161 31 96 270
413 161 31 96 270
414 161 31 96 270
415 161 31 96 270
416 161 31 96 270
417 161 31 96 270
418 161 31 96 270
419 161 31 96 270
420 161 31 96 270
421 161 31 96 270
422 161 31 96 225
423 161 31 96 225
424 161 31 96 225
425 161 31 96 225
426 161 31 96 225
427 161 31 96 225
428 161 31 96 225
429 161 31 96 225
430 161 31 96 225
431 161 31 96 225
432 161 31 96 225
433 161 31 96 225
434 161 31 96 225
435 161 31 96 225
436 161 31 96 180
437 161 31 96 180
438 161 31 96 180
439 161 31 96 180
440 161 31 96 180
441 161 31 96 135
442 161 31 96 135
443 161 31 96 135
444 161 31 96 135
445 161 31 96 135
446 161 31 96 135
447 161 31 96 135
448 161 31 96 135
449 161 31 96 135
450 161 31 96 135
451 161 31 96 135
452 161 31 96 135
453 161 31 96 135
454 161 31 96 135
455 161 31 96 135
456 161 31 96 135
457 161 31 96 135
458 161 31 96 135
459 161 31 96 135
460 161 31 96 135
461 161 31 96 135
462 161 31 96 135
463 161 31 96 135
464 161 31 96 90
465 161 31 96 90
466 161 31 96 45
467 161 31 96 45
468 161 31 96 45
469 161 31 96 45
470 161 31 96 45
471 161 31 96 45
472 161 31 96 90
473 161 31 96 90
474 161 31 96 135
475 161 31 96 135
476 161 31 96 135
477 161 31 96 135
478 161 31 96 90
479 161 31 96 90
480 161 31 96 90
481 161 31 96 90
482 161 31 96 90
483 161 31 96 90
484 161 31 96 90
485 161 31 96 90
486 161 31 96 90
487 161 31 96 90
488 161 31 96 90
489 161 31 96 90
490 161 31 96 90
491 161 31 96 90
492 161 31 96 90
493 161 31 96 90
494 161 31 96 90
495 161 31 96 90
496 161 31 96 90
497 161 31 96 90
498 161 31 96 90
499 161 31 96 90
500 161 31 96 90
501 161 31 96 90
502 161 31 96 90
503 161 31 96 90
504 161 31 96 90
505 161 31 96 90
506 161 31 96 90
507 161 31 96 90
508 161 31 96 90
509 161 31 96 90
510 161 31 96 90
511 161 31 96 90
512 161 31 96 90
513 161 31 96 90
514 161 31 96 90
515 161 31 96 90
516 161 31 96 90
517 161 31 96 90
518 161 31 96 90
519 161 31 96 90
520 161 31 96 90
521 161 31 96 90
522 161 31 96 90
523 161 31 96 90
524 161 31 96 90
525 161 31 96 90
526 162 31 98 90
527 162 31 98 90
528 162 31 98 90
529 162 31 98 90
530 162 31 98 90
531 162 31 98 90
532 162 31 98 45
533 162 31 98 45
534 162 31 98 0
535 162 31 98 0
536 162 31 98 0
537 162 31 98 0
538 162 31 98 0
539 162 31 98 0
540 162 31 98 0
541 162 31 98 0
542 162 31 98 0
543 162 31 98 0
544 162 31 98 315
545 162 31 98 315
546 162 31 98 315
547 162 31 98 315
548 162 31 98 315
549 162 31 98 315
550 162 31 98 315
551 162 31 98 315
552 162 31 98 270
553 162 31 98 270
554 162 31 98 270
555 162 31 98 270
556 162 31 98 270
557 162 31 98 270
558 162 31 98 270
559 162 31 98 225
560 162 31 98 225
561 162 31 98 225
562 162 31 98 180
563 162 31 98 180
564 162 31 98 180
565 162 31 98 180
566 162 31 98 180
567 162 31 98 180
568 162 31 98 180
569 162 31 98 135
570 162 31 98 135
571 162 31 98 135
572 162 31 98 90
573 162 31 98 90
574 162 31 98 90
575 162 31 98 90
576 162 31 98 90
577 162 31 98 90
578 162 31 98 90
579 162 31 98 90
580 162 31 98 90
581 162 31 98 90
582 162 31 98 90
583 162 31 98 90
584 162 31 98 90
585 162 31 98 90
586 162 31 98 90
587 162 31 98 90
588 162 31 98 90
589 162 31 98 90
590 162 31 98 90
591 162 31 98 90
592 162 31 98 90
593 162 31 98 90
594 162 31 98 90
595 162 31 98 90
596 162 31 98 90
597 162 31 98 90
598 162 31 98 90
599 162 31 98 90
600 162 31 98 90
601 162 31 98 90
602 162 31 98 90
603 162 31 98 90
604 162 31 98 90
605 162 31 98 90
606 162 31 98 90
607 162 31 98 90
608 162 31 98 90
609 162 31 98 90
610 162 31 98 90
611 162 31 98 90
612 162 31 98 90
613 162 31 98 90
614 162 31 98 90
615 162 31 98 90
616 162 31 98 90
617 162 31 98 90
618 162 31 98 90
619 163 31 100 90
620 163 31 100 90
621 163 31 100 90
622 163 31 100 90
623 163 31 100 90
624 163 31 100 90
625 163 31 100 90
626 163 31 100 90
627 163 31 100 90
628 163 31 100 90
629 163 31 100 90
630 163 31 100 90
631 163 31 100 135
632 163 31 100 135
633 163 31 100 135
634 163 31 100 135
635 163 31 100 135
636 163 31 100 135
637 163 31 100 90
638 163 31 100 90
639 163 31 100 90
640 163 31 100 90
641 163 31 100 90
642 163 31 100 90
643 163 31 100 90
644 163 31 100 90
645 163 31 100 90
646 163 31 100 90
647 163 31 100 90
648 163 31 100 90
649 163 31 100 90
650 163 31 100 90
651 163 31 100 90
652 163 31 100 90
653 163 31 100 90
654 163 31 100 90
655 163 31 100 90
656 163 31 100 90
657 163 31 100 90
658 163 31 100 90
659 163 31 100 90
660 163 31 100 90
661 163 31 100 90
662 163 31 100 90
663 163 31 100 90
664 163 31 100 90
665 163 31 100 90
666 163 31 100 45
667 163 31 100 45
668 163 31 100 45
669 163 31 100 0
670 163 31 100 0
671 163 31 100 0
672 163 31 100 0
673 163 31 100 0
674 163 31 100 0
675 163 31 100 0
676 163 31 100 315
677 163 31 100 315
678 163 31 100 315
679 163 31 100 315
680 163 31 100 315
681 163 31 100 315
682 163 31 100 315
683 163 31 100 315
684 163 31 100 315
685 163 31 100 315
686 163 31 100 315
687 163 31 100 315
688 163 31 100 315
689 163 31 100 315
690 163 31 100 315
691 163 31 100 270
692 163 31 100 270
693 163 31 100 270
694 163 31 100 270
695 163 31 100 270
696 163 31 100 270
697 163 31 100 270
698 163 31 100 225
699 163 31 100 225
700 163 31 100 225
701 163 31 100 225
702 163 31 100 225
703 163 31 100 225
704 163 31 100 225
705 163 31 100 225
706 163 31 100 225
707 163 31 100 225
708 163 31 100 180
709 163 31 100 180
710 163 31 100 180
711 163 31 100 180
712 163 31 100 180
713 163 31 100 180
714 163 31 100 180
715 163 31 100 180
716 163 31 100 180
717 163 31 100 180
718 163 31 100 180
719 163 31 100 135
720 163 31 100 135
721 163 31 100 135
722 163 31 100 135
723 163 31 100 135
724 163 31 100 135
725 163 31 100 135
726 163 31 100 135
727 163 31 100 135
728 163 31 100 135
729 163 31 100 135
730 163 31 100 135
731 163 31 100 135
732 163 31 100 135
733 163 31 100 135
734 163 31 100 90
735 163 31 100 90
736 163 31 100 90
737 163 31 100 90
738 163 31 100 90
739 163 31 100 90
740 163 31 100 90
741 163 31 100 90
742 163 31 100 90
743 163 31 100 90
744 163 31 100 90
745 163 31 100 90
746 163 31 100 90
747 163 31 100 90
748 163 31 100 90
749 163 31 100 90
750 163 31 100 90
751 163 31 100 90
752 163 31 100 90
753 163 31 100 90
754 163 31 100 90
755 163 31 100 90
756 163 31 100 90
757 163 31 100 90
758 163 31 100 90
759 163 31 100 90
760 163 31 100 90
761 163 31 100 90
762 163 31 100 90
763 164 31 102 90
764 164 31 102 90
765 164 31 102 90
766 164 31 102 90
767 164 31 102 90
768 164 31 102 90
769 164 31 102 90
770 164 31 102 90
771 164 31 102 90
772 164 31 102 90
773 164 31 102 90
774 164 31 102 90
775 164 31 102 90
776 164 31 102 90
777 164 31 102 90
778 164 31 102 90
779 164 31 102 90
780 164 31 102 90
781 164 31 102 90
782 164 31 102 90
783 164 31 102 90
784 164 31 102 90
785 164 31 102 90
786 164 31 102 90
787 164 31 102 90
788 164 31 102 90
789 164 31 102 90
790 164 31 102 90
791 164 31 102 90
792 164 31 102 90
793 164 31 102 90
794 164 31 102 90
795 164 31 102 90
796 164 31 102 90
797 164 31 102 90
798 164 31 102 45
799 164 31 102 45
800 164 31 102 45
801 164 31 102 45
802 164 31 102 45
803 164 31 102 45
804 164 31 102 45
805 164 31 102 45
806 164 31 102 0
807 164 31 102 0
808 164 31 102 0
809 164 31 102 0
810 164 31 102 315
811 164 31 102 315
812 164 31 102 270
813 164 31 102 270
814 164 31 102 270
815 164 31 102 270
816 164 31 102 270
817 164 31 102 270
818 164 31 102 270
819 164 31 102 270
820 164 31 102 270
821 164 31 102 225
822 164 31 102 225
823 164 31 102 180
824 164 31 102 180
825 164 31 102 180
826 164 31 102 180
827 164 31 102 180
828 164 31 102 180
829 164 31 102 180
830 164 31 102 180
831 164 31 102 180
832 164 31 102 135
833 164 31 102 135
834 164 31 102 135
835 164 31 102 135
836 164 31 102 135
837 164 31 102 135
838 164 31 102 135
839 164 31 102 135
840 164 31 102 135
841 164 31 102 135
842 164 31 102 135
843 164 31 102 135
844 164 31 102 135
845 164 31 102 135
846 164 31 102 90
847 164 31 102 90
848 164 31 102 90
849 164 31 102 90
850 164 31 102 90
851 164 31 102 90
852 164 31 102 90
853 164 31 102 90
854 164 31 102 90
855 164 31 102 90
856 164 31 102 90
857 164 31 102 90
858 164 31 102 90
859 164 31 102 90
860 164 31 102 90
861 164 31 102 90
862 164 31 102 90
863 164 31 102 90
864 164 31 102 90
865 164 31 102 90
866 164 31 102 90
867 164 31 102 90
868 164 31 102 90
869 164 31 102 90
870 164 31 102 90
871 164 31 102 90
872 164 31 102 90
873 164 31 102 90
874 164 31 102 90
875 164 31 102 90
876 164 31 102 90
877 164 31 102 90
878 164 31 102 90
879 164 31 102 90
880 164 31 102 90
881 165 31 104.5 90
882 165 31 104.5 90
883 165 31 104.5 90
884 165 31 104.5 90
885 165 31 104.5 90
886 165 31 104.5 90
887 165 31 104.5 90
888 165 31 104.5 90
889 165 31 104.5 90
890 165 31 104.5 90
891 165 31 104.5 90
892 165 31 104.5 90
893 165 31 104.5 90
894 165 31 104.5 90
895 165 31 104.5 90
896 165 31 104.5 90
897 165 31 104.5 90
898 165 31 104.5 90
899 165 31 104.5 90
900 165 31 104.5 90
901 165 31 104.5 90
902 165 31 104.5 90
903 165 31 104.5 90
904 165 31 104.5 90
905 165 31 104.5 90
906 165 31 104.5 90
907 165 31 104.5 90
908 165 31 104.5 90
909 165 31 104.5 90
910 165 31 104.5 90
911 165 31 104.5 90
912 165 31 104.5 90
913 165 31 104.5 90
914 165 31 104.5 90
915 165 31 104.5 90
916 165 31 104.5 90
917 165 31 104.5 90
918 165 31 104.5 90
919 165 31 104.5 135
920 165 31 104.5 135
921 165 31 104.5 135
922 165 31 104.5 135
923 165 31 104.5 135
924 165 31 104.5 180
925 165 31 104.5 180
926 165 31 104.5 180
927 165 31 104.5 180
928 165 31 104.5 180
929 165 31 104.5 225
930 165 31 104.5 225
931 165 31 104.5 225
932 165 31 104.5 270
933 165 31 104.5 270
934 165 31 104.5 315
935 165 31 104.5 315
936 165 31 104.5 315
937 165 31 104.5 315
938 165 31 104.5 315
939 165 31 104.5 315
940 165 31 104.5 315
941 165 31 104.5 315
942 165 31 104.5 315
943 165 31 104.5 315
944 165 31 104.5 315
945 165 31 104.5 315
946 165 31 104.5 315
947 165 31 104.5 315
948 165 31 104.5 315
949 165 31 104.5 315
950 165 31 104.5 315
951 165 31 104.5 315
952 165 31 104.5 315
953 165 31 104.5 315
954 165 31 104.5 315
955 165 31 104.5 315
956 165 31 104.5 315
957 165 31 104.5 315
958 165 31 104.5 315
959 165 31 104.5 315
960 165 31 104.5 315
961 165 31 104.5 315
962 165 31 104.5 315
963 165 31 104.5 315
964 165 31 104.5 315
965 165 31 104.5 315
966 165 31 104.5 315
967 165 31 104.5 315
968 165 31 104.5 0
969 165 31 104.5 0
970 165 31 104.5 0
971 165 31 104.5 0
972 165 31 104.5 0
973 165 31 104.5 0
974 165 31 104.5 0
975 165 31 104.5 0
976 165 31 104.5 0
977 165 31 104.5 0
978 165 31 104.5 0
979 165 31 104.5 0
980 165 31 104.5 0
981 165 31 104.5 0
982 165 31 104.5 0
983 165 31 104.5 0
984 165 31 104.5 0
985 165 31 104.5 45
986 165 31 104.5 45
987 165 31 104.5 45
988 165 31 104.5 45
989 165 31 104.5 45
990 165 31 104.5 45
991 165 31 104.5 45
992 165 31 104.5 45
993 165 31 104.5 45
994 165 31 104.5 45
995 165 31 104.5 45
996 165 31 104.5 45
997 165 31 104.5 45
998 165 31 104.5 45
999 165 31 104.5 45
1000 165 31 104.5 45
1001 165 31 104.5 45
1002 165 31 104.5 45
1003 165 31 104.5 45
1004 165 31 104.5 45
1005 165 31 104.5 45
1006 165 31 104.5 45
1007 165 31 104.5 90
1008 165 31 104.5 90
1009 165 31 104.5 90
1010 165 31 104.5 90
1011 165 31 104.5 90
1012 165 31 104.5 90
1013 165 31 104.5 90
1014 165 31 104.5 90
1015 165 31 104.5 90
1016 165 31 104.5 90
1017 165 31 104.5 90
1018 165 31 104.5 90
1019 165 31 104.5 90
1020 165 31 104.5 90
1021 165 31 104.5 90
1022 165 31 104.5 90
1023 165 31 104.5 90
1024 165 31 104.5 90
1025 165 31 104.5 90
1026 165 31 104.5 90
1027 165 31 104.5 90
1028 165 31 104.5 90
1029 165 31 104.5 90
1030 165 31 104.5 90
1031 165 31 104.5 90
1032 165 31 104.5 90
1033 165 31 104.5 90
1034 165 31 104.5 90
1035 165 31 104.5 90
1036 165 31 104.5 90
1037 165 31 104.5 90
1038 165 31 104.5 90
1039 165 31 104.5 90
1040 165 31 104.5 90
1041 165 31 104.5 90
1042 165 31 104.5 90
1043 165 31 104.5 90
1044 165 31 104.5 90
1045 165 31 104.5 90
1046 165 31 104.5 90
1047 165 31 104.5 90
1048 165 31 104.5 90
1049 165 31 104.5 90
1050 165 31 104.5 90
1051 165 31 104.5 90
1052 165 31 104.5 90
1053 165 31 104.5 90
1054 165 31 104.5 90
1055 165 31 104.5 90
1056 165 31 104.5 90
1057 165 31 104.5 90
1058 165 31 104.5 90
1059 165 31 104.5 90
1060 165 31 104.5 90
1061 165 31 104.5 90
1062 165 31 104.5 90
1063 165 31 104.5 90
1064 165 31 104.5 90
1065 165 31 104.5 90
1066 165 31 104.5 90
1067 165 31 104.5 90
1068 165 31 104.5 90
1069 165 31 104.5 90
1070 165 31 104.5 90
1071 165 31 104.5 90
1072 165 31 104.5 90
1073 165 31 104.5 90
1074 165 31 104.5 90
1075 165 31 104.5 90
1076 165 31 104.5 90
1077 165 31 104.5 90
1078 165 31 104.5 90
1079 165 31 104.5 90
1080 165 31 104.5 90
1081 165 31 104.5 90
1082 165 31 104.5 90
1083 165 31 104.5 90
1084 165 31 104.5 90
1085 165 31 104.5 90
1086 165 31 104.5 90
1087 165 31 104.5 90
1088 165 31 104.5 90
1089 165 31 104.5 90
1090 165 31 104.5 90
1091 165 31 104.5 90
1092 165 31 104.5 90
1093 165 31 104.5 90
1094 165 31 104.5 90
1095 165 31 104.5 90
1096 165 31 104.5 90
1097 165 31 104.5 90
1098 165 31 104.5 90
1099 165 31 104.5 90
1100 165 31 104.5 90
1101 165 31 104.5 90
1102 165 31 104.5 90
1103 165 31 104.5 90
1104 165 31 104.5 90
1105 165 31 104.5 90
1106 165 31 104.5 90
1107 165 31 104.5 90
1108 165 31 104.5 90
1109 165 31 104.5 90
1110 165 31 104.5 90
1111 165 31 104.5 90
1112 165 31 104.5 90
1113 165 31 104.5 90
1114 165 31 104.5 90
1115 165 31 104.5 135
1116 165 31 104.5 135
1117 165 31 104.5 180
1118 165 31 104.5 180
1119 165 31 104.5 180
1120 165 31 104.5 180
1121 165 31 104.5 180
1122 165 31 104.5 180
1123 165 31 104.5 180
1124 165 31 104.5 135
1125 165 31 104.5 135
1126 165 31 104.5 135
1127 165 31 104.5 90
1128 165 31 104.5 90
1129 165 31 104.5 90
1130 165 31 104.5 90
1131 165 31 104.5 90
1132 165 31 104.5 90
1133 165 31 104.5 90
1134 165 31 104.5 90
1135 165 31 104.5 90
1136 165 31 104.5 90
1137 165 31 104.5 90
1138 165 31 104.5 90
1139 165 31 104.5 90
1140 165 31 104.5 90
1141 165 31 104.5 90
1142 165 31 104.5 90
1143 165 31 104.5 90
1144 165 31 104.5 90
1145 165 31 104.5 90
1146 165 31 104.5 90
1147 165 31 104.5 90
1148 165 31 104.5 90
1149 165 31 104.5 90
1150 165 31 104.5 90
1151 165 31 104.5 90
1152 165 31 104.5 90
1153 165 31 104.5 90
1154 165 31 104.5 135
1155 165 31 104.5 135
1156 165 31 104.5 135
1157 165 31 104.5 135
1158 165 31 104.5 135
1159 165 31 104.5 135
1160 165 31 104.5 135
1161 165 31 104.5 135
1162 165 31 104.5 135
1163 165 31 104.5 135
1164 165 31 104.5 135
1165 165 31 104.5 135
1166 165 31 104.5 135
1167 165 31 104.5 135
1168 165 31 104.5 135
1169 165 31 104.5 135
1170 165 31 104.5 135
1171 165 31 104.5 135
1172 165 31 104.5 135
1173 165 31 104.5 90
1174 165 31 104.5 90
1175 165 31 104.5 90
1176 165 31 104.5 90
1177 165 31 104.5 90
1178 165 31 104.5 90
1179 165 31 104.5 90
1180 165 31 104.5 90
1181 165 31 104.5 90
1182 165 31 104.5 90
1183 165 31 104.5 90
1184 165 31 104.5 90
1185 165 31 104.5 90
1186 165 31 104.5 90
1187 165 31 104.5 90
1188 165 31 104.5 90
1189 165 31 104.5 90
1190 165 31 104.5 90
1191 165 31 104.5 90
1192 165 31 104.5 90
1193 165 31 104.5 90
1194 165 31 104.5 90
1195 165 31 104.5 90
1196 165 31 104.5 90
1197 165 31 104.5 90
1198 165 31 104.5 90
1199 165 31 104.5 90
1200 165 31 104.5 90
1201 165 31 104.5 90
1202 165 31 104.5 90
1203 165 31 104.5 90
1204 165 31 104.5 90
1205 165 31 104.5 90
1206 165 31 104.5 90
1207 165 31 104.5 90
1208 165 31 104.5 90
1209 165 31 104.5 90
1210 165 31 104.5 90
1211 165 31 104.5 90
1212 165 31 104.5 90
1213 165 31 104.5 90
1214 165 31 104.5 90
1215 165 31 104.5 90
1216 165 31 104.5 90
1217 165 31 104.5 90
1218 165 31 104.5 90
1219 165 31 104.5 90
1220 165 31 104.5 90
1221 165 31 104.5 90
1222 165 31 104.5 90
1223 165 31 104.5 90
1224 165 31 104.5 90
1225 165 31 104.5 90
1226 165 31 104.5 90
1227 165 31 104.5 90
1228 165 31 104.5 90
1229 165 31 104.5 90
1230 165 31 104.5 90
1231 165 31 104.5 90
1232 165 31 104.5 90
1233 165 31 104.5 90
1234 165 31 104.5 90
1235 165 31 104.5 90
1236 165 31 104.5 90
1237 165 31 104.5 90
1238 165 31 104.5 90
1239 165 31 104.5 90
1240 165 31 104.5 90
1241 165 31 104.5 90
1242 165 31 104.5 90
1243 165 31 104.5 90
1244 165 31 104.5 90
1245 165 31 104.5 90
1246 165 31 104.5 90
1247 165 31 104.5 90
1248 165 31 104.5 90
1249 165 31 104.5 90
1250 165 31 104.5 90
1251 165 31 104.5 90
1252 165 31 104.5 90
1253 165 31 104.5 90
1254 165 31 104.5 90
1255 165 31 104.5 90
1256 165 31 104.5 90
1257 166 31 107 90
1258 166 31 107 90
1259 166 31 107 90
1260 166 31 107 90
1261 166 31 107 90
1262 166 31 107 90
1263 166 31 107 90
1264 166 31 107 90
1265 166 31 107 45
1266 166 31 107 45
1267 166 31 107 45
1268 166 31 107 45
1269 166 31 107 45
1270 166 31 107 45
1271 166 31 107 45
1272 166 31 107 45
1273 166 31 107 45
1274 166 31 107 45
1275 166 31 107 45
1276 166 31 107 0
1277 166 31 107 0
1278 166 31 107 0
1279 166 31 107 0
1280 166 31 107 0
1281 166 31 107 0
1282 166 31 107 0
1283 166 31 107 0
1284 166 31 107 0
1285 166 31 107 0
1286 166 31 107 0
1287 166 31 107 0
1288 166 31 107 0
1289 166 31 107 0
1290 166 31 107 0
1291 166 31 107 0
1292 166 31 107 0
1293 166 31 107 0
1294 166 31 107 0
1295 166 31 107 0
1296 166 31 107 0
1297 166 31 107 0
1298 166 31 107 315
1299 166 31 107 315
1300 166 31 107 315
1301 166 31 107 315
1302 166 31 107 315
1303 166 31 107 315
1304 166 31 107 315
1305 166 31 107 315
1306 166 31 107 315
1307 166 31 107 315
1308 166 31 107 315
1309 166 31 107 315
1310 166 31 107 315
1311 166 31 107 315
1312 166 31 107 315
1313 166 31 107 315
1314 166 31 107 315
1315 166 31 107 315
1316 166 31 107 315
1317 166 31 107 315
1318 166 31 107 315
1319 166 31 107 270
1320 166 31 107 270
1321 166 31 107 270
1322 166 31 107 270
1323 166 31 107 270
1324 166 31 107 270
1325 166 31 107 270
1326 166 31 107 270
1327 166 31 107 270
1328 166 31 107 270
1329 166 31 107 270
1330 166 31 107 270
1331 166 31 107 270
1332 166 31 107 270
1333 166 31 107 270
1334 166 31 107 270
1335 166 31 107 270
1336 166 31 107 270
1337 166 31 107 270
1338 166 31 107 225
1339 166 31 107 225
1340 166 31 107 225
1341 166 31 107 225
1342 166 31 107 225
1343 166 31 107 225
1344 166 31 107 225
1345 166 31 107 180
1346 166 31 107 180
1347 166 31 107 180
1348 166 31 107 180
1349 166 31 107 180
1350 166 31 107 180
1351 166 31 107 180
1352 166 31 107 180
1353 166 31 107 180
1354 166 31 107 180
1355 166 31 107 180
1356 166 31 107 180
1357 166 31 107 180
1358 166 31 107 180
1359 166 31 107 135
1360 166 31 107 135
1361 166 31 107 135
1362 166 31 107 135
1363 166 31 107 135
1364 166 31 107 135
1365 166 31 107 135
1366 166 31 107 135
1367 166 31 107 90
1368 166 31 107 90
1369 166 31 107 90
1370 166 31 107 90
1371 166 31 107 90
1372 166 31 107 90
1373 166 31 107 90
1374 166 31 107 90
1375 166 31 107 90
1376 166 31 107 90
1377 166 31 107 90
1378 166 31 107 90
1379 166 31 107 90
1380 166 31 107 90
1381 166 31 107 90
1382 166 31 107 90
1383 166 31 107 90
1384 166 31 107 90
1385 166 31 107 90
1386 166 31 107 135
1387 166 31 107 135
1388 166 31 107 135
1389 166 31 107 135
1390 166 31 107 135
1391 166 31 107 135
1392 166 31 107 135
1393 166 31 107 135
1394 166 31 107 135
1395 166 31 107 135
1396 166 31 107 135
1397 166 31 107 135
1398 166 31 107 135
1399 166 31 107 135
1400 166 31 107 135
1401 166 31 107 135
1402 166 31 107 135
1403 166 31 107 135
1404 166 31 107 135
1405 166 31 107 135
1406 166 31 107 135
1407 166 31 107 135
1408 166 31 107 135
1409 166 31 107 135
1410 166 31 107 135
1411 166 31 107 135
1412 166 31 107 135
1413 166 31 107 135
1414 166 31 107 135
1415 166 31 107 135
1416 166 31 107 135
1417 166 31 107 135
1418 166 31 107 135
1419 166 31 107 135
1420 166 31 107 135
1421 166 31 107 135
1422 166 31 107 135
1423 166 31 107 135
1424 166 31 107 180
1425 166 31 107 180
1426 166 31 107 180
1427 166 31 107 180
1428 166 31 107 180
1429 166 31 107 180
1430 166 31 107 180
1431 166 31 107 180
1432 166 31 107 180
1433 166 31 107 180
1434 166 31 107 180
1435 166 31 107 180
1436 166 31 107 180
1437 166 31 107 180
1438 166 31 107 135
1439 166 31 107 135
1440 166 31 107 135
1441 166 31 107 135
1442 166 31 107 135
1443 166 31 107 135
1444 166 31 107 135
1445 166 31 107 135
1446 166 31 107 135
1447 166 31 107 135
1448 166 31 107 135
1449 166 31 107 135
1450 166 31 107 135
1451 166 31 107 135
1452 166 31 107 135
1453 166 31 107 135
1454 166 31 107 135
1455 166 31 107 135
1456 166 31 107 135
1457 166 31 107 135
1458 167 29 107 135
1459 167 29 107 135
1460 167 29 107 135
1461 167 29 107 135
1462 167 29 107 135
1463 167 29 107 135
1464 167 29 107 135
1465 167 29 107 135
1466 167 29 107 135
1467 167 29 107 135
1468 167 29 107 135
1469 167 29 107 135
1470 167 29 107 135
1471 167 29 107 135
1472 167 29 107 135
1473 167 29 107 135
1474 167 29 107 135
1475 167 29 107 135
1476 167 29 107 135
1477 167 29 107 135
1478 167 29 107 135
1479 167 29 107 135
1480 167 29 107 135
1481 167 29 107 135
1482 167 29 107 135
1483 167 29 107 135
1484 167 29 107 135
1485 167 29 107 135
1486 167 29 107 135
1487 167 29 107 135
1488 167 29 107 135
1489 167 29 107 135
1490 167 29 107 135
1491 167 29 107 135
1492 167 29 107 135
1493 167 29 107 135
1494 167 29 107 135
1495 167 29 107 135
1496 167 29 107 180
1497 167 29 107 180
1498 167 29 107 180
1499 167 29 107 180
1500 167 29 107 180
1501 167 29 107 225
1502 167 29 107 225
1503 167 29 107 225
1504 167 29 107 225
1505 167 29 107 225
1506 167 29 107 270
1507 167 29 107 270
1508 167 29 107 270
1509 167 29 107 270
1510 167 29 107 270
1511 167 29 107 270
1512 167 29 107 270
1513 167 29 107 270
1514 167 29 107 270
1515 167 29 107 270
1516 167 29 107 270
1517 167 29 107 270
1518 167 29 107 270
1519 167 29 107 270
1520 167 29 107 270
1521 167 29 107 270
1522 167 29 107 225
1523 167 29 107 225
1524 167 29 107 225
1525 167 29 107 225
1526 167 29 107 225
1527 167 29 107 225
1528 167 29 107 225
1529 167 29 107 225
1530 167 29 107 225
1531 167 29 107 225
1532 167 29 107 225
1533 167 29 107 225
1534 167 29 107 225
1535 167 29 107 225
1536 167 29 107 225
1537 167 29 107 225
1538 167 29 107 225
1539 167 29 107 180
1540 167 29 107 180
1541 167 29 107 180
1542 167 29 107 180
1543 167 29 107 180
1544 167 29 107 180
1545 167 29 107 180
1546 167 29 107 180
1547 167 29 107 180
1548 167 29 107 180
1549 167 29 107 180
1550 167 29 107 180
1551 167 29 107 180
1552 167 29 107 180
1553 167 29 107 180
1554 167 29 107 180
1555 167 29 107 180
1556 167 29 107 180
1557 167 29 107 180
1558 167 29 107 180
1559 167 29 107 180
1560 167 29 107 180
1561 167 29 107 180
1562 167 29 107 180
1563 167 29 107 180
1564 167 29 107 180
1565 167 29 107 180
1566 167 29 107 180
1567 167 29 107 180
1568 167 29 107 180
1569 167 29 107 180
1570 167 29 107 180
1571 167 29 107 180
1572 167 29 107 180
1573 167 29 107 180
1574 167 29 107 180
1575 167 29 107 180
1576 167 29 107 180
1577 167 29 107 180
1578 167 29 107 180
1579 167 29 107 225
1580 167 29 107 225
1581 167 29 107 225
1582 167 29 107 225
1583 167 29 107 225
1584 167 29 107 225
1585 167 29 107 225
1586 167 29 107 225
1587 167 29 107 225
1588 167 29 107 225
1589 167 29 107 225
1590 167 29 107 225
1591 167 29 107 225
1592 167 29 107 225
1593 167 29 107 225
1594 167 29 107 225
1595 167 29 107 225
1596 167 29 107 225
1597 167 29 107 225
1598 167 29 107 225
1599 167 29 107 225
1600 167 29 107 225
1601 167 29 107 225
1602 167 29 107 225
1603 167 29 107 225
1604 167 29 107 225
1605 167 29 107 225
1606 167 29 107 180
1607 167 29 107 180
1608 167 29 107 180
1609 167 29 107 180
1610 167 29 107 135
1611 167 29 107 135
1612 167 29 107 135
1613 167 29 107 135
1614 167 29 107 135
1615 167 29 107 135
1616 167 29 107 135
1617 167 29 107 135
1618 167 29 107 135
1619 167 29 107 135
1620 167 29 107 135
1621 167 29 107 135
1622 167 29 107 135
1623 167 29 107 135
1624 167 29 107 90
1625 167 29 107 90
1626 167 29 107 90
1627 167 29 107 90
1628 167 29 107 90
1629 167 29 107 90
1630 167 29 107 90
1631 167 29 107 90
1632 167 29 107 90
1633 167 29 107 90
1634 167 29 107 90
1635 167 29 107 90
1636 167 29 107 90
1637 167 29 107 90
1638 167 29 107 90
1639 167 29 107 90
1640 167 29 107 90
1641 167 29 107 90
1642 167 29 107 90
1643 167 29 107 90
1644 167 29 107 90
1645 167 29 107 45
1646 167 29 107 45
1647 167 29 107 45
1648 167 29 107 45
1649 167 29 107 45
1650 167 29 107 45
1651 167 29 107 45
1652 167 29 107 45
1653 167 29 107 45
1654 167 29 107 45
1655 167 29 107 45
1656 167 29 107 45
1657 167 29 107 45
1658 167 29 107 45
1659 167 29 107 45
1660 167 29 107 45
1661 167 29 107 45
1662 167 29 107 0
1663 167 29 107 0
1664 167 29 107 0
1665 167 29 107 0
1666 167 29 107 0
1667 167 29 107 0
1668 167 29 107 0
1669 167 29 107 0
1670 167 29 107 0
1671 167 29 107 0
1672 167 29 107 0
1673 167 29 107 0
1674 167 29 107 315
1675 167 29 107 315
1676 167 29 107 315
1677 167 29 107 315
1678 167 29 107 315
1679 167 29 107 315
1680 167 29 107 315
1681 167 29 107 315
1682 167 29 107 315
1683 167 29 107 315
1684 167 29 107 315
1685 167 29 107 315
1686 167 29 107 315
1687 167 29 107 315
1688 167 29 107 315
1689 167 29 107 315
1690 167 29 107 270
1691 167 29 107 270
1692 167 29 107 270
1693 167 29 107 270
1694 167 29 107 270
1695 167 29 107 225
1696 167 29 107 225
1697 167 29 107 225
1698 167 29 107 225
1699 167 29 107 225
1700 167 29 107 180
1701 167 29 107 180
1702 167 29 107 180
1703 167 29 107 180
1704 167 29 107 180
1705 167 29 107 180
1706 167 29 107 180
1707 167 29 107 180
1708 167 29 107 180
1709 167 29 107 180
1710 167 29 107 180
1711 167 29 107 180
1712 167 29 107 180
1713 167 29 107 180
1714 167 29 107 180
1715 167 29 107 180
1716 167 29 107 180
1717 167 29 107 180
1718 167 29 107 180
1719 167 29 107 180
1720 167 29 107 180
1721 167 29 107 180
1722 167 29 107 180
1723 167 29 107 180
1724 167 29 107 180
1725 167 29 107 180
1726 167 29 107 180
1727 167 29 107 180
1728 167 29 107 180
1729 167 29 107 180
1730 167 29 107 180
1731 167 29 107 180
1732 167 29 107 180
1733 167 29 107 180
1734 167 29 107 180
1735 167 29 107 180
1736 167 29 107 180
1737 167 29 107 180
1738 167 29 107 180
1739 167 29 107 180
1740 167 29 107 180
1741 167 29 107 180
1742 167 29 107 180
1743 167 29 107 180
1744 167 29 107 180
1745 167 29 107 180
1746 167 29 107 180
1747 167 29 107 180
1748 167 29 107 180
1749 167 29 107 180
1750 167 29 107 180
1751 167 29 107 180
1752 167 29 107 180
1753 167 29 107 180
1754 167 29 107 180
1755 167 29 107 180
1756 167 29 107 180
1757 167 29 107 180
1758 167 29 107 180
1759 167 29 107 180
1760 167 29 107 180
1761 167 29 107 180
1762 167 29 107 180
1763 168 27 107 180
1764 168 27 107 180
1765 168 27 107 180
1766 168 27 107 180
1767 168 27 107 180
1768 168 27 107 180
1769 168 27 107 180
1770 168 27 107 180
1771 168 27 107 180
1772 168 27 107 180
1773 168 27 107 180
1774 168 27 107 180
1775 168 27 107 180
1776 168 27 107 180
1777 168 27 107 180
1778 168 27 107 180
1779 168 27 107 180
1780 168 27 107 180
1781 168 27 107 180
1782 168 27 107 180
1783 168 27 107 180
1784 168 27 107 180
1785 168 27 107 180
1786 168 27 107 180
1787 168 27 107 180
1788 168 27 107 180
1789 168 27 107 180
1790 168 27 107 180
1791 168 27 107 180
1792 168 27 107 180
1793 168 27 107 180
1794 168 27 107 180
1795 168 27 107 180
1796 168 27 107 180
1797 168 27 107 180
1798 168 27 107 180
1799 168 27 107 180
1800 168 27 107 225
1801 168 27 107 225
1802 168 27 107 225
1803 168 27 107 225
1804 168 27 107 225
1805 168 27 107 225
1806 168 27 107 225
1807 168 27 107 225
1808 168 27 107 225
1809 168 27 107 225
1810 168 27 107 225
1811 168 27 107 225
1812 168 27 107 225
1813 168 27 107 225
1814 168 27 107 225
1815 168 27 107 225
1816 168 27 107 225
1817 168 27 107 225
1818 168 27 107 225
1819 168 27 107 225
1820 168 27 107 225
1821 168 27 107 225
1822 168 27 107 225
1823 168 27 107 225
1824 168 27 107 225
1825 168 27 107 225
1826 168 27 107 225
1827 168 27 107 225
1828 168 27 107 225
1829 168 27 107 225
1830 168 27 107 225
1831 168 27 107 225
1832 168 27 107 225
1833 168 27 107 225
1834 168 27 107 225
1835 168 27 107 225
1836 168 27 107 225
1837 168 27 107 225
1838 168 27 107 225
1839 168 27 107 225
1840 168 27 107 225
1841 168 27 107 225
1842 168 27 107 180
1843 168 27 107 180
1844 168 27 107 180
1845 168 27 107 180
1846 168 27 107 180
1847 168 27 107 180
1848 168 27 107 180
1849 168 27 107 180
1850 168 27 107 180
1851 168 27 107 180
1852 168 27 107 180
1853 168 27 107 180
1854 168 27 107 180
1855 168 27 107 180
1856 168 27 107 180
1857 168 27 107 180
1858 168 27 107 180
1859 168 27 107 180
1860 168 27 107 180
1861 168 27 107 180
1862 168 27 107 225
1863 168 27 107 225
1864 168 27 107 225
1865 168 27 107 225
1866 168 27 107 225
1867 168 27 107 225
1868 168 27 107 225
1869 168 27 107 225
1870 168 27 107 225
1871 168 27 107 225
1872 168 27 107 225
1873 168 27 107 225
1874 168 27 107 270
1875 168 27 107 270
1876 168 27 107 270
1877 168 27 107 315
1878 168 27 107 315
1879 168 27 107 315
1880 168 27 107 315
1881 168 27 107 315
1882 168 27 107 315
1883 168 27 107 315
1884 168 27 107 315
1885 168 27 107 315
1886 168 27 107 315
1887 168 27 107 315
1888 168 27 107 315
1889 168 27 107 0
1890 168 27 107 0
1891 168 27 107 0
1892 168 27 107 0
1893 168 27 107 0
1894 168 27 107 0
1895 168 27 107 0
1896 168 27 107 0
1897 168 27 107 0
1898 168 27 107 0
1899 168 27 107 0
1900 168 27 107 0
1901 168 27 107 45
1902 168 27 107 45
1903 168 27 107 45
1904 168 27 107 45
1905 168 27 107 45
1906 168 27 107 45
1907 168 27 107 45
1908 168 27 107 45
1909 168 27 107 45
1910 168 27 107 90
1911 168 27 107 90
1912 168 27 107 90
1913 168 27 107 90
1914 168 27 107 90
1915 168 27 107 90
1916 168 27 107 90
1917 168 27 107 90
1918 168 27 107 90
1919 168 27 107 90
1920 168 27 107 90
1921 168 27 107 90
1922 168 27 107 90
1923 168 27 107 90
1924 168 27 107 90
1925 168 27 107 90
1926 168 27 107 90
1927 168 27 107 90
1928 168 27 107 90
1929 168 27 107 90
1930 168 27 107 90
1931 168 27 107 90
1932 168 27 107 90
1933 168 27 107 90
1934 168 27 107 90
1935 168 27 107 90
1936 168 27 107 90
1937 168 27 107 90
1938 168 27 107 90
1939 168 27 107 90
1940 168 27 107 90
1941 168 27 107 90
1942 168 27 107 135
1943 168 27 107 135
1944 168 27 107 135
1945 168 27 107 135
1946 168 27 107 135
1947 168 27 107 135
1948 168 27 107 135
1949 168 27 107 135
1950 168 27 107 135
1951 168 27 107 135
1952 168 27 107 135
1953 168 27 107 135
1954 168 27 107 135
1955 168 27 107 135
1956 168 27 107 135
1957 168 27 107 135
1958 168 27 107 135
1959 168 27 107 135
1960 168 27 107 135
1961 168 27 107 135
1962 168 27 107 135
1963 168 27 107 135
1964 168 27 107 135
1965 168 27 107 135
1966 168 27 107 135
1967 168 27 107 135
1968 168 27 107 180
1969 168 27 107 180
1970 168 27 107 180
1971 168 27 107 180
1972 168 27 107 180
1973 168 27 107 180
1974 168 27 107 180
1975 168 27 107 180
1976 168 27 107 180
1977 168 27 107 180
1978 168 27 107 180
1979 168 27 107 180
1980 168 27 107 180
1981 168 27 107 180
1982 168 27 107 180
1983 168 27 107 180
1984 168 27 107 180
1985 168 27 107 180
1986 168 27 107 180
1987 168 27 107 180
1988 168 27 107 180
1989 168 27 107 180
1990 168 27 107 180
1991 168 27 107 180
1992 168 27 107 180
1993 168 27 107 180
1994 168 27 107 180
1995 168 27 107 180
1996 168 27 107 180
1997 168 27 107 180
1998 168 27 107 180
1999 168 27 107 180
2000 168 27 107 180
2001 168 27 107 180
2002 168 27 107 180
2003 168 27 107 180
2004 168 27 107 180
2005 168 27 107 180
2006 168 27 107 180
2007 168 27 107 180
2008 168 27 107 180
2009 168 27 107 180
2010 168 27 107 180
2011 168 27 107 180
2012 168 27 107 180
2013 168 27 107 180
2014 168 27 107 180
2015 168 27 107 180
2016 168 27 107 180
2017 168 27 107 180
2018 168 27 107 180
2019 168 27 107 180
2020 169 25 107 180
2021 169 25 107 180
2022 169 25 107 180
2023 169 25 107 180
2024 169 25 107 180
2025 169 25 107 180
2026 169 25 107 180
2027 169 25 107 225
2028 169 25 107 225
2029 169 25 107 225
2030 169 25 107 225
2031 169 25 107 225
2032 169 25 107 225
2033 169 25 107 225
2034 169 25 107 225
2035 169 25 107 225
2036 169 25 107 225
2037 169 25 107 225
2038 169 25 107 225
2039 169 25 107 225
2040 169 25 107 225
2041 169 25 107 225
2042 169 25 107 225
2043 169 25 107 225
2044 169 25 107 225
2045 169 25 107 225
2046 169 25 107 225
2047 169 25 107 225
2048 169 25 107 225
2049 169 25 107 225
2050 169 25 107 225
2051 169 25 107 225
2052 169 25 107 225
2053 169 25 107 225
2054 169 25 107 225
2055 169 25 107 225
2056 169 25 107 225
2057 169 25 107 225
2058 169 25 107 225
2059 169 25 107 225
2060 169 25 107 225
2061 169 25 107 225
2062 169 25 107 225
2063 169 25 107 225
2064 169 25 107 270
2065 169 25 107 270
2066 169 25 107 270
2067 169 25 107 270
2068 169 25 107 270
2069 169 25 107 270
2070 169 25 107 270
2071 169 25 107 270
2072 169 25 107 270
2073 169 25 107 270
2074 169 25 107 270
2075 169 25 107 270
2076 169 25 107 270
2077 169 25 107 270
2078 169 25 107 270
2079 169 25 107 270
2080 169 25 107 270
2081 169 25 107 270
2082 169 25 107 270
2083 169 25 107 270
2084 169 25 107 270
2085 169 25 107 270
2086 169 25 107 270
2087 169 25 107 270
2088 169 25 107 270
2089 169 25 107 270
2090 169 25 107 270
2091 169 25 107 270
2092 169 25 107 270
2093 169 25 107 270
2094 169 25 107 270
2095 169 25 107 270
2096 169 25 107 270
2097 169 25 107 270
2098 169 25 107 270
2099 169 25 107 270
2100 169 25 107 270
2101 169 25 107 270
2102 169 25 107 270
2103 169 25 107 270
2104 169 25 107 270
2105 169 25 107 270
2106 169 25 107 270
2107 169 25 107 270
2108 169 25 107 270
2109 169 25 107 270
2110 169 25 107 270
2111 169 25 107 270
2112 169 25 107 270
2113 169 25 107 270
2114 169 25 107 270
2115 169 25 107 270
2116 169 25 107 270
2117 169 25 107 270
2118 169 25 107 270
2119 169 25 107 270
2120 169 25 107 270
2121 169 25 107 270
2122 169 25 107 270
2123 169 25 107 270
2124 169 25 107 225
2125 169 25 107 225
2126 169 25 107 225
2127 169 25 107 225
2128 169 25 107 225
2129 169 25 107 225
2130 169 25 107 225
2131 169 25 107 225
2132 169 25 107 225
2133 169 25 107 225
2134 169 25 107 225
2135 169 25 107 225
2136 169 25 107 225
2137 169 25 107 225
2138 169 25 107 180
2139 169 25 107 180
2140 169 25 107 180
2141 169 25 107 180
2142 169 25 107 180
2143 169 25 107 180
2144 169 25 107 180
2145 169 25 107 180
2146 169 25 107 180
2147 169 25 107 180
2148 169 25 107 180
2149 169 25 107 180
2150 169 25 107 180
2151 169 25 107 180
2152 169 25 107 180
2153 169 25 107 180
2154 169 25 107 180
2155 169 25 107 180
2156 169 25 107 180
2157 169 25 107 180
2158 169 25 107 180
2159 169 25 107 180
2160 169 25 107 180
2161 169 25 107 180
2162 169 25 107 180
2163 169 25 107 180
2164 169 25 107 180
2165 169 25 107 180
2166 169 25 107 180
2167 169 25 107 180
2168 169 25 107 180
2169 169 25 107 180
2170 169 25 107 180
2171 169 25 107 180
2172 169 25 107 180
2173 169 25 107 180
2174 169 25 107 180
2175 169 25 107 180
2176 169 25 107 180
2177 169 25 107 180
2178 169 25 107 180
2179 169 25 107 180
2180 169 25 107 180
2181 169 25 107 180
2182 169 25 107 180
2183 169 25 107 180
2184 169 25 107 180
2185 169 25 107 180
2186 169 25 107 225
2187 169 25 107 225
2188 169 25 107 225
2189 169 25 107 225
2190 169 25 107 225
2191 169 25 107 225
2192 169 25 107 225
2193 169 25 107 270
2194 169 25 107 270
2195 169 25 107 270
2196 169 25 107 270
2197 169 25 107 270
2198 169 25 107 315
2199 169 25 107 315
2200 169 25 107 315
2201 169 25 107 315
2202 169 25 107 315
2203 169 25 107 0
2204 169 25 107 0
2205 169 25 107 0
2206 169 25 107 0
2207 169 25 107 0
2208 169 25 107 0
2209 169 25 107 0
2210 169 25 107 0
2211 169 25 107 0
2212 169 25 107 0
2213 169 25 107 0
2214 169 25 107 0
2215 169 25 107 0
2216 169 25 107 0
2217 169 25 107 0
2218 169 25 107 0
2219 169 25 107 45
2220 169 25 107 45
2221 169 25 107 45
2222 169 25 107 45
2223 169 25 107 45
2224 169 25 107 45
2225 169 25 107 45
2226 169 25 107 45
2227 169 25 107 45
2228 169 25 107 45
2229 169 25 107 45
2230 169 25 107 45
2231 169 25 107 90
2232 169 25 107 90
2233 169 25 107 90
2234 169 25 107 90
2235 169 25 107 90
2236 169 25 107 90
2237 169 25 107 90
2238 169 25 107 90
2239 169 25 107 90
2240 169 25 107 90
2241 169 25 107 135
2242 169 25 107 135
2243 169 25 107 135
2244 169 25 107 135
2245 169 25 107 180
2246 169 25 107 180
2247 169 25 107 180
2248 169 25 107 225
2249 169 25 107 225
2250 169 25 107 225
2251 169 25 107 225
2252 169 25 107 225
2253 169 25 107 225
2254 169 25 107 225
2255 169 25 107 225
2256 169 25 107 225
2257 169 25 107 225
2258 169 25 107 225
2259 169 25 107 225
2260 169 25 107 225
2261 169 25 107 225
2262 169 25 107 225
2263 169 25 107 225
2264 169 25 107 225
2265 169 25 107 225
2266 169 25 107 225
2267 169 25 107 225
2268 169 25 107 225
2269 169 25 107 225
2270 169 25 107 225
2271 169 25 107 225
2272 169 25 107 225
2273 169 25 107 225
2274 169 25 107 225
2275 169 25 107 225
2276 169 25 107 225
2277 169 25 107 225
2278 169 25 107 225
2279 169 25 107 225
2280 169 25 107 225
2281 169 25 107 225
2282 169 25 107 225
2283 169 25 107 225
2284 169 25 107 180
2285 169 25 107 180
2286 169 25 107 180
2287 169 25 107 180
2288 169 25 107 180
2289 169 25 107 180
2290 169 25 107 180
2291 169 25 107 180
2292 169 25 107 180
2293 169 25 107 180
2294 169 25 107 180
2295 169 25 107 180
2296 169 25 107 180
2297 169 25 107 180
2298 169 25 107 180
2299 169 25 107 180
2300 169 25 107 180
2301 169 25 107 180
2302 169 25 107 180
2303 169 25 107 180
2304 169 25 107 180
2305 169 25 107 180
2306 169 25 107 180
2307 169 25 107 180
2308 169 25 107 180
2309 169 25 107 180
2310 169 25 107 180
2311 169 25 107 180
2312 169 25 107 180
2313 169 25 107 180
2314 169 25 107 180
2315 169 25 107 180
2316 169 25 107 180
2317 169 25 107 180
2318 169 25 107 180
2319 169 25 107 180
2320 170 23 107 180
2321 170 23 107 180
2322 170 23 107 180
2323 170 23 107 180
2324 170 23 107 180
2325 170 23 107 180
2326 170 23 107 225
2327 170 23 107 225
2328 170 23 107 225
2329 170 23 107 225
2330 170 23 107 225
2331 170 23 107 225
2332 170 23 107 225
2333 170 23 107 225
2334 170 23 107 225
2335 170 23 107 225
2336 170 23 107 225
2337 170 23 107 225
2338 170 23 107 225
2339 170 23 107 225
2340 170 23 107 225
2341 170 23 107 225
2342 170 23 107 225
2343 170 23 107 225
2344 170 23 107 225
2345 170 23 107 225
2346 170 23 107 225
2347 170 23 107 225
2348 170 23 107 225
2349 170 23 107 225
2350 170 23 107 225
2351 170 23 107 225
2352 170 23 107 225
2353 170 23 107 225
2354 170 23 107 225
2355 170 23 107 225
2356 170 23 107 225
2357 170 23 107 225
2358 170 23 107 225
2359 170 23 107 225
2360 170 23 107 225
2361 170 23 107 225
2362 170 23 107 225
2363 170 23 107 225
2364 170 23 107 225
2365 170 23 107 225
2366 170 23 107 225
2367 170 23 107 225
2368 170 23 107 225
2369 170 23 107 225
2370 170 23 107 225
2371 170 23 107 225
2372 170 23 107 225
2373 170 23 107 225
2374 170 23 107 225
2375 170 23 107 225
2376 170 23 107 225
2377 170 23 107 225
2378 170 23 107 270
2379 170 23 107 270
2380 170 23 107 270
2381 170 23 107 270
2382 170 23 107 315
2383 170 23 107 315
2384 170 23 107 315
2385 170 23 107 315
2386 170 23 107 315
2387 170 23 107 315
2388 170 23 107 0
2389 170 23 107 0
2390 170 23 107 0
2391 170 23 107 0
2392 170 23 107 0
2393 170 23 107 0
2394 170 23 107 0
2395 170 23 107 0
2396 170 23 107 0
2397 170 23 107 0
2398 170 23 107 0
2399 170 23 107 0
2400 170 23 107 0
2401 170 23 107 0
2402 170 23 107 0
2403 170 23 107 0
2404 170 23 107 0
2405 170 23 107 0
2406 170 23 107 0
2407 170 23 107 0
2408 170 23 107 0
2409 170 23 107 0
2410 170 23 107 0
2411 170 23 107 0
2412 170 23 107 0
2413 170 23 107 0
2414 170 23 107 45
2415 170 23 107 45
2416 170 23 107 45
2417 170 23 107 45
2418 170 23 107 45
2419 170 23 107 45
2420 170 23 107 45
2421 170 23 107 45
2422 170 23 107 45
2423 170 23 107 45
2424 170 23 107 45
2425 170 23 107 45
2426 170 23 107 90
2427 170 23 107 90
2428 170 23 107 45
2429 170 23 107 45
2430 170 23 107 45
2431 170 23 107 45
2432 170 23 107 90
2433 170 23 107 90
2434 170 23 107 90
2435 170 23 107 90
2436 170 23 107 90
2437 170 23 107 90
2438 170 23 107 90
2439 170 23 107 90
2440 170 23 107 90
2441 170 23 107 90
2442 170 23 107 90
2443 170 23 107 90
2444 170 23 107 90
2445 170 23 107 90
2446 170 23 107 90
2447 170 23 107 90
2448 170 23 107 90
2449 170 23 107 90
2450 170 23 107 90
2451 170 23 107 90
2452 170 23 107 90
2453 170 23 107 90
2454 170 23 107 90
2455 170 23 107 90
2456 170 23 107 135
2457 170 23 107 135
2458 170 23 107 135
2459 170 23 107 135
2460 170 23 107 180
2461 170 23 107 180
2462 170 23 107 180
2463 170 23 107 180
2464 170 23 107 180
2465 170 23 107 180
2466 170 23 107 180
2467 170 23 107 180
2468 170 23 107 180
2469 170 23 107 180
2470 170 23 107 180
2471 170 23 107 180
2472 170 23 107 180
2473 170 23 107 180
2474 170 23 107 180
2475 170 23 107 180
2476 170 23 107 180
2477 170 23 107 180
2478 170 23 107 180
2479 170 23 107 180
2480 170 23 107 180
2481 170 23 107 180
2482 170 23 107 180
2483 170 23 107 180
2484 170 23 107 180
2485 170 23 107 225
2486 170 23 107 225
2487 170 23 107 225
2488 170 23 107 225
2489 170 23 107 225
2490 170 23 107 225
2491 170 23 107 225
2492 170 23 107 225
2493 170 23 107 225
2494 170 23 107 225
2495 170 23 107 225
2496 170 23 107 225
2497 170 23 107 225
2498 170 23 107 225
2499 170 23 107 225
2500 170 23 107 225
2501 170 23 107 225
2502 170 23 107 225
2503 170 23 107 225
2504 170 23 107 225
2505 170 23 107 225
2506 170 23 107 225
2507 170 23 107 225
2508 170 23 107 225
2509 170 23 107 180
2510 170 23 107 180
2511 170 23 107 180
2512 170 23 107 180
2513 170 23 107 180
2514 170 23 107 180
2515 170 23 107 180
2516 170 23 107 180
2517 170 23 107 180
2518 170 23 107 180
2519 170 23 107 180
2520 170 23 107 180
2521 170 23 107 180
2522 171 21 107 180
2523 171 21 107 180
2524 171 21 107 180
2525 171 21 107 180
2526 171 21 107 180
2527 171 21 107 180
2528 171 21 107 180
2529 171 21 107 180
2530 171 21 107 225
2531 171 21 107 225
2532 171 21 107 270
2533 171 21 107 270
2534 171 21 107 270
2535 171 21 107 270
2536 171 21 107 270
2537 171 21 107 270
2538 171 21 107 270
2539 171 21 107 270
2540 171 21 107 270
2541 171 21 107 270
2542 171 21 107 315
2543 171 21 107 315
2544 171 21 107 315
2545 171 21 107 0
2546 171 21 107 0
2547 171 21 107 45
2548 171 21 107 45
2549 171 21 107 90
2550 171 21 107 90
2551 171 21 107 90
2552 171 21 107 90
2553 171 21 107 90
2554 171 21 107 90
2555 171 21 107 90
2556 171 21 107 90
2557 171 21 107 90
2558 171 21 107 90
2559 171 21 107 90
2560 171 21 107 90
2561 171 21 107 90
2562 171 21 107 90
2563 171 21 107 135
2564 171 21 107 135
2565 171 21 107 135
2566 171 21 107 135
2567 171 21 107 180
2568 171 21 107 180
2569 171 21 107 225
2570 171 21 107 225
2571 171 21 107 225
2572 171 21 107 225
2573 171 21 107 225
2574 171 21 107 225
2575 171 21 107 225
2576 171 21 107 225
2577 171 21 107 225
2578 171 21 107 225
2579 171 21 107 270
2580 171 21 107 270
2581 171 21 107 270
2582 171 21 107 270
2583 171 21 107 270
2584 171 21 107 270
2585 171 21 107 270
2586 171 21 107 315
2587 171 21 107 315
2588 171 21 107 315
2589 171 21 107 315
2590 171 21 107 315
2591 171 21 107 315
2592 171 21 107 315
2593 171 21 107 315
2594 171 21 107 315
2595 171 21 107 0
2596 171 21 107 0
2597 171 21 107 0
2598 171 21 107 45
2599 171 21 107 45
2600 171 21 107 45
2601 171 21 107 45
2602 171 21 107 45
2603 171 21 107 45
2604 171 21 107 45
2605 171 21 107 45
2606 171 21 107 45
2607 171 21 107 45
2608 171 21 107 45
2609 171 21 107 45
2610 171 21 107 45
2611 171 21 107 45
2612 171 21 107 90
2613 171 21 107 90
2614 171 21 107 90
2615 171 21 107 90
2616 171 21 107 135
2617 171 21 107 135
2618 171 21 107 180
2619 171 21 107 180
2620 171 21 107 225
2621 171 21 107 270
2622 171 21 107 270
2623 171 21 107 270
2624 171 21 107 270
2625 171 21 107 270
2626 171 21 107 270
2627 171 21 107 225
2628 171 21 107 225
2629 171 21 107 180
2630 171 21 107 135
2631 171 21 107 135
2632 171 21 107 135
2633 171 21 107 135
2634 171 21 107 135
2635 171 21 107 135
2636 171 21 107 135
2637 171 21 107 135
2638 171 21 107 180
2639 171 21 107 180
2640 171 21 107 180
2641 171 21 107 180
2642 171 21 107 180
2643 171 21 107 180
2644 171 21 107 180
2645 171 21 107 180
2646 171 21 107 180
2647 171 21 107 180
2648 171 21 107 180
2649 171 21 107 180
2650 171 21 107 180
2651 171 21 107 180
2652 171 21 107 180
2653 171 21 107 180
2654 171 21 107 180
2655 171 21 107 180
2656 171 21 107 180
2657 171 21 107 180
2658 171 21 107 180
2659 171 21 107 180
2660 171 21 107 180
2661 171 21 107 180
2662 171 21 107 180
2663 171 21 107 180
2664 171 21 107 180
2665 171 21 107 180
2666 171 21 107 180
2667 171 21 107 180
2668 171 21 107 180
2669 171 21 107 180
2670 171 21 107 180
2671 171 21 107 180
2672 171 21 107 180
2673 171 21 107 180
2674 171 21 107 180
2675 171 21 107 180
2676 171 21 107 180
2677 171 21 107 180
2678 171 21 107 180
2679 171 21 107 180
2680 171 21 107 180
2681 171 21 107 180
2682 171 21 107 180
2683 171 21 107 180
2684 171 21 107 180
2685 171 21 107 180
2686 171 21 107 180
2687 171 21 107 180
2688 171 21 107 180
2689 171 21 107 180
2690 171 21 107 180
2691 171 21 107 180
2692 171 21 107 180
2693 171 21 107 180
2694 171 21 107 180
2695 171 21 107 180
2696 171 21 107 180
2697 171 21 107 180
2698 171 21 107 180
2699 171 21 107 180
2700 171 21 107 180
2701 171 21 107 180
2702 172 19 107 180
2703 172 19 107 180
2704 172 19 107 180
2705 172 19 107 180
2706 172 19 107 180
2707 172 19 107 180
2708 172 19 107 180
2709 172 19 107 180
2710 172 19 107 180
2711 172 19 107 180
2712 172 19 107 180
2713 172 19 107 180
2714 172 19 107 180
2715 172 19 107 180
2716 172 19 107 180
2717 172 19 107 180
2718 172 19 107 180
2719 172 19 107 180
2720 172 19 107 180
2721 172 19 107 180
2722 172 19 107 180
2723 172 19 107 180
2724 172 19 107 180
2725 172 19 107 180
2726 172 19 107 180
2727 172 19 107 180
2728 172 19 107 180
2729 172 19 107 180
2730 172 19 107 180
2731 172 19 107 180
2732 172 19 107 180
2733 172 19 107 180
2734 172 19 107 180
2735 172 19 107 180
2736 172 19 107 180
2737 172 19 107 180
2738 172 19 107 180
2739 172 19 107 180
2740 172 19 107 180
2741 172 19 107 180
2742 172 19 107 180
2743 172 19 107 180
2744 172 19 107 180
2745 172 19 107 180
2746 172 19 107 180
2747 172 19 107 180
2748 172 19 107 180
2749 172 19 107 180
2750 172 19 107 180
2751 172 19 107 180
2752 172 19 107 180
2753 172 19 107 180
2754 172 19 107 180
2755 172 19 107 225
2756 172 19 107 225
2757 172 19 107 225
2758 172 19 107 225
2759 172 19 107 225
2760 172 19 107 225
2761 172 19 107 225
2762 172 19 107 225
2763 172 19 107 225
2764 172 19 107 225
2765 172 19 107 225
2766 172 19 107 225
2767 172 19 107 225
2768 172 19 107 225
2769 172 19 107 225
2770 172 19 107 225
2771 172 19 107 225
2772 172 19 107 225
2773 172 19 107 270
2774 172 19 107 270
2775 172 19 107 270
2776 172 19 107 270
2777 172 19 107 270
2778 172 19 107 270
2779 172 19 107 270
2780 172 19 107 270
2781 172 19 107 270
2782 172 19 107 270
2783 172 19 107 270
2784 172 19 107 270
2785 172 19 107 270
2786 172 19 107 270
2787 172 19 107 270
2788 172 19 107 270
2789 172 19 107 270
2790 172 19 107 270
2791 172 19 107 315
2792 172 19 107 315
2793 172 19 107 315
2794 172 19 107 315
2795 172 19 107 315
2796 172 19 107 315
2797 172 19 107 315
2798 172 19 107 315
2799 172 19 107 315
2800 172 19 107 315
2801 172 19 107 315
2802 172 19 107 315
2803 172 19 107 0
2804 172 19 107 0
2805 172 19 107 0
2806 172 19 107 0
2807 172 19 107 0
2808 172 19 107 0
2809 172 19 107 0
2810 172 19 107 0
2811 172 19 107 0
2812 172 19 107 0
2813 172 19 107 0
2814 172 19 107 0
2815 172 19 107 0
2816 172 19 107 0
2817 172 19 107 0
2818 172 19 107 0
2819 172 19 107 0
2820 172 19 107 45
2821 172 19 107 45
2822 172 19 107 45
2823 172 19 107 45
2824 172 19 107 45
2825 172 19 107 45
2826 172 19 107 45
2827 172 19 107 45
2828 172 19 107 45
2829 172 19 107 45
2830 172 19 107 45
2831 172 19 107 90
2832 172 19 107 90
2833 172 19 107 90
2834 172 19 107 90
2835 172 19 107 90
2836 172 19 107 90
2837 172 19 107 90
2838 172 19 107 135
2839 172 19 107 135
2840 172 19 107 135
2841 172 19 107 135
2842 172 19 107 135
2843 172 19 107 135
2844 172 19 107 135
2845 172 19 107 135
2846 172 19 107 135
2847 172 19 107 135
2848 172 19 107 135
2849 172 19 107 135
2850 172 19 107 180
2851 172 19 107 180
2852 172 19 107 180
2853 172 19 107 180
2854 172 19 107 180
2855 172 19 107 180
2856 172 19 107 180
2857 172 19 107 180
2858 172 19 107 180
2859 172 19 107 180
2860 172 19 107 180
2861 172 19 107 180
2862 172 19 107 180
2863 172 19 107 180
2864 172 19 107 180
2865 172 19 107 180
2866 172 19 107 180
2867 172 19 107 180
2868 172 19 107 180
2869 172 19 107 180
2870 172 19 107 180
2871 172 19 107 180
2872 172 19 107 180
2873 172 19 107 180
2874 172 19 107 180
2875 172 19 107 180
2876 172 19 107 180
2877 172 19 107 180
2878 172 19 107 180
2879 172 19 107 180
2880 172 19 107 180
2881 172 19 107 180
2882 172 19 107 180
2883 172 19 107 180
2884 172 19 107 180
2885 172 19 107 180
2886 172 19 107 180
2887 172 19 107 180
2888 172 19 107 180
2889 172 19 107 180
2890 172 19 107 180
2891 172 19 107 180
2892 172 19 107 180
2893 172 19 107 180
2894 172 19 107 180
2895 172 19 107 180
2896 172 19 107 180
2897 172 19 107 180
2898 172 19 107 180
2899 172 19 107 180
2900 172 19 107 180
2901 172 19 107 180
2902 172 19 107 180
2903 172 19 107 180
2904 172 19 107 180
2905 172 19 107 180
2906 172 19 107 180
2907 172 19 107 180
2908 172 19 107 180
2909 173 17 107 180
2910 173 17 107 180
2911 173 17 107 180
2912 173 17 107 180
2913 173 17 107 180
2914 173 17 107 180
2915 173 17 107 180
2916 173 17 107 180
2917 173 17 107 180
2918 173 17 107 180
2919 173 17 107 180
2920 173 17 107 180
2921 173 17 107 180
2922 173 17 107 180
2923 173 17 107 180
2924 173 17 107 180
2925 173 17 107 180
2926 173 17 107 180
2927 173 17 107 180
2928 173 17 107 180
2929 173 17 107 180
2930 173 17 107 180
2931 173 17 107 180
2932 173 17 107 180
2933 173 17 107 180
2934 173 17 107 180
2935 173 17 107 180
2936 173 17 107 180
2937 173 17 107 225
2938 173 17 107 225
2939 173 17 107 225
2940 173 17 107 225
2941 173 17 107 225
2942 173 17 107 225
2943 173 17 107 225
2944 173 17 107 225
2945 173 17 107 225
2946 173 17 107 225
2947 173 17 107 225
2948 173 17 107 225
2949 173 17 107 225
2950 173 17 107 225
2951 173 17 107 225
2952 173 17 107 225
2953 173 17 107 225
2954 173 17 107 225
2955 173 17 107 225
2956 173 17 107 225
2957 173 17 107 180
2958 173 17 107 180
2959 173 17 107 180
2960 173 17 107 180
2961 173 17 107 135
2962 173 17 107 135
2963 173 17 107 135
2964 173 17 107 135
2965 173 17 107 135
2966 173 17 107 135
2967 173 17 107 135
2968 173 17 107 135
2969 173 17 107 135
2970 173 17 107 135
2971 173 17 107 135
2972 173 17 107 135
2973 173 17 107 135
2974 173 17 107 135
2975 173 17 107 135
2976 173 17 107 135
2977 173 17 107 135
2978 173 17 107 135
2979 173 17 107 135
2980 173 17 107 135
2981 173 17 107 180
2982 173 17 107 180
2983 173 17 107 180
2984 173 17 107 180
2985 173 17 107 180
2986 173 17 107 180
2987 173 17 107 180
2988 173 17 107 180
2989 173 17 107 180
2990 173 17 107 180
2991 173 17 107 180
2992 173 17 107 180
2993 173 17 107 180
2994 173 17 107 180
2995 173 17 107 180
2996 173 17 107 180
2997 173 17 107 180
2998 173 17 107 180
2999 173 17 107 180
3000 173 17 107 180
3001 173 17 107 180
3002 173 17 107 180
3003 173 17 107 180
3004 173 17 107 180
3005 173 17 107 180
3006 173 17 107 180
3007 173 17 107 180
3008 173 17 107 180
3009 173 17 107 180
3010 173 17 107 180
3011 173 17 107 180
3012 173 17 107 180
3013 173 17 107 180
3014 173 17 107 180
3015 173 17 107 180
3016 173 17 107 180
3017 173 17 107 180
3018 173 17 107 180
3019 173 17 107 180
3020 173 17 107 180
3021 173 17 107 180
3022 173 17 107 180
3023 173 17 107 180
3024 173 17 107 180
3025 173 17 107 180
3026 173 17 107 180
3027 173 17 107 180
3028 173 17 107 180
3029 173 17 107 180
3030 173 17 107 180
3031 173 17 107 180
3032 173 17 107 180
3033 173 17 107 180
3034 173 17 107 180
3035 173 17 107 180
3036 173 17 107 180
3037 173 17 107 180
3038 173 17 107 180
3039 173 17 107 180
3040 173 17 107 180
3041 173 17 107 180
3042 173 17 107 180
3043 173 17 107 180
3044 173 17 107 225
3045 173 17 107 225
3046 173 17 107 225
3047 173 17 107 225
3048 173 17 107 225
3049 173 17 107 225
3050 173 17 107 225
3051 173 17 107 225
3052 173 17 107 225
3053 173 17 107 270
3054 173 17 107 270
3055 173 17 107 270
3056 173 17 107 270
3057 173 17 107 315
3058 173 17 107 315
3059 173 17 107 315
3060 173 17 107 315
3061 173 17 107 315
3062 173 17 107 315
3063 173 17 107 315
3064 173 17 107 315
3065 173 17 107 315
3066 173 17 107 315
3067 173 17 107 315
3068 173 17 107 315
3069 173 17 107 315
3070 173 17 107 315
3071 173 17 107 315
3072 173 17 107 315
3073 173 17 107 315
3074 173 17 107 315
3075 173 17 107 315
3076 173 17 107 315
3077 173 17 107 315
3078 173 17 107 315
3079 173 17 107 315
3080 173 17 107 315
3081 173 17 107 315
3082 173 17 107 315
3083 173 17 107 315
3084 173 17 107 315
3085 173 17 107 315
3086 173 17 107 315
3087 173 17 107 315
3088 173 17 107 315
3089 173 17 107 315
3090 173 17 107 315
3091 173 17 107 0
3092 173 17 107 315
3093 173 17 107 315
3094 173 17 107 315
3095 173 17 107 0
3096 173 17 107 0
3097 173 17 107 0
3098 173 17 107 0
3099 173 17 107 0
3100 173 17 107 0
3101 173 17 107 0
3102 173 17 107 0
3103 173 17 107 0
3104 173 17 107 0
3105 173 17 107 0
3106 173 17 107 0
3107 173 17 107 0
3108 173 17 107 0
3109 173 17 107 45
3110 173 17 107 45
3111 173 17 107 45
3112 173 17 107 45
3113 173 17 107 45
3114 173 17 107 45
3115 173 17 107 45
3116 173 17 107 45
3117 173 17 107 45
3118 173 17 107 90
3119 173 17 107 90
3120 173 17 107 90
3121 173 17 107 90
3122 173 17 107 90
3123 173 17 107 90
3124 173 17 107 90
3125 173 17 107 90
3126 173 17 107 90
3127 173 17 107 90
3128 173 17 107 90
3129 173 17 107 90
3130 173 17 107 90
3131 173 17 107 90
3132 173 17 107 90
3133 173 17 107 90
3134 173 17 107 90
3135 173 17 107 90
3136 173 17 107 90
3137 173 17 107 90
3138 173 17 107 90
3139 173 17 107 90
3140 173 17 107 90
3141 173 17 107 90
3142 173 17 107 135
3143 173 17 107 135
3144 173 17 107 135
3145 173 17 107 135
3146 173 17 107 135
3147 173 17 107 135
3148 173 17 107 135
3149 173 17 107 135
3150 173 17 107 135
3151 173 17 107 135
3152 173 17 107 135
3153 173 17 107 135
3154 173 17 107 135
3155 173 17 107 135
3156 173 17 107 135
3157 173 17 107 135
3158 173 17 107 135
3159 173 17 107 135
3160 173 17 107 135
3161 173 17 107 135
3162 173 17 107 135
3163 173 17 107 180
3164 173 17 107 180
3165 173 17 107 180
3166 173 17 107 180
3167 173 17 107 180
3168 173 17 107 180
3169 173 17 107 180
3170 173 17 107 180
3171 173 17 107 180
3172 173 17 107 180
3173 173 17 107 180
3174 173 17 107 180
3175 173 17 107 180
3176 173 17 107 180
3177 173 17 107 180
3178 173 17 107 180
3179 173 17 107 180
3180 173 17 107 180
3181 173 17 107 180
3182 173 17 107 180
3183 173 17 107 180
3184 173 17 107 180
3185 173 17 107 180
3186 173 17 107 180
3187 173 17 107 180
3188 173 17 107 180
3189 173 17 107 180
3190 173 17 107 180
3191 173 17 107 180
3192 173 17 107 180
3193 173 17 107 180
3194 173 17 107 180
3195 173 17 107 180
3196 173 17 107 180
3197 173 17 107 180
3198 173 17 107 180
3199 173 17 107 180
3200 173 17 107 180
3201 173 17 107 180
3202 173 17 107 180
3203 173 17 107 180
3204 173 17 107 180
3205 173 17 107 135
3206 173 17 107 180
3207 173 17 107 180
3208 173 17 107 180
3209 173 17 107 180
3210 173 17 107 180
3211 173 17 107 180
3212 173 17 107 180
3213 174 15 107 180
3214 174 15 107 180
3215 174 15 107 180
3216 174 15 107 180
3217 174 15 107 180
3218 174 15 107 180
3219 174 15 107 225
3220 174 15 107 225
3221 174 15 107 225
3222 174 15 107 225
3223 174 15 107 270
3224 174 15 107 270
3225 174 15 107 270
3226 174 15 107 270
3227 174 15 107 270
3228 174 15 107 270
3229 174 15 107 270
3230 174 15 107 270
3231 174 15 107 270
3232 174 15 107 270
3233 174 15 107 270
3234 174 15 107 270
3235 174 15 107 270
3236 174 15 107 270
3237 174 15 107 270
3238 174 15 107 270
3239 174 15 107 225
3240 174 15 107 225
3241 174 15 107 225
3242 174 15 107 225
3243 174 15 107 225
3244 174 15 107 225
3245 174 15 107 225
3246 174 15 107 225
3247 174 15 107 225
3248 174 15 107 180
3249 174 15 107 180
3250 174 15 107 180
3251 174 15 107 180
3252 174 15 107 180
3253 174 15 107 180
3254 174 15 107 180
3255 174 15 107 180
3256 174 15 107 180
3257 174 15 107 180
3258 174 15 107 180
3259 174 15 107 180
3260 174 15 107 180
3261 174 15 107 180
3262 174 15 107 180
3263 174 15 107 180
3264 174 15 107 180
3265 174 15 107 180
3266 174 15 107 180
3267 174 15 107 180
3268 174 15 107 180
3269 174 15 107 180
3270 174 15 107 180
3271 174 15 107 180
3272 174 15 107 180
3273 174 15 107 180
3274 174 15 107 180
3275 174 15 107 180
3276 174 15 107 180
3277 174 15 107 180
3278 174 15 107 180
3279 174 15 107 180
3280 174 15 107 180
3281 174 15 107 180
3282 174 15 107 180
3283 174 15 107 180
3284 174 15 107 180
3285 174 15 107 180
3286 174 15 107 180
3287 174 15 107 180
3288 174 15 107 180
3289 174 15 107 180
3290 174 15 107 180
3291 174 15 107 180
3292 174 15 107 180
3293 174 15 107 180
3294 174 15 107 180
3295 174 15 107 180
3296 174 15 107 180
3297 174 15 107 180
3298 174 15 107 180
3299 174 15 107 180
3300 174 15 107 225
3301 174 15 107 225
3302 174 15 107 225
3303 174 15 107 225
3304 174 15 107 225
3305 174 15 107 225
3306 174 15 107 225
3307 174 15 107 225
3308 174 15 107 225
3309 174 15 107 225
3310 174 15 107 225
3311 174 15 107 225
3312 174 15 107 225
3313 174 15 107 225
3314 174 15 107 225
3315 174 15 107 270
3316 174 15 107 270
3317 174 15 107 315
3318 174 15 107 315
3319 174 15 107 0
3320 174 15 107 0
3321 174 15 107 0
3322 174 15 107 45
3323 174 15 107 45
3324 174 15 107 45
3325 174 15 107 45
3326 174 15 107 45
3327 174 15 107 45
3328 174 15 107 45
3329 174 15 107 45
3330 174 15 107 45
3331 174 15 107 45
3332 174 15 107 90
3333 174 15 107 90
3334 174 15 107 90
3335 174 15 107 90
3336 174 15 107 90
3337 174 15 107 90
3338 174 15 107 90
3339 174 15 107 90
3340 174 15 107 90
3341 174 15 107 90
3342 174 15 107 90
3343 174 15 107 90
3344 174 15 107 90
3345 174 15 107 90
3346 174 15 107 90
3347 174 15 107 90
3348 174 15 107 135
3349 174 15 107 135
3350 174 15 107 135
3351 174 15 107 135
3352 174 15 107 135
3353 174 15 107 135
3354 174 15 107 135
3355 174 15 107 135
3356 174 15 107 135
3357 174 15 107 135
3358 174 15 107 180
3359 174 15 107 180
3360 174 15 107 180
3361 174 15 107 180
3362 174 15 107 180
3363 174 15 107 180
3364 174 15 107 180
3365 174 15 107 180
3366 174 15 107 180
3367 174 15 107 180
3368 174 15 107 180
3369 174 15 107 180
3370 174 15 107 180
3371 174 15 107 180
3372 174 15 107 180
3373 174 15 107 180
3374 174 15 107 180
3375 174 15 107 180
3376 174 15 107 180
3377 174 15 107 180
3378 174 15 107 180
3379 174 15 107 180
3380 174 15 107 180
3381 174 15 107 180
3382 174 15 107 180
3383 174 15 107 135
3384 174 15 107 135
3385 174 15 107 135
3386 174 15 107 135
3387 174 15 107 135
3388 174 15 107 135
3389 174 15 107 135
3390 174 15 107 135
3391 174 15 107 135
3392 174 15 107 135
3393 174 15 107 135
3394 174 15 107 135
3395 174 15 107 135
3396 174 15 107 135
3397 174 15 107 135
3398 174 15 107 135
3399 174 15 107 135
3400 174 15 107 135
3401 174 15 107 135
3402 174 15 107 135
3403 174 15 107 135
3404 174 15 107 135
3405 174 15 107 135
3406 174 15 107 135
3407 174 15 107 135
3408 174 15 107 135
3409 175 13 107 135
3410 175 13 107 135
3411 175 13 107 135
3412 175 13 107 135
3413 175 13 107 135
3414 175 13 107 135
3415 175 13 107 135
3416 175 13 107 135
3417 175 13 107 135
3418 175 13 107 135
3419 175 13 107 135
3420 175 13 107 135
3421 175 13 107 135
3422 175 13 107 135
3423 175 13 107 135
3424 175 13 107 135
3425 175 13 107 135
3426 175 13 107 135
3427 175 13 107 135
3428 175 13 107 135
3429 175 13 107 135
3430 175 13 107 135
3431 175 13 107 135
3432 175 13 107 135
3433 175 13 107 135
3434 175 13 107 135
3435 175 13 107 135
3436 175 13 107 135
3437 175 13 107 135
3438 175 13 107 180
3439 175 13 107 180
3440 175 13 107 180
3441 175 13 107 180
3442 175 13 107 180
3443 175 13 107 180
3444 175 13 107 225
3445 175 13 107 225
3446 175 13 107 270
3447 175 13 107 270
3448 175 13 107 270
3449 175 13 107 315
3450 175 13 107 315
3451 175 13 107 315
3452 175 13 107 315
3453 175 13 107 0
3454 175 13 107 0
3455 175 13 107 0
3456 175 13 107 0
3457 175 13 107 0
3458 175 13 107 0
3459 175 13 107 0
3460 175 13 107 0
3461 175 13 107 0
3462 175 13 107 0
3463 175 13 107 0
3464 175 13 107 0
3465 175 13 107 0
3466 175 13 107 0
3467 175 13 107 0
3468 175 13 107 0
3469 175 13 107 0
3470 175 13 107 0
3471 175 13 107 0
3472 175 13 107 45
3473 175 13 107 45
3474 175 13 107 45
3475 175 13 107 90
3476 175 13 107 90
3477 175 13 107 90
3478 175 13 107 90
3479 175 13 107 90
3480 175 13 107 90
3481 175 13 107 90
3482 175 13 107 90
3483 175 13 107 135
3484 175 13 107 135
3485 175 13 107 135
3486 175 13 107 135
3487 175 13 107 135
3488 175 13 107 135
3489 175 13 107 135
3490 175 13 107 135
3491 175 13 107 135
3492 175 13 107 135
3493 175 13 107 135
3494 175 13 107 135
3495 175 13 107 180
3496 175 13 107 180
3497 175 13 107 180
3498 175 13 107 180
3499 175 13 107 180
3500 175 13 107 180
3501 175 13 107 180
3502 175 13 107 180
3503 175 13 107 180
3504 175 13 107 180
3505 175 13 107 180
3506 175 13 107 180
3507 175 13 107 180
3508 175 13 107 180
3509 175 13 107 180
3510 175 13 107 180
3511 175 13 107 180
3512 175 13 107 180
3513 175 13 107 180
3514 175 13 107 180
3515 175 13 107 180
3516 175 13 107 180
3517 175 13 107 180
3518 175 13 107 180
3519 175 13 107 180
3520 175 13 107 180
3521 175 13 107 180
3522 175 13 107 180
3523 175 13 107 180
3524 175 13 107 180
3525 175 13 107 180
3526 175 13 107 180
3527 175 13 107 180
3528 175 13 107 135
3529 175 13 107 135
3530 175 13 107 135
3531 175 13 107 135
3532 175 13 107 135
3533 175 13 107 135
3534 175 13 107 135
3535 175 13 107 135
3536 175 13 107 135
3537 175 13 107 135
3538 175 13 107 135
3539 175 13 107 135
3540 175 13 107 135
3541 175 13 107 135
3542 175 13 107 135
3543 175 13 107 135
3544 175 13 107 135
3545 175 13 107 135
3546 175 13 107 135
3547 175 13 107 135
3548 175 13 107 135
3549 175 13 107 135
3550 175 13 107 135
3551 175 13 107 135
3552 175 13 107 135
3553 175 13 107 135
3554 175 13 107 135
3555 175 13 107 135
3556 175 13 107 135
3557 175 13 107 135
3558 175 13 107 135
3559 175 13 107 135
3560 175 13 107 135
3561 175 13 107 135
3562 175 13 107 135
3563 175 13 107 135
3564 175 13 107 135
3565 175 13 107 135
3566 175 13 107 135
3567 175 13 107 135
3568 175 13 107 135
3569 175 13 107 135
3570 175 13 107 135
3571 175 13 107 135
3572 175 13 107 135
3573 175 13 107 135
3574 175 13 107 180
3575 175 13 107 180
3576 175 13 107 180
3577 175 13 107 180
3578 175 13 107 180
3579 175 13 107 180
3580 175 13 107 180
3581 175 13 107 180
3582 175 13 107 180
3583 175 13 107 180
3584 175 13 107 180
3585 175 13 107 180
3586 175 13 107 180
3587 175 13 107 180
3588 175 13 107 180
3589 175 13 107 180
3590 175 13 107 180
3591 175 13 107 180
3592 176 10.5 107 180
3593 176 10.5 107 180
3594 176 10.5 107 180
3595 176 10.5 107 180
3596 176 10.5 107 180
3597 176 10.5 107 135
3598 176 10.5 107 135
3599 176 10.5 107 90
3600 176 10.5 107 90
3601 176 10.5 107 45
3602 176 10.5 107 45
3603 176 10.5 107 45
3604 176 10.5 107 45
3605 176 10.5 107 45
3606 176 10.5 107 45
3607 176 10.5 107 45
3608 176 10.5 107 45
3609 176 10.5 107 45
3610 176 10.5 107 45
3611 176 10.5 107 45
3612 176 10.5 107 45
3613 176 10.5 107 45
3614 176 10.5 107 45
3615 176 10.5 107 45
3616 176 10.5 107 45
3617 176 10.5 107 45
3618 176 10.5 107 45
3619 176 10.5 107 45
3620 176 10.5 107 45
3621 176 10.5 107 45
3622 176 10.5 107 45
3623 176 10.5 107 45
3624 176 10.5 107 45
3625 176 10.5 107 45
3626 176 10.5 107 45
3627 176 10.5 107 45
3628 176 10.5 107 45
3629 176 10.5 107 45
3630 176 10.5 107 45
3631 176 10.5 107 45
3632 176 10.5 107 0
3633 176 10.5 107 0
3634 176 10.5 107 0
3635 176 10.5 107 0
3636 176 10.5 107 0
3637 176 10.5 107 0
3638 176 10.5 107 0
3639 176 10.5 107 315
3640 176 10.5 107 315
3641 176 10.5 107 315
3642 176 10.5 107 315
3643 176 10.5 107 315
3644 176 10.5 107 315
3645 176 10.5 107 315
3646 176 10.5 107 315
3647 176 10.5 107 315
3648 176 10.5 107 315
3649 176 10.5 107 315
3650 176 10.5 107 315
3651 176 10.5 107 315
3652 176 10.5 107 270
3653 176 10.5 107 270
3654 176 10.5 107 225
3655 176 10.5 107 225
3656 176 10.5 107 225
3657 176 10.5 107 225
3658 176 10.5 107 225
3659 176 10.5 107 225
3660 176 10.5 107 225
3661 176 10.5 107 225
3662 176 10.5 107 225
3663 176 10.5 107 225
3664 176 10.5 107 225
3665 176 10.5 107 225
3666 176 10.5 107 180
3667 176 10.5 107 180
3668 176 10.5 107 180
3669 176 10.5 107 180
3670 176 10.5 107 180
3671 176 10.5 107 180
3672 176 10.5 107 180
3673 176 10.5 107 180
3674 176 10.5 107 180
3675 176 10.5 107 180
3676 176 10.5 107 180
3677 176 10.5 107 180
3678 176 10.5 107 180
3679 176 10.5 107 180
3680 176 10.5 107 180
3681 176 10.5 107 180
3682 176 10.5 107 180
3683 176 10.5 107 180
3684 176 10.5 107 180
3685 176 10.5 107 180
