1 229 29 91 180
2 229 29 91 180
3 229 29 91 180
4 229 29 91 180
5 229 29 91 180
6 229 29 91 180
7 229 29 91 180
8 229 29 91 180
9 229 29 91 180
10 229 29 91 180
11 229 29 91 180
12 229 29 91 180
13 229 29 91 180
14 229 29 91 180
15 229 29 91 180
16 229 29 91 180
17 229 29 91 180
18 229 29 91 180
19 229 29 91 180
20 229 29 91 180
21 229 29 91 180
22 229 29 91 180
23 229 29 91 180
24 229 29 91 180
25 229 29 91 180
26 229 29 91 180
27 229 29 91 180
28 229 29 91 180
29 229 29 91 180
30 229 29 91 180
31 229 29 91 180
32 229 29 91 180
33 229 29 91 180
34 229 29 91 180
35 229 29 91 180
36 229 29 91 180
37 229 29 91 180
38 229 29 91 180
39 229 29 91 180
40 229 29 91 180
41 229 29 91 180
42 229 29 91 180
43 229 29 91 180
44 229 29 91 180
45 229 29 91 180
46 229 29 91 180
47 229 29 91 180
48 229 29 91 180
49 229 29 91 180
50 229 29 91 180
51 229 29 91 180
52 229 29 91 180
53 229 29 91 180
54 229 29 91 180
55 229 29 91 180
56 229 29 91 180
57 229 29 91 180
58 229 29 91 180
59 229 29 91 180
60 229 29 91 180
61 229 29 91 180
62 229 29 91 180
63 229 29 91 180
64 229 29 91 180
65 229 29 91 180
66 229 29 91 180
67 229 29 91 180
68 229 29 91 180
69 229 29 91 180
70 229 29 91 180
71 229 29 91 180
72 229 29 91 180
73 229 29 91 180
74 229 29 91 225
75 229 29 91 225
76 229 29 91 225
77 229 29 91 225
78 229 29 91 225
79 229 29 91 225
80 229 29 91 225
81 229 29 91 225
82 229 29 91 225
83 229 29 91 225
84 229 29 91 225
85 229 29 91 225
86 229 29 91 225
87 229 29 91 225
88 229 29 91 225
89 229 29 91 225
90 229 29 91 225
91 229 29 91 225
92 229 29 91 225
93 229 29 91 225
94 229 29 91 270
95 229 29 91 270
96 229 29 91 270
97 229 29 91 270
98 229 29 91 270
99 229 29 91 270
100 229 29 91 270
101 229 29 91 270
102 229 29 91 270
103 229 29 91 270
104 229 29 91 315
105 229 29 91 315
106 229 29 91 315
107 229 29 91 315
108 229 29 91 315
109 229 29 91 315
110 229 29 91 0
111 229 29 91 0
112 229 29 91 0
113 229 29 91 0
114 229 29 91 0
115 229 29 91 0
116 229 29 91 0
117 229 29 91 0
118 229 29 91 0
119 229 29 91 45
120 229 29 91 45
121 229 29 91 45
122 229 29 91 45
123 229 29 91 45
124 229 29 91 45
125 229 29 91 45
126 229 29 91 45
127 229 29 91 45
128 229 29 91 45
129 229 29 91 45
130 229 29 91 45
131 229 29 91 45
132 229 29 91 45
133 229 29 91 45
134 229 29 91 45
135 229 29 91 45
136 229 29 91 45
137 229 29 91 90
138 229 29 91 90
139 229 29 91 90
140 229 29 91 90
141 229 29 91 90
142 229 29 91 90
143 229 29 91 90
144 229 29 91 90
145 229 29 91 90
146 229 29 91 90
147 229 29 91 90
148 229 29 91 90
149 229 29 91 90
150 229 29 91 90
151 229 29 91 90
152 229 29 91 90
153 229 29 91 90
154 229 29 91 90
155 229 29 91 90
156 229 29 91 90
157 229 29 91 90
158 229 29 91 90
159 229 29 91 90
160 229 29 91 135
161 229 29 91 135
162 229 29 91 135
163 229 29 91 135
164 229 29 91 135
165 229 29 91 135
166 229 29 91 135
167 229 29 91 135
168 229 29 91 135
169 229 29 91 135
170 229 29 91 135
171 229 29 91 135
172 229 29 91 135
173 229 29 91 135
174 229 29 91 135
175 229 29 91 135
176 229 29 91 135
177 229 29 91 135
178 229 29 91 135
179 229 29 91 135
180 229 29 91 135
181 229 29 91 135
182 229 29 91 135
183 229 29 91 135
184 229 29 91 135
185 229 29 91 135
186 229 29 91 135
187 229 29 91 135
188 229 29 91 135
189 229 29 91 135
190 229 29 91 135
191 229 29 91 135
192 229 29 91 135
193 229 29 91 180
194 229 29 91 180
195 229 29 91 180
196 229 29 91 180
197 229 29 91 180
198 229 29 91 180
199 229 29 91 180
200 229 29 91 180
201 229 29 91 180
202 229 29 91 180
203 229 29 91 180
204 229 29 91 180
205 229 29 91 180
206 229 29 91 180
207 229 29 91 180
208 229 29 91 180
209 229 29 91 180
210 229 29 91 180
211 229 29 91 180
212 229 29 91 180
213 229 29 91 180
214 229 29 91 180
215 229 29 91 180
216 229 29 91 180
217 229 29 91 180
218 229 29 91 180
219 229 29 91 180
220 229 29 91 180
221 229 29 91 180
222 229 29 91 180
223 229 29 91 180
224 229 29 91 180
225 229 29 91 180
226 229 29 91 180
227 229 29 91 180
228 229 29 91 180
229 229 29 91 180
230 229 29 91 180
231 229 29 91 180
232 229 29 91 180
233 229 29 91 180
234 229 29 91 180
235 229 29 91 180
236 229 29 91 180
237 229 29 91 180
238 229 29 91 180
239 229 29 91 180
240 229 29 91 180
241 229 29 91 180
242 229 29 91 180
243 229 29 91 180
244 229 29 91 180
245 229 29 91 180
246 229 29 91 180
247 229 29 91 180
248 229 29 91 180
249 229 29 91 180
250 229 29 91 180
251 229 29 91 180
252 229 29 91 180
253 229 29 91 180
254 229 29 91 180
255 229 29 91 180
256 229 29 91 180
257 229 29 91 180
258 229 29 91 180
259 229 29 91 180
260 229 29 91 180
261 229 29 91 180
262 229 29 91 180
263 229 29 91 180
264 229 29 91 180
265 229 29 91 180
266 229 29 91 180
267 229 29 91 180
268 229 29 91 180
269 229 29 91 180
270 229 29 91 180
271 229 29 91 180
272 229 29 91 180
273 229 29 91 180
274 228 27 91 180
275 228 27 91 180
276 228 27 91 180
277 228 27 91 180
278 228 27 91 180
279 228 27 91 180
280 228 27 91 180
281 228 27 91 180
282 228 27 91 180
283 228 27 91 180
284 228 27 91 180
285 228 27 91 180
286 228 27 91 180
287 228 27 91 180
288 228 27 91 180
289 228 27 91 180
290 228 27 91 180
291 228 27 91 180
292 228 27 91 180
293 228 27 91 180
294 228 27 91 180
295 228 27 91 180
296 228 27 91 180
297 228 27 91 180
298 228 27 91 180
299 228 27 91 180
300 228 27 91 180
301 228 27 91 180
302 228 27 91 180
303 228 27 91 180
304 228 27 91 180
305 228 27 91 180
306 228 27 91 180
307 228 27 91 180
308 228 27 91 180
309 228 27 91 180
310 228 27 91 180
311 228 27 91 180
312 228 27 91 180
313 228 27 91 180
314 228 27 91 180
315 228 27 91 180
316 228 27 91 180
317 228 27 91 180
318 228 27 91 225
319 228 27 91 225
320 228 27 91 270
321 228 27 91 270
322 228 27 91 315
323 228 27 91 315
324 228 27 91 0
325 228 27 91 0
326 228 27 91 45
327 228 27 91 45
328 228 27 91 90
329 228 27 91 90
330 228 27 91 135
331 228 27 91 135
332 228 27 91 135
333 228 27 91 135
334 228 27 91 135
335 228 27 91 135
336 228 27 91 135
337 228 27 91 135
338 228 27 91 180
339 228 27 91 180
340 228 27 91 180
341 228 27 91 180
342 228 27 91 180
343 228 27 91 225
344 228 27 91 225
345 228 27 91 225
346 228 27 91 225
347 228 27 91 225
348 228 27 91 225
349 228 27 91 225
350 228 27 91 225
351 228 27 91 225
352 228 27 91 225
353 228 27 91 225
354 228 27 91 270
355 228 27 91 270
356 228 27 91 270
357 228 27 91 270
358 228 27 91 315
359 228 27 91 270
360 228 27 91 315
361 228 27 91 315
362 228 27 91 315
363 228 27 91 315
364 228 27 91 315
365 228 27 91 315
366 228 27 91 315
367 228 27 91 315
368 228 27 91 315
369 228 27 91 315
370 228 27 91 315
371 228 27 91 0
372 228 27 91 0
373 228 27 91 0
374 228 27 91 0
375 228 27 91 0
376 228 27 91 0
377 228 27 91 0
378 228 27 91 0
379 228 27 91 0
380 228 27 91 0
381 228 27 91 0
382 228 27 91 0
383 228 27 91 0
384 228 27 91 0
385 228 27 91 0
386 228 27 91 0
387 228 27 91 0
388 228 27 91 0
389 228 27 91 0
390 228 27 91 0
391 228 27 91 0
392 228 27 91 0
393 228 27 91 0
394 228 27 91 0
395 228 27 91 0
396 228 27 91 0
397 228 27 91 0
398 228 27 91 0
399 228 27 91 0
400 228 27 91 0
401 228 27 91 0
402 228 27 91 0
403 228 27 91 0
404 228 27 91 0
405 228 27 91 0
406 228 27 91 0
407 228 27 91 0
408 228 27 91 0
409 228 27 91 0
410 228 27 91 0
411 228 27 91 0
412 228 27 91 0
413 228 27 91 0
414 228 27 91 0
415 228 27 91 0
416 228 27 91 0
417 228 27 91 0
418 228 27 91 0
419 228 27 91 45
420 228 27 91 45
421 228 27 91 45
422 228 27 91 45
423 228 27 91 45
424 228 27 91 45
425 228 27 91 45
426 228 27 91 45
427 228 27 91 45
428 228 27 91 45
429 228 27 91 45
430 228 27 91 45
431 228 27 91 45
432 228 27 91 45
433 228 27 91 45
434 228 27 91 45
435 228 27 91 45
436 228 27 91 90
437 228 27 91 90
438 228 27 91 90
439 228 27 91 90
440 228 27 91 90
441 228 27 91 90
442 228 27 91 90
443 228 27 91 90
444 228 27 91 90
445 228 27 91 90
446 228 27 91 90
447 228 27 91 90
448 228 27 91 90
449 228 27 91 90
450 228 27 91 90
451 228 27 91 90
452 228 27 91 90
453 228 27 91 90
454 228 27 91 90
455 228 27 91 90
456 228 27 91 90
457 228 27 91 90
458 228 27 91 90
459 228 27 91 90
460 228 27 91 90
461 228 27 91 90
462 228 27 91 90
463 228 27 91 90
464 228 27 91 90
465 228 27 91 90
466 228 27 91 90
467 228 27 91 90
468 228 27 91 90
469 228 27 91 135
470 228 27 91 135
471 228 27 91 135
472 228 27 91 135
473 228 27 91 135
474 228 27 91 135
475 228 27 91 135
476 228 27 91 135
477 228 27 91 135
478 228 27 91 135
479 228 27 91 135
480 228 27 91 135
481 228 27 91 135
482 228 27 91 135
483 228 27 91 135
484 228 27 91 135
485 228 27 91 135
486 228 27 91 135
487 228 27 91 180
488 228 27 91 180
489 228 27 91 180
490 228 27 91 180
491 228 27 91 180
492 228 27 91 180
493 228 27 91 180
494 228 27 91 180
495 228 27 91 180
496 228 27 91 180
497 228 27 91 180
498 228 27 91 180
499 228 27 91 180
500 228 27 91 180
501 228 27 91 180
502 228 27 91 180
503 228 27 91 180
504 228 27 91 180
505 228 27 91 180
506 228 27 91 180
507 228 27 91 180
508 228 27 91 180
509 228 27 91 180
510 228 27 91 180
511 228 27 91 225
512 228 27 91 225
513 228 27 91 225
514 228 27 91 225
515 228 27 91 225
516 228 27 91 225
517 228 27 91 225
518 228 27 91 225
519 228 27 91 225
520 228 27 91 225
521 228 27 91 225
522 228 27 91 225
523 228 27 91 225
524 228 27 91 225
525 228 27 91 225
526 228 27 91 225
527 228 27 91 225
528 228 27 91 225
529 228 27 91 225
530 228 27 91 225
531 228 27 91 225
532 228 27 91 225
533 228 27 91 225
534 228 27 91 180
535 228 27 91 180
536 228 27 91 180
537 228 27 91 180
538 228 27 91 180
539 228 27 91 180
540 228 27 91 180
541 228 27 91 180
542 228 27 91 180
543 228 27 91 180
544 228 27 91 180
545 227 25 91 180
546 227 25 91 180
547 227 25 91 180
548 227 25 91 180
549 227 25 91 180
550 227 25 91 180
551 227 25 91 180
552 227 25 91 180
553 227 25 91 225
554 227 25 91 225
555 227 25 91 225
556 227 25 91 225
557 227 25 91 225
558 227 25 91 225
559 227 25 91 225
560 227 25 91 225
561 227 25 91 225
562 227 25 91 225
563 227 25 91 225
564 227 25 91 225
565 227 25 91 225
566 227 25 91 225
567 227 25 91 225
568 227 25 91 225
569 227 25 91 225
570 227 25 91 225
571 227 25 91 225
572 227 25 91 225
573 227 25 91 225
574 227 25 91 270
575 227 25 91 270
576 227 25 91 315
577 227 25 91 315
578 227 25 91 0
579 227 25 91 0
580 227 25 91 0
581 227 25 91 0
582 227 25 91 0
583 227 25 91 0
584 227 25 91 0
585 227 25 91 0
586 227 25 91 0
587 227 25 91 0
588 227 25 91 0
589 227 25 91 0
590 227 25 91 0
591 227 25 91 0
592 227 25 91 45
593 227 25 91 45
594 227 25 91 45
595 227 25 91 45
596 227 25 91 45
597 227 25 91 45
598 227 25 91 90
599 227 25 91 90
600 227 25 91 90
601 227 25 91 90
602 227 25 91 90
603 227 25 91 90
604 227 25 91 90
605 227 25 91 90
606 227 25 91 90
607 227 25 91 90
608 227 25 91 90
609 227 25 91 90
610 227 25 91 90
611 227 25 91 90
612 227 25 91 90
613 227 25 91 90
614 227 25 91 90
615 227 25 91 135
616 227 25 91 135
617 227 25 91 135
618 227 25 91 135
619 227 25 91 135
620 227 25 91 135
621 227 25 91 135
622 227 25 91 135
623 227 25 91 135
624 227 25 91 135
625 227 25 91 135
626 227 25 91 135
627 227 25 91 135
628 227 25 91 135
629 227 25 91 135
630 227 25 91 135
631 227 25 91 135
632 227 25 91 135
633 227 25 91 135
634 227 25 91 135
635 227 25 91 180
636 227 25 91 180
637 227 25 91 180
638 227 25 91 180
639 227 25 91 180
640 227 25 91 180
641 227 25 91 180
642 227 25 91 180
643 227 25 91 180
644 227 25 91 180
645 227 25 91 180
646 227 25 91 180
647 227 25 91 180
648 227 25 91 180
649 227 25 91 180
650 227 25 91 180
651 227 25 91 180
652 227 25 91 180
653 227 25 91 180
654 227 25 91 180
655 227 25 91 180
656 227 25 91 180
657 227 25 91 180
658 227 25 91 180
659 227 25 91 180
660 227 25 91 180
661 227 25 91 225
662 227 25 91 225
663 227 25 91 225
664 227 25 91 225
665 227 25 91 225
666 227 25 91 225
667 227 25 91 225
668 227 25 91 225
669 227 25 91 225
670 227 25 91 225
671 227 25 91 225
672 227 25 91 225
673 227 25 91 225
674 227 25 91 225
675 227 25 91 225
676 227 25 91 225
677 227 25 91 225
678 227 25 91 225
679 227 25 91 225
680 227 25 91 225
681 227 25 91 225
682 227 25 91 225
683 227 25 91 225
684 227 25 91 225
685 227 25 91 225
686 227 25 91 225
687 227 25 91 225
688 227 25 91 225
689 227 25 91 225
690 227 25 91 225
691 227 25 91 225
692 227 25 91 225
693 227 25 91 225
694 227 25 91 225
695 227 25 91 225
696 227 25 91 225
697 227 25 91 225
698 227 25 91 225
699 227 25 91 225
700 227 25 91 225
701 227 25 91 225
702 227 25 91 225
703 227 25 91 225
704 227 25 91 225
705 227 25 91 225
706 227 25 91 225
707 227 25 91 225
708 227 25 91 225
709 227 25 91 225
710 227 25 91 225
711 227 25 91 225
712 227 25 91 225
713 227 25 91 180
714 227 25 91 180
715 227 25 91 180
716 227 25 91 180
717 227 25 91 180
718 227 25 91 180
719 227 25 91 180
720 227 25 91 180
721 227 25 91 180
722 227 25 91 180
723 227 25 91 180
724 227 25 91 180
725 227 25 91 180
726 227 25 91 180
727 227 25 91 180
728 227 25 91 180
729 227 25 91 180
730 227 25 91 180
731 227 25 91 180
732 227 25 91 180
733 227 25 91 180
734 227 25 91 180
735 227 25 91 180
736 227 25 91 180
737 227 25 91 180
738 227 25 91 180
739 227 25 91 180
740 227 25 91 180
741 227 25 91 180
742 227 25 91 180
743 227 25 91 180
744 227 25 91 180
745 227 25 91 180
746 227 25 91 180
747 227 25 91 180
748 227 25 91 180
749 227 25 91 180
750 227 25 91 180
751 227 25 91 180
752 227 25 91 180
753 227 25 91 180
754 227 25 91 180
755 227 25 91 180
756 227 25 91 180
757 227 25 91 180
758 227 25 91 180
759 227 25 91 180
760 227 25 91 180
761 227 25 91 180
762 227 25 91 180
763 227 25 91 180
764 227 25 91 180
765 227 25 91 180
766 227 25 91 180
767 227 25 91 180
768 227 25 91 180
769 227 25 91 180
770 227 25 91 180
771 227 25 91 180
772 227 25 91 180
773 227 25 91 180
774 227 25 91 180
775 227 25 91 180
776 227 25 91 180
777 227 25 91 180
778 227 25 91 180
779 227 25 91 180
780 227 25 91 180
781 227 25 91 180
782 226 23 91 180
783 226 23 91 180
784 226 23 91 180
785 226 23 91 180
786 226 23 91 180
787 226 23 91 180
788 226 23 91 180
789 226 23 91 180
790 226 23 91 180
791 226 23 91 180
792 226 23 91 180
793 226 23 91 180
794 226 23 91 180
795 226 23 91 180
796 226 23 91 180
797 226 23 91 180
798 226 23 91 180
799 226 23 91 180
800 226 23 91 180
801 226 23 91 180
802 226 23 91 180
803 226 23 91 180
804 226 23 91 180
805 226 23 91 180
806 226 23 91 180
807 226 23 91 180
808 226 23 91 180
809 226 23 91 180
810 226 23 91 180
811 226 23 91 180
812 226 23 91 180
813 226 23 91 180
814 226 23 91 180
815 226 23 91 180
816 226 23 91 180
817 226 23 91 180
818 226 23 91 180
819 226 23 91 180
820 226 23 91 180
821 226 23 91 180
822 226 23 91 180
823 226 23 91 180
824 226 23 91 180
825 226 23 91 180
826 226 23 91 180
827 226 23 91 180
828 226 23 91 180
829 226 23 91 180
830 226 23 91 180
831 226 23 91 180
832 226 23 91 180
833 226 23 91 180
834 226 23 91 180
835 226 23 91 180
836 226 23 91 180
837 226 23 91 180
838 226 23 91 180
839 226 23 91 180
840 226 23 91 180
841 226 23 91 180
842 226 23 91 180
843 226 23 91 180
844 226 23 91 180
845 226 23 91 180
846 226 23 91 180
847 226 23 91 180
848 226 23 91 225
849 226 23 91 225
850 226 23 91 225
851 226 23 91 225
852 226 23 91 270
853 226 23 91 270
854 226 23 91 270
855 226 23 91 270
856 226 23 91 270
857 226 23 91 270
858 226 23 91 270
859 226 23 91 270
860 226 23 91 270
861 226 23 91 270
862 226 23 91 270
863 226 23 91 270
864 226 23 91 270
865 226 23 91 270
866 226 23 91 270
867 226 23 91 270
868 226 23 91 270
869 226 23 91 270
870 226 23 91 315
871 226 23 91 315
872 226 23 91 315
873 226 23 91 315
874 226 23 91 315
875 226 23 91 315
876 226 23 91 315
877 226 23 91 315
878 226 23 91 315
879 226 23 91 315
880 226 23 91 315
881 226 23 91 315
882 226 23 91 315
883 226 23 91 0
884 226 23 91 0
885 226 23 91 0
886 226 23 91 0
887 226 23 91 0
888 226 23 91 0
889 226 23 91 0
890 226 23 91 0
891 226 23 91 0
892 226 23 91 0
893 226 23 91 0
894 226 23 91 0
895 226 23 91 0
896 226 23 91 45
897 226 23 91 45
898 226 23 91 45
899 226 23 91 45
900 226 23 91 45
901 226 23 91 45
902 226 23 91 45
903 226 23 91 45
904 226 23 91 45
905 226 23 91 45
906 226 23 91 45
907 226 23 91 45
908 226 23 91 45
909 226 23 91 45
910 226 23 91 45
911 226 23 91 45
912 226 23 91 45
913 226 23 91 45
914 226 23 91 45
915 226 23 91 45
916 226 23 91 45
917 226 23 91 45
918 226 23 91 90
919 226 23 91 90
920 226 23 91 90
921 226 23 91 90
922 226 23 91 90
923 226 23 91 90
924 226 23 91 90
925 226 23 91 90
926 226 23 91 90
927 226 23 91 90
928 226 23 91 90
929 226 23 91 90
930 226 23 91 90
931 226 23 91 90
932 226 23 91 90
933 226 23 91 90
934 226 23 91 90
935 226 23 91 90
936 226 23 91 90
937 226 23 91 90
938 226 23 91 90
939 226 23 91 90
940 226 23 91 90
941 226 23 91 90
942 226 23 91 90
943 226 23 91 90
944 226 23 91 90
945 226 23 91 90
946 226 23 91 90
947 226 23 91 135
948 226 23 91 135
949 226 23 91 135
950 226 23 91 135
951 226 23 91 135
952 226 23 91 135
953 226 23 91 135
954 226 23 91 135
955 226 23 91 135
956 226 23 91 135
957 226 23 91 135
958 226 23 91 135
959 226 23 91 135
960 226 23 91 135
961 226 23 91 135
962 226 23 91 135
963 226 23 91 135
964 226 23 91 135
965 226 23 91 135
966 226 23 91 135
967 226 23 91 135
968 226 23 91 180
969 226 23 91 180
970 226 23 91 180
971 226 23 91 180
972 226 23 91 180
973 226 23 91 180
974 226 23 91 180
975 226 23 91 180
976 226 23 91 180
977 226 23 91 180
978 226 23 91 180
979 226 23 91 180
980 226 23 91 180
981 226 23 91 180
982 226 23 91 180
983 226 23 91 180
984 226 23 91 180
985 226 23 91 180
986 226 23 91 180
987 226 23 91 180
988 226 23 91 180
989 226 23 91 180
990 226 23 91 180
991 226 23 91 180
992 226 23 91 180
992 226 23 91 180
993 226 23 91 180
994 226 23 91 180
995 226 23 91 180
996 226 23 91 180
997 226 23 91 180
998 226 23 91 180
999 226 23 91 180
1000 226 23 91 180
1001 226 23 91 180
1002 226 23 91 180
1003 226 23 91 180
1004 226 23 91 180
1005 226 23 91 180
1006 226 23 91 180
1007 226 23 91 180
1008 226 23 91 180
1009 226 23 91 180
1010 226 23 91 180
1011 226 23 91 180
1012 226 23 91 180
1013 226 23 91 180
1014 226 23 91 180
1015 226 23 91 180
1016 226 23 91 180
1017 226 23 91 180
1018 226 23 91 180
1019 226 23 91 180
1020 226 23 91 180
1021 226 23 91 180
1022 226 23 91 180
1023 226 23 91 180
1024 226 23 91 180
1025 226 23 91 180
1026 226 23 91 180
1027 226 23 91 180
1028 226 23 91 180
1029 226 23 91 180
1030 226 23 91 180
1031 226 23 91 180
1032 226 23 91 180
1033 226 23 91 180
1034 226 23 91 180
1035 226 23 91 180
1036 225 21 91 180
1037 225 21 91 180
1038 225 21 91 180
1039 225 21 91 180
1040 225 21 91 180
1041 225 21 91 180
1042 225 21 91 180
1043 225 21 91 180
1044 225 21 91 180
1045 225 21 91 180
1046 225 21 91 180
1047 225 21 91 180
1048 225 21 91 180
1049 225 21 91 180
1050 225 21 91 180
1051 225 21 91 180
1052 225 21 91 180
1053 225 21 91 180
1054 225 21 91 180
1055 225 21 91 180
1056 225 21 91 180
1057 225 21 91 180
1058 225 21 91 180
1059 225 21 91 180
1060 225 21 91 180
1061 225 21 91 180
1062 225 21 91 180
1063 225 21 91 180
1064 225 21 91 180
1065 225 21 91 180
1066 225 21 91 180
1067 225 21 91 180
1068 225 21 91 180
1069 225 21 91 180
1070 225 21 91 180
1071 225 21 91 180
1072 225 21 91 180
1073 225 21 91 180
1074 225 21 91 180
1075 225 21 91 180
1076 225 21 91 180
1077 225 21 91 180
1078 225 21 91 180
1079 225 21 91 180
1080 225 21 91 180
1081 225 21 91 180
1082 225 21 91 180
1083 225 21 91 180
1084 225 21 91 180
1085 225 21 91 180
1086 225 21 91 180
1087 225 21 91 180
1088 225 21 91 180
1089 225 21 91 225
1090 225 21 91 225
1091 225 21 91 270
1092 225 21 91 270
1093 225 21 91 270
1094 225 21 91 270
1095 225 21 91 270
1096 225 21 91 270
1097 225 21 91 270
1098 225 21 91 270
1099 225 21 91 270
1100 225 21 91 270
1101 225 21 91 270
1102 225 21 91 315
1103 225 21 91 315
1104 225 21 91 315
1105 225 21 91 315
1106 225 21 91 315
1107 225 21 91 315
1108 225 21 91 315
1109 225 21 91 315
1110 225 21 91 315
1111 225 21 91 315
1112 225 21 91 315
1113 225 21 91 315
1114 225 21 91 315
1115 225 21 91 0
1116 225 21 91 0
1117 225 21 91 0
1118 225 21 91 0
1119 225 21 91 0
1120 225 21 91 0
1121 225 21 91 0
1122 225 21 91 0
1123 225 21 91 0
1124 225 21 91 0
1125 225 21 91 0
1126 225 21 91 0
1127 225 21 91 0
1128 225 21 91 0
1129 225 21 91 0
1130 225 21 91 0
1131 225 21 91 45
1132 225 21 91 45
1133 225 21 91 45
1134 225 21 91 45
1135 225 21 91 45
1136 225 21 91 45
1137 225 21 91 45
1138 225 21 91 45
1139 225 21 91 45
1140 225 21 91 45
1141 225 21 91 45
1142 225 21 91 45
1143 225 21 91 90
1144 225 21 91 90
1145 225 21 91 90
1146 225 21 91 90
1147 225 21 91 90
1148 225 21 91 90
1149 225 21 91 90
1150 225 21 91 90
1151 225 21 91 90
1152 225 21 91 90
1153 225 21 91 90
1154 225 21 91 90
1155 225 21 91 90
1156 225 21 91 90
1157 225 21 91 90
1158 225 21 91 90
1159 225 21 91 135
1160 225 21 91 135
1161 225 21 91 135
1162 225 21 91 135
1163 225 21 91 135
1164 225 21 91 135
1165 225 21 91 135
1166 225 21 91 135
1167 225 21 91 135
1168 225 21 91 135
1169 225 21 91 180
1170 225 21 91 180
1171 225 21 91 180
1172 225 21 91 180
1173 225 21 91 180
1174 225 21 91 180
1175 225 21 91 180
1176 225 21 91 180
1177 225 21 91 180
1178 225 21 91 180
1179 225 21 91 180
1180 225 21 91 180
1181 225 21 91 180
1182 225 21 91 180
1183 225 21 91 180
1184 225 21 91 180
1185 225 21 91 180
1186 225 21 91 180
1187 225 21 91 180
1188 225 21 91 180
1189 225 21 91 180
1190 225 21 91 180
1191 225 21 91 180
1192 225 21 91 180
1193 225 21 91 180
1194 225 21 91 180
1195 225 21 91 180
1196 225 21 91 180
1197 225 21 91 180
1198 225 21 91 180
1199 225 21 91 180
1200 225 21 91 180
1201 225 21 91 180
1202 225 21 91 180
1203 225 21 91 180
1204 225 21 91 180
1205 225 21 91 180
1206 225 21 91 180
1207 225 21 91 180
1208 225 21 91 180
1209 225 21 91 180
1210 225 21 91 180
1211 225 21 91 180
1212 225 21 91 180
1213 225 21 91 180
1214 225 21 91 180
1215 225 21 91 180
1216 225 21 91 180
1217 225 21 91 180
1218 225 21 91 180
1219 225 21 91 180
1220 225 21 91 180
1221 225 21 91 180
1222 225 21 91 180
1223 225 21 91 180
1224 225 21 91 180
1225 225 21 91 180
1226 224 19 91 180
1227 224 19 91 180
1228 224 19 91 180
1229 224 19 91 180
1230 224 19 91 180
1231 224 19 91 180
1232 224 19 91 180
1233 224 19 91 180
1234 224 19 91 180
1235 224 19 91 180
1236 224 19 91 180
1237 224 19 91 180
1238 224 19 91 180
1239 224 19 91 180
1240 224 19 91 180
1241 224 19 91 180
1242 224 19 91 180
1243 224 19 91 180
1244 224 19 91 180
1245 224 19 91 180
1246 224 19 91 180
1247 224 19 91 180
1248 224 19 91 180
1249 224 19 91 180
1250 224 19 91 180
1251 224 19 91 180
1252 224 19 91 180
1253 224 19 91 180
1254 224 19 91 180
1255 224 19 91 180
1256 224 19 91 180
1257 224 19 91 180
1258 224 19 91 180
1259 224 19 91 180
1260 224 19 91 180
1261 224 19 91 180
1262 224 19 91 180
1263 224 19 91 180
1264 224 19 91 180
1265 224 19 91 180
1266 224 19 91 180
1267 224 19 91 180
1268 224 19 91 180
1269 224 19 91 180
1270 224 19 91 180
1271 224 19 91 180
1272 224 19 91 180
1273 224 19 91 180
1274 224 19 91 180
1275 224 19 91 180
1276 224 19 91 180
1277 224 19 91 180
1278 224 19 91 180
1279 224 19 91 180
1280 224 19 91 180
1281 224 19 91 180
1282 224 19 91 180
1283 224 19 91 225
1284 224 19 91 225
1285 224 19 91 270
1286 224 19 91 270
1287 224 19 91 315
1288 224 19 91 315
1289 224 19 91 0
1290 224 19 91 0
1291 224 19 91 0
1292 224 19 91 0
1293 224 19 91 0
1294 224 19 91 45
1295 224 19 91 45
1296 224 19 91 90
1297 224 19 91 90
1298 224 19 91 135
1299 224 19 91 135
1300 224 19 91 135
1301 224 19 91 135
1302 224 19 91 135
1303 224 19 91 135
1304 224 19 91 135
1305 224 19 91 135
1306 224 19 91 135
1307 224 19 91 135
1308 224 19 91 135
1309 224 19 91 135
1310 224 19 91 135
1311 224 19 91 135
1312 224 19 91 135
1313 224 19 91 135
1314 224 19 91 135
1315 224 19 91 135
1316 224 19 91 135
1317 224 19 91 180
1318 224 19 91 180
1319 224 19 91 180
1320 224 19 91 180
1321 224 19 91 180
1322 224 19 91 180
1323 224 19 91 180
1324 224 19 91 180
1325 224 19 91 180
1326 224 19 91 180
1327 224 19 91 180
1328 224 19 91 180
1329 224 19 91 180
1330 224 19 91 180
1331 224 19 91 180
1332 224 19 91 180
1333 224 19 91 180
1334 224 19 91 180
1335 224 19 91 180
1336 224 19 91 180
1337 224 19 91 180
1338 224 19 91 180
1339 224 19 91 180
1340 224 19 91 180
1341 224 19 91 180
1342 224 19 91 180
1343 224 19 91 180
1344 224 19 91 180
1345 224 19 91 180
1346 224 19 91 180
1347 224 19 91 180
1348 224 19 91 180
1349 224 19 91 180
1350 224 19 91 180
1351 224 19 91 180
1352 224 19 91 180
1353 224 19 91 180
1354 224 19 91 180
1355 224 19 91 180
1356 224 19 91 180
1357 224 19 91 180
1358 224 19 91 180
1359 224 19 91 180
1360 224 19 91 180
1361 224 19 91 135
1362 224 19 91 135
1363 224 19 91 135
1364 224 19 91 135
1365 224 19 91 180
1366 224 19 91 180
1367 224 19 91 180
1368 224 19 91 180
1369 224 19 91 180
1370 224 19 91 180
1371 224 19 91 180
1372 224 19 91 180
1373 224 19 91 180
1374 224 19 91 180
1375 224 19 91 180
1376 224 19 91 180
1377 224 19 91 180
1378 224 19 91 180
1379 224 19 91 180
1380 224 19 91 180
1381 224 19 91 180
1382 224 19 91 180
1383 224 19 91 180
1384 224 19 91 180
1385 224 19 91 180
1386 224 19 91 180
1387 224 19 91 180
1388 223 17 91 180
1389 223 17 91 180
1390 223 17 91 180
1391 223 17 91 180
1392 223 17 91 180
1393 223 17 91 180
1394 223 17 91 180
1395 223 17 91 180
1396 223 17 91 180
1397 223 17 91 180
1398 223 17 91 180
1399 223 17 91 180
1400 223 17 91 180
1401 223 17 91 180
1402 223 17 91 180
1403 223 17 91 180
1404 223 17 91 180
1405 223 17 91 180
1406 223 17 91 180
1407 223 17 91 180
1408 223 17 91 180
1409 223 17 91 180
1410 223 17 91 180
1411 223 17 91 180
1412 223 17 91 180
1413 223 17 91 180
1414 223 17 91 180
1415 223 17 91 180
1416 223 17 91 180
1417 223 17 91 180
1418 223 17 91 180
1419 223 17 91 135
1420 223 17 91 135
1421 223 17 91 135
1422 223 17 91 135
1423 223 17 91 135
1424 223 17 91 135
1425 223 17 91 135
1426 223 17 91 135
1427 223 17 91 135
1428 223 17 91 135
1429 223 17 91 135
1430 223 17 91 135
1431 223 17 91 135
1432 223 17 91 135
1433 223 17 91 135
1434 223 17 91 135
1435 223 17 91 135
1436 223 17 91 135
1437 223 17 91 135
1438 223 17 91 135
1439 223 17 91 135
1440 223 17 91 135
1441 223 17 91 135
1442 223 17 91 135
1443 223 17 91 135
1444 223 17 91 135
1445 223 17 91 135
1446 223 17 91 135
1447 223 17 91 135
1448 223 17 91 135
1449 223 17 91 135
1450 223 17 91 135
1451 223 17 91 180
1452 223 17 91 180
1453 223 17 91 180
1454 223 17 91 180
1455 223 17 91 180
1456 223 17 91 180
1457 223 17 91 180
1458 223 17 91 180
1459 223 17 91 180
1460 223 17 91 180
1461 223 17 91 180
1462 223 17 91 180
1463 223 17 91 180
1464 223 17 91 180
1465 223 17 91 180
1466 223 17 91 180
1467 223 17 91 180
1468 223 17 91 180
1469 223 17 91 180
1470 223 17 91 180
1471 223 17 91 180
1472 223 17 91 180
1473 223 17 91 180
1474 223 17 91 180
1475 223 17 91 180
1476 223 17 91 180
1477 223 17 91 180
1478 223 17 91 180
1479 223 17 91 180
1480 223 17 91 180
1481 223 17 91 180
1482 223 17 91 180
1483 223 17 91 180
1484 223 17 91 180
1485 223 17 91 180
1486 223 17 91 180
1487 223 17 91 180
1488 223 17 91 180
1489 223 17 91 180
1490 223 17 91 180
1491 223 17 91 180
1492 223 17 91 180
1493 223 17 91 180
1494 223 17 91 180
1495 223 17 91 180
1496 223 17 91 180
1497 223 17 91 180
1498 223 17 91 180
1499 223 17 91 180
1500 223 17 91 180
1501 223 17 91 180
1502 223 17 91 180
1503 223 17 91 180
1504 223 17 91 180
1505 223 17 91 180
1506 223 17 91 180
1507 223 17 91 180
1508 223 17 91 180
1509 223 17 91 180
1510 223 17 91 180
1511 223 17 91 180
1512 223 17 91 180
1513 223 17 91 180
1514 223 17 91 180
1515 223 17 91 180
1516 223 17 91 180
1517 223 17 91 180
1518 223 17 91 180
1519 223 17 91 180
1520 223 17 91 180
1521 223 17 91 180
1522 223 17 91 180
1523 223 17 91 180
1524 223 17 91 180
1525 223 17 91 180
1526 223 17 91 180
1527 223 17 91 180
1528 223 17 91 180
1529 223 17 91 180
1530 223 17 91 180
1531 223 17 91 180
1532 223 17 91 225
1533 223 17 91 225
1534 223 17 91 225
1535 223 17 91 225
1536 223 17 91 225
1537 223 17 91 225
1538 223 17 91 225
1539 223 17 91 225
1540 223 17 91 225
1541 223 17 91 225
1542 223 17 91 225
1543 223 17 91 225
1544 223 17 91 270
1545 223 17 91 270
1546 223 17 91 270
1547 223 17 91 270
1548 223 17 91 270
1549 223 17 91 270
1550 223 17 91 270
1551 223 17 91 270
1552 223 17 91 270
1553 223 17 91 270
1554 223 17 91 270
1555 223 17 91 270
1556 223 17 91 270
1557 223 17 91 270
1558 223 17 91 315
1559 223 17 91 315
1560 223 17 91 315
1561 223 17 91 315
1562 223 17 91 315
1563 223 17 91 315
1564 223 17 91 315
1565 223 17 91 315
1566 223 17 91 315
1567 223 17 91 315
1568 223 17 91 0
1569 223 17 91 0
1570 223 17 91 0
1571 223 17 91 0
1572 223 17 91 0
1573 223 17 91 0
1574 223 17 91 0
1575 223 17 91 0
1576 223 17 91 0
1577 223 17 91 0
1578 223 17 91 0
1579 223 17 91 0
1580 223 17 91 0
1581 223 17 91 0
1582 223 17 91 45
1583 223 17 91 45
1584 223 17 91 45
1585 223 17 91 45
1586 223 17 91 45
1587 223 17 91 45
1588 223 17 91 45
1589 223 17 91 45
1590 223 17 91 45
1591 223 17 91 45
1592 223 17 91 45
1593 223 17 91 45
1594 223 17 91 45
1595 223 17 91 45
1596 223 17 91 45
1597 223 17 91 90
1598 223 17 91 90
1599 223 17 91 90
1600 223 17 91 90
1601 223 17 91 90
1602 223 17 91 90
1603 223 17 91 90
1604 223 17 91 90
1605 223 17 91 90
1606 223 17 91 90
1607 223 17 91 90
1608 223 17 91 90
1609 223 17 91 90
1610 223 17 91 90
1611 223 17 91 90
1612 223 17 91 135
1613 223 17 91 135
1614 223 17 91 135
1615 223 17 91 135
1616 223 17 91 135
1617 223 17 91 135
1618 223 17 91 135
1619 223 17 91 135
1620 223 17 91 135
1621 223 17 91 180
1622 223 17 91 180
1623 223 17 91 180
1624 223 17 91 180
1625 223 17 91 180
1626 223 17 91 180
1627 223 17 91 180
1628 223 17 91 180
1629 223 17 91 180
1630 223 17 91 180
1631 223 17 91 180
1632 223 17 91 180
1633 223 17 91 180
1634 223 17 91 180
1635 223 17 91 180
1636 223 17 91 180
1637 223 17 91 180
1638 223 17 91 180
1639 223 17 91 180
1640 223 17 91 180
1641 223 17 91 180
1642 223 17 91 180
1643 223 17 91 180
1644 223 17 91 180
1645 223 17 91 180
1646 223 17 91 180
1647 223 17 91 180
1648 223 17 91 180
1649 223 17 91 180
1650 223 17 91 180
1651 223 17 91 180
1652 223 17 91 180
1653 223 17 91 180
1654 223 17 91 180
1655 223 17 91 180
1656 223 17 91 180
1657 223 17 91 180
1658 223 17 91 180
1659 223 17 91 180
1660 223 17 91 180
1661 223 17 91 180
1662 223 17 91 180
1663 223 17 91 180
1664 223 17 91 180
1665 223 17 91 180
1666 223 17 91 180
1667 223 17 91 180
1668 223 17 91 180
1669 223 17 91 180
1670 223 17 91 180
1671 223 17 91 180
1672 223 17 91 180
1673 223 17 91 180
1674 223 17 91 180
1675 223 17 91 135
1676 223 17 91 135
1677 223 17 91 135
1678 223 17 91 135
1679 223 17 91 135
1680 223 17 91 135
1681 223 17 91 135
1682 223 17 91 135
1683 223 17 91 135
1684 223 17 91 135
1685 223 17 91 135
1686 223 17 91 135
1687 223 17 91 135
1688 223 17 91 135
1689 223 17 91 135
1690 223 17 91 135
1691 223 17 91 135
1692 223 17 91 135
1693 222 15 91 135
1694 222 15 91 135
1695 222 15 91 135
1696 222 15 91 135
1697 222 15 91 135
1698 222 15 91 135
1699 222 15 91 135
1700 222 15 91 135
1701 222 15 91 135
1702 222 15 91 135
1703 222 15 91 135
1704 222 15 91 135
1705 222 15 91 135
1706 222 15 91 135
1707 222 15 91 135
1708 222 15 91 135
1709 222 15 91 135
1710 222 15 91 135
1711 222 15 91 135
1712 222 15 91 135
1713 222 15 91 135
1714 222 15 91 135
1715 222 15 91 135
1716 222 15 91 135
1717 222 15 91 135
1718 222 15 91 135
1719 222 15 91 135
1720 222 15 91 135
1721 222 15 91 135
1722 222 15 91 135
1723 222 15 91 180
1724 222 15 91 180
1725 222 15 91 180
1726 222 15 91 180
1727 222 15 91 180
1728 222 15 91 180
1729 222 15 91 180
1730 222 15 91 180
1731 222 15 91 180
1732 222 15 91 180
1733 222 15 91 180
1734 222 15 91 180
1735 222 15 91 180
1736 222 15 91 180
1737 222 15 91 180
1738 222 15 91 180
1739 222 15 91 180
1740 222 15 91 180
1741 222 15 91 225
1742 222 15 91 225
1743 222 15 91 225
1744 222 15 91 225
1745 222 15 91 225
1746 222 15 91 270
1747 222 15 91 270
1748 222 15 91 270
1749 222 15 91 270
1750 222 15 91 270
1751 222 15 91 270
1752 222 15 91 270
1753 222 15 91 270
1754 222 15 91 270
1755 222 15 91 270
1756 222 15 91 270
1757 222 15 91 270
1758 222 15 91 315
1759 222 15 91 315
1760 222 15 91 315
1761 222 15 91 315
1762 222 15 91 315
1763 222 15 91 315
1764 222 15 91 315
1765 222 15 91 315
1766 222 15 91 315
1767 222 15 91 315
1768 222 15 91 0
1769 222 15 91 0
1770 222 15 91 0
1771 222 15 91 0
1772 222 15 91 0
1773 222 15 91 0
1774 222 15 91 0
1775 222 15 91 0
1776 222 15 91 0
1777 222 15 91 0
1778 222 15 91 0
1779 222 15 91 0
1780 222 15 91 0
1781 222 15 91 0
1782 222 15 91 0
1783 222 15 91 0
1784 222 15 91 0
1785 222 15 91 0
1786 222 15 91 0
1787 222 15 91 0
1788 222 15 91 0
1789 222 15 91 0
1790 222 15 91 0
1791 222 15 91 0
1792 222 15 91 0
1793 222 15 91 0
1794 222 15 91 45
1795 222 15 91 45
1796 222 15 91 45
1797 222 15 91 45
1798 222 15 91 45
1799 222 15 91 45
1800 222 15 91 90
1801 222 15 91 90
1802 222 15 91 90
1803 222 15 91 90
1804 222 15 91 90
1805 222 15 91 90
1806 222 15 91 90
1807 222 15 91 90
1808 222 15 91 90
1809 222 15 91 90
1810 222 15 91 90
1811 222 15 91 90
1812 222 15 91 90
1813 222 15 91 90
1814 222 15 91 90
1815 222 15 91 90
1816 222 15 91 90
1817 222 15 91 90
1818 222 15 91 90
1819 222 15 91 90
1820 222 15 91 90
1821 222 15 91 90
1822 222 15 91 135
1823 222 15 91 135
1824 222 15 91 135
1825 222 15 91 135
1826 222 15 91 135
1827 222 15 91 135
1828 222 15 91 135
1829 222 15 91 135
1830 222 15 91 135
1831 222 15 91 180
1832 222 15 91 180
1833 222 15 91 180
1834 222 15 91 180
1835 222 15 91 180
1836 222 15 91 180
1837 222 15 91 180
1838 222 15 91 180
1839 222 15 91 180
1840 222 15 91 180
1841 222 15 91 180
1842 222 15 91 180
1843 222 15 91 180
1844 222 15 91 180
1845 222 15 91 180
1846 222 15 91 180
1847 222 15 91 180
1848 222 15 91 180
1849 222 15 91 180
1850 222 15 91 180
1851 222 15 91 180
1852 222 15 91 180
1853 222 15 91 180
1854 222 15 91 180
1855 222 15 91 180
1856 222 15 91 180
1857 222 15 91 180
1858 222 15 91 180
1859 222 15 91 180
1860 222 15 91 180
1861 222 15 91 180
1862 222 15 91 180
1863 222 15 91 180
1864 222 15 91 180
1865 222 15 91 180
1866 222 15 91 180
1867 222 15 91 180
1868 222 15 91 180
1869 222 15 91 180
1870 222 15 91 180
1871 222 15 91 180
1872 222 15 91 180
1873 222 15 91 180
1874 222 15 91 180
1875 222 15 91 180
1876 222 15 91 180
1877 222 15 91 180
1878 222 15 91 180
1879 222 15 91 180
1880 222 15 91 180
1881 222 15 91 180
1882 222 15 91 180
1883 222 15 91 180
1884 222 15 91 180
1885 222 15 91 180
1886 222 15 91 180
1887 222 15 91 180
1888 222 15 91 180
1889 222 15 91 180
1890 222 15 91 180
1891 222 15 91 180
1892 222 15 91 180
1893 222 15 91 180
1894 222 15 91 180
1895 222 15 91 180
1896 222 15 91 180
1897 222 15 91 180
1898 222 15 91 180
1899 222 15 91 180
1900 222 15 91 180
1901 222 15 91 180
1902 222 15 91 180
1903 222 15 91 180
1904 222 15 91 180
1905 222 15 91 180
1906 222 15 91 180
1907 222 15 91 180
1908 222 15 91 180
1909 222 15 91 180
1910 222 15 91 180
1911 222 15 91 180
1912 222 15 91 180
1913 222 15 91 180
1914 222 15 91 180
1915 222 15 91 180
1916 222 15 91 180
1917 222 15 91 180
1918 222 15 91 180
1919 222 15 91 180
1920 222 15 91 180
1921 222 15 91 180
1922 222 15 91 135
1923 222 15 91 180
1924 222 15 91 180
1925 222 15 91 135
1926 222 15 91 135
1927 222 15 91 135
1928 222 15 91 135
1929 222 15 91 135
1930 222 15 91 135
1931 222 15 91 135
1932 222 15 91 135
1933 222 15 91 135
1934 222 15 91 135
1935 222 15 91 135
1936 222 15 91 135
1937 222 15 91 135
1938 222 15 91 135
1939 222 15 91 135
1940 222 15 91 135
1941 222 15 91 135
1942 222 15 91 135
1943 222 15 91 135
1944 222 15 91 135
1945 222 15 91 180
1946 222 15 91 180
1947 222 15 91 180
1948 222 15 91 180
1949 222 15 91 180
1950 222 15 91 180
1951 222 15 91 180
1952 222 15 91 180
1953 222 15 91 180
1954 222 15 91 180
1955 222 15 91 180
1956 222 15 91 180
1957 222 15 91 180
1958 222 15 91 180
1959 222 15 91 180
1960 221 13 91 180
1961 221 13 91 180
1962 221 13 91 180
1963 221 13 91 180
1964 221 13 91 180
1965 221 13 91 180
1966 221 13 91 180
1967 221 13 91 180
1968 221 13 91 180
1969 221 13 91 180
1970 221 13 91 180
1971 221 13 91 180
1972 221 13 91 180
1973 221 13 91 180
1974 221 13 91 135
1975 221 13 91 180
1976 221 13 91 180
1977 221 13 91 180
1978 221 13 91 180
1979 221 13 91 180
1980 221 13 91 180
1981 221 13 91 180
1982 221 13 91 180
1983 221 13 91 180
1984 221 13 91 180
1985 221 13 91 180
1986 221 13 91 180
1987 221 13 91 180
1988 221 13 91 180
1989 221 13 91 180
1990 221 13 91 180
1991 221 13 91 180
1992 221 13 91 180
1993 221 13 91 180
1994 221 13 91 180
1995 221 13 91 180
1996 221 13 91 180
1997 221 13 91 180
1998 221 13 91 180
1999 221 13 91 180
2000 221 13 91 180
2001 221 13 91 180
2002 221 13 91 180
2003 221 13 91 180
2004 221 13 91 180
2005 221 13 91 180
2006 221 13 91 180
2007 221 13 91 180
2008 221 13 91 180
2009 221 13 91 180
2010 221 13 91 180
2011 221 13 91 180
2012 221 13 91 180
2013 221 13 91 180
2014 221 13 91 180
2015 221 13 91 180
2016 221 13 91 180
2017 221 13 91 180
2018 221 13 91 180
2019 221 13 91 180
2020 221 13 91 180
2021 221 13 91 180
2022 221 13 91 180
2023 221 13 91 180
2024 221 13 91 180
2025 221 13 91 180
2026 221 13 91 180
2027 221 13 91 180
2028 221 13 91 180
2029 221 13 91 180
2030 221 13 91 180
2031 221 13 91 180
2032 221 13 91 180
2033 221 13 91 180
2034 221 13 91 180
2035 221 13 91 180
2036 221 13 91 180
2037 221 13 91 180
2038 221 13 91 180
2039 221 13 91 180
2040 221 13 91 180
2041 221 13 91 180
2042 221 13 91 180
2043 221 13 91 180
2044 221 13 91 180
2045 221 13 91 180
2046 221 13 91 180
2047 221 13 91 180
2048 221 13 91 180
2049 221 13 91 180
2050 221 13 91 180
2051 221 13 91 180
2052 221 13 91 180
2053 221 13 91 180
2054 221 13 91 180
2055 221 13 91 180
2056 221 13 91 180
2057 221 13 91 180
2058 221 13 91 180
2059 221 13 91 180
2060 221 13 91 180
2061 221 13 91 180
2062 221 13 91 180
2063 221 13 91 180
2064 221 13 91 180
2065 221 13 91 180
2066 221 13 91 180
2067 221 13 91 180
2068 221 13 91 180
2069 221 13 91 180
2070 221 13 91 180
2071 221 13 91 180
2072 221 13 91 180
2073 221 13 91 180
2074 221 13 91 180
2075 221 13 91 180
2076 221 13 91 180
2077 221 13 91 180
2078 221 13 91 180
2079 221 13 91 180
2080 221 13 91 180
2081 221 13 91 180
2082 221 13 91 180
2083 221 13 91 180
2084 221 13 91 180
2085 221 13 91 180
2086 221 13 91 180
2087 221 13 91 180
2088 221 13 91 180
2089 221 13 91 180
2090 221 13 91 180
2091 221 13 91 180
2092 221 13 91 180
2093 221 13 91 180
2094 221 13 91 180
2095 221 13 91 225
2096 221 13 91 270
2097 221 13 91 270
2098 221 13 91 270
2099 221 13 91 270
2100 221 13 91 270
2101 221 13 91 270
2102 221 13 91 270
2103 221 13 91 270
2104 221 13 91 270
2105 221 13 91 270
2106 221 13 91 270
2107 221 13 91 270
2108 221 13 91 270
2109 221 13 91 270
2110 221 13 91 315
2111 221 13 91 315
2112 221 13 91 315
2113 221 13 91 315
2114 221 13 91 315
2115 221 13 91 315
2116 221 13 91 315
2117 221 13 91 315
2118 221 13 91 315
2119 221 13 91 315
2120 221 13 91 315
2121 221 13 91 315
2122 221 13 91 315
2123 221 13 91 315
2124 221 13 91 315
2125 221 13 91 315
2126 221 13 91 315
2127 221 13 91 315
2128 221 13 91 0
2129 221 13 91 0
2130 221 13 91 0
2131 221 13 91 0
2132 221 13 91 0
2133 221 13 91 0
2134 221 13 91 0
2135 221 13 91 0
2136 221 13 91 0
2137 221 13 91 0
2138 221 13 91 0
2139 221 13 91 45
2140 221 13 91 45
2141 221 13 91 45
2142 221 13 91 45
2143 221 13 91 45
2144 221 13 91 45
2145 221 13 91 45
2146 221 13 91 45
2147 221 13 91 45
2148 221 13 91 45
2149 221 13 91 45
2150 221 13 91 45
2151 221 13 91 45
2152 221 13 91 45
2153 221 13 91 45
2154 221 13 91 45
2155 221 13 91 45
2156 221 13 91 45
2157 221 13 91 45
2158 221 13 91 45
2159 221 13 91 45
2160 221 13 91 90
2161 221 13 91 90
2162 221 13 91 90
2163 221 13 91 90
2164 221 13 91 90
2165 221 13 91 90
2166 221 13 91 90
2167 221 13 91 90
2168 221 13 91 90
2169 221 13 91 90
2170 221 13 91 90
2171 221 13 91 135
2172 221 13 91 135
2173 221 13 91 135
2174 221 13 91 135
2175 221 13 91 135
2176 221 13 91 135
2177 221 13 91 135
2178 221 13 91 135
2179 221 13 91 180
2180 221 13 91 180
2181 221 13 91 180
2182 221 13 91 180
2183 221 13 91 180
2184 221 13 91 180
2185 221 13 91 180
2186 221 13 91 180
2187 221 13 91 180
2188 221 13 91 180
2189 221 13 91 180
2190 221 13 91 180
2191 221 13 91 180
2192 221 13 91 180
2193 221 13 91 180
2194 221 13 91 180
2195 221 13 91 180
2196 221 13 91 180
2197 221 13 91 180
2198 221 13 91 180
2199 221 13 91 180
2200 221 13 91 180
2201 221 13 91 180
2202 221 13 91 180
2203 221 13 91 180
2204 221 13 91 180
2205 221 13 91 180
2206 221 13 91 180
2207 221 13 91 180
2208 221 13 91 180
2209 221 13 91 180
2210 221 13 91 180
2211 221 13 91 180
2212 221 13 91 180
2213 221 13 91 180
2214 221 13 91 180
2215 221 13 91 180
2216 221 13 91 180
2217 221 13 91 180
2218 221 13 91 180
2219 221 13 91 180
2220 221 13 91 180
2221 221 13 91 180
2222 221 13 91 180
2223 221 13 91 180
2224 221 13 91 180
2225 221 13 91 180
2226 221 13 91 180
2227 221 13 91 180
2228 221 13 91 180
2229 221 13 91 180
2230 221 13 91 180
2231 221 13 91 180
2232 221 13 91 180
2233 221 13 91 180
2234 221 13 91 180
2235 221 13 91 180
2236 221 13 91 180
2237 221 13 91 180
2238 221 13 91 180
2239 221 13 91 180
2240 221 13 91 180
2241 221 13 91 180
2242 221 13 91 180
2243 221 13 91 180
2244 221 13 91 180
2245 221 13 91 180
2246 221 13 91 180
2247 221 13 91 180
2248 221 13 91 180
2249 221 13 91 180
2250 184 11 91 180
2251 184 11 91 180
2252 184 11 91 180
2253 184 11 91 180
2254 184 11 91 180
2255 184 11 91 180
2256 184 11 91 180
2257 184 11 91 180
2258 184 11 91 180
2259 184 11 91 180
2260 184 11 91 180
2261 184 11 91 180
2262 184 11 91 180
2263 184 11 91 180
2264 184 11 91 180
2265 184 11 91 180
2266 184 11 91 180
2267 184 11 91 180
2268 184 11 91 180
2269 184 11 91 180
2270 184 11 91 180
2271 184 11 91 180
2272 184 11 91 180
2273 184 11 91 180
2274 184 11 91 180
2275 184 11 91 180
2276 184 11 91 180
2277 184 11 91 180
2278 184 11 91 180
2279 184 11 91 180
2280 184 11 91 180
2281 184 11 91 180
2282 184 11 91 180
2283 184 11 91 180
2284 184 11 91 180
2285 184 11 91 180
2286 184 11 91 180
2287 184 11 91 180
2288 184 11 91 180
2289 184 11 91 180
2290 184 11 91 180
2291 184 11 91 180
2292 184 11 91 180
2293 184 11 91 180
2294 184 11 91 180
2295 184 11 91 180
2296 184 11 91 180
2297 184 11 91 180
2298 184 11 91 180
2299 184 11 91 180
2300 184 11 91 180
2301 184 11 91 180
2302 184 11 91 180
2303 184 11 91 180
2304 184 11 91 180
2305 184 11 91 225
2306 184 11 91 225
2307 184 11 91 270
2308 184 11 91 270
2309 184 11 91 270
2310 184 11 91 270
2311 184 11 91 270
2312 184 11 91 270
2313 184 11 91 270
2314 184 11 91 270
2315 184 11 91 270
2316 184 11 91 270
2317 184 11 91 270
2318 184 11 91 270
2319 184 11 91 270
2320 184 11 91 315
2321 184 11 91 315
2322 184 11 91 315
2323 184 11 91 315
2324 184 11 91 315
2325 184 11 91 315
2326 184 11 91 315
2327 184 11 91 315
2328 184 11 91 315
2329 184 11 91 0
2330 184 11 91 0
2331 184 11 91 0
2332 184 11 91 0
2333 184 11 91 0
2334 184 11 91 0
2335 184 11 91 0
2336 184 11 91 0
2337 184 11 91 0
2338 184 11 91 45
2339 184 11 91 45
2340 184 11 91 45
2341 184 11 91 45
2342 184 11 91 45
2343 184 11 91 90
2344 184 11 91 90
2345 184 11 91 90
2346 184 11 91 90
2347 184 11 91 90
2348 184 11 91 90
2349 184 11 91 90
2350 184 11 91 90
2351 184 11 91 90
2352 184 11 91 90
2353 184 11 91 90
2354 184 11 91 135
2355 184 11 91 90
2356 184 11 91 135
2357 184 11 91 135
2358 184 11 91 135
2359 184 11 91 135
2360 184 11 91 135
2361 184 11 91 135
2362 184 11 91 135
2363 184 11 91 135
2364 184 11 91 135
2365 184 11 91 135
2366 184 11 91 135
2367 184 11 91 135
2368 184 11 91 135
2369 184 11 91 135
2370 184 11 91 135
2371 184 11 91 135
2372 184 11 91 135
2373 184 11 91 135
2374 184 11 91 135
2375 184 11 91 135
2376 184 11 91 135
2377 184 11 91 135
2378 184 11 91 135
2379 184 11 91 180
2380 184 11 91 180
2381 184 11 91 180
2382 184 11 91 180
2383 184 11 91 180
2384 184 11 91 180
2385 184 11 91 180
2386 184 11 91 180
2387 184 11 91 180
2388 184 11 91 180
2389 184 11 91 180
2390 184 11 91 180
2391 184 11 91 180
2392 184 11 91 180
2393 184 11 91 180
2394 184 11 91 180
2395 184 11 91 180
2396 184 11 91 180
2397 184 11 91 180
2398 184 11 91 180
2399 184 11 91 180
2400 184 11 91 180
2401 184 11 91 180
2402 184 11 91 180
2403 184 11 91 180
2404 184 11 91 180
2405 184 11 91 180
2406 184 11 91 180
2407 184 11 91 180
2408 184 11 91 180
2409 184 11 91 180
2410 184 11 91 180
2411 184 11 91 180
2412 184 11 91 180
2413 184 11 91 180
2414 184 11 91 180
2415 184 11 91 180
2416 184 11 91 180
2417 184 11 91 180
2418 184 11 91 180
2419 184 11 91 180
2420 184 11 91 135
2421 184 11 91 135
2422 184 11 91 135
2423 184 11 91 135
2424 184 11 91 135
2425 184 11 91 135
2426 184 11 91 135
2427 184 11 91 135
2428 184 11 91 135
2429 184 11 91 135
2430 184 11 91 135
2431 184 11 91 135
2432 184 11 91 135
2433 184 11 91 135
2434 184 11 91 135
2435 184 11 91 135
2436 184 11 91 135
2437 184 11 91 135
2438 184 11 91 135
2439 184 11 91 135
2440 184 11 91 135
2441 184 11 91 135
2442 184 11 91 180
2443 184 11 91 180
2444 184 11 91 180
2445 184 11 91 180
2446 184 11 91 180
2447 184 11 91 180
2448 184 11 91 180
2449 184 11 91 180
2450 184 11 91 180
2451 184 11 91 180
2452 220 8.5 91 180
2453 220 8.5 91 180
2454 220 8.5 91 180
2455 220 8.5 91 180
2456 220 8.5 91 180
2457 220 8.5 91 180
2458 220 8.5 91 180
2459 220 8.5 91 180
2460 220 8.5 91 180
2461 220 8.5 91 180
2462 220 8.5 91 180
2463 220 8.5 91 180
2464 220 8.5 91 180
2465 220 8.5 91 180
2466 220 8.5 91 180
2467 220 8.5 91 180
2468 220 8.5 91 180
2469 220 8.5 91 180
2470 220 8.5 91 180
2471 220 8.5 91 180
2472 220 8.5 91 180
2473 220 8.5 91 180
2474 220 8.5 91 180
2475 220 8.5 91 180
2476 220 8.5 91 180
2477 220 8.5 91 180
2478 220 8.5 91 180
2479 220 8.5 91 180
2480 220 8.5 91 180
2481 220 8.5 91 180
2482 220 8.5 91 180
2483 220 8.5 91 180
2484 220 8.5 91 180
2485 220 8.5 91 180
2486 220 8.5 91 180
2487 220 8.5 91 180
2488 220 8.5 91 180
2489 220 8.5 91 180
2490 220 8.5 91 180
2491 220 8.5 91 180
2492 220 8.5 91 180
2493 220 8.5 91 180
2494 220 8.5 91 180
2495 220 8.5 91 180
2496 220 8.5 91 180
2497 220 8.5 91 180
2498 220 8.5 91 180
2499 220 8.5 91 180
2500 220 8.5 91 180
2501 220 8.5 91 180
2502 220 8.5 91 180
2503 220 8.5 91 180
2504 220 8.5 91 180
2505 220 8.5 91 180
2506 220 8.5 91 180
2507 220 8.5 91 135
2508 220 8.5 91 135
2509 220 8.5 91 135
2510 220 8.5 91 135
2511 220 8.5 91 135
2512 220 8.5 91 135
2513 220 8.5 91 135
2514 220 8.5 91 135
2515 220 8.5 91 135
2516 220 8.5 91 135
2517 220 8.5 91 135
2518 220 8.5 91 135
2519 220 8.5 91 135
2520 220 8.5 91 135
2521 220 8.5 91 135
2522 220 8.5 91 135
2523 220 8.5 91 135
2524 220 8.5 91 135
2525 220 8.5 91 135
2526 220 8.5 91 135
2527 220 8.5 91 135
2528 220 8.5 91 135
2529 220 8.5 91 135
2530 220 8.5 91 135
2531 220 8.5 91 135
2532 220 8.5 91 135
2533 220 8.5 91 135
2534 220 8.5 91 135
2535 220 8.5 91 135
2536 220 8.5 91 135
2537 220 8.5 91 135
2538 220 8.5 91 135
2539 220 8.5 91 135
2540 220 8.5 91 180
2541 220 8.5 91 180
2542 220 8.5 91 180
2543 220 8.5 91 180
2544 220 8.5 91 180
2545 220 8.5 91 180
2546 220 8.5 91 180
2547 220 8.5 91 180
2548 220 8.5 91 180
2549 220 8.5 91 180
2550 220 8.5 91 180
2551 220 8.5 91 180
2552 220 8.5 91 180
2553 220 8.5 91 225
2554 220 8.5 91 225
2555 220 8.5 91 225
2556 220 8.5 91 225
2557 220 8.5 91 225
2558 220 8.5 91 225
2559 220 8.5 91 225
2560 220 8.5 91 225
2561 220 8.5 91 225
2562 220 8.5 91 225
2563 220 8.5 91 225
2564 220 8.5 91 225
2565 220 8.5 91 225
2566 220 8.5 91 225
2567 220 8.5 91 270
2568 220 8.5 91 270
2569 220 8.5 91 270
2570 220 8.5 91 270
2571 220 8.5 91 270
2572 220 8.5 91 270
2573 220 8.5 91 270
2574 220 8.5 91 270
2575 220 8.5 91 270
2576 220 8.5 91 270
2577 220 8.5 91 270
2578 220 8.5 91 270
2579 220 8.5 91 315
2580 220 8.5 91 315
2581 220 8.5 91 315
2582 220 8.5 91 315
2583 220 8.5 91 315
2584 220 8.5 91 315
2585 220 8.5 91 315
2586 220 8.5 91 315
2587 220 8.5 91 315
2588 220 8.5 91 0
2589 220 8.5 91 0
2590 220 8.5 91 0
2591 220 8.5 91 0
2592 220 8.5 91 0
2593 220 8.5 91 0
2594 220 8.5 91 0
2595 220 8.5 91 0
2596 220 8.5 91 0
2597 220 8.5 91 45
2598 220 8.5 91 45
2599 220 8.5 91 45
2600 220 8.5 91 45
2601 220 8.5 91 45
2602 220 8.5 91 45
2603 220 8.5 91 45
2604 220 8.5 91 45
2605 220 8.5 91 45
2606 220 8.5 91 45
2607 220 8.5 91 90
2608 220 8.5 91 90
2609 220 8.5 91 90
2610 220 8.5 91 90
2611 220 8.5 91 90
2612 220 8.5 91 90
2613 220 8.5 91 90
2614 220 8.5 91 90
2615 220 8.5 91 90
2616 220 8.5 91 135
2617 220 8.5 91 135
2618 220 8.5 91 135
2619 220 8.5 91 135
2620 220 8.5 91 135
2621 220 8.5 91 135
2622 220 8.5 91 135
2623 220 8.5 91 135
2624 220 8.5 91 135
2625 220 8.5 91 135
2626 220 8.5 91 135
2627 220 8.5 91 135
2628 220 8.5 91 135
2629 220 8.5 91 135
2630 220 8.5 91 135
2631 220 8.5 91 180
2632 220 8.5 91 180
2633 220 8.5 91 180
2634 220 8.5 91 180
2635 220 8.5 91 180
2636 220 8.5 91 180
2637 220 8.5 91 180
2638 220 8.5 91 180
2639 220 8.5 91 180
2640 220 8.5 91 180
2641 220 8.5 91 180
2642 220 8.5 91 180
2643 220 8.5 91 180
2644 220 8.5 91 180
2645 220 8.5 91 180
2646 220 8.5 91 180
2647 220 8.5 91 180
2648 220 8.5 91 180
2649 220 8.5 91 180
2650 220 8.5 91 180
2651 220 8.5 91 180
2652 220 8.5 91 135
2653 220 8.5 91 135
2654 220 8.5 91 135
2655 220 8.5 91 135
2656 220 8.5 91 135
2657 220 8.5 91 135
2658 220 8.5 91 135
2659 220 8.5 91 135
2660 220 8.5 91 135
2661 220 8.5 91 135
2662 220 8.5 91 135
2663 220 8.5 91 135
2664 220 8.5 91 135
2665 220 8.5 91 135
2666 220 8.5 91 135
2667 220 8.5 91 135
2668 220 8.5 91 135
2669 220 8.5 91 135
2670 220 8.5 91 135
2671 220 8.5 91 135
2672 220 8.5 91 135
2673 220 8.5 91 135
2674 220 8.5 91 135
2675 220 8.5 91 135
2676 220 8.5 91 135
2677 220 8.5 91 135
2678 220 8.5 91 135
2679 220 8.5 91 135
2680 220 8.5 91 135
2681 220 8.5 91 135
2682 220 8.5 91 135
2683 220 8.5 91 135
2684 220 8.5 91 135
2685 220 8.5 91 135
2686 220 8.5 91 135
2687 220 8.5 91 135
2688 220 8.5 91 135
2689 220 8.5 91 135
2690 220 8.5 91 135
2691 220 8.5 91 135
2692 220 8.5 91 135
2693 220 8.5 91 135
2694 220 8.5 91 135
2695 220 8.5 91 135
2696 220 8.5 91 135
2697 220 8.5 91 135
2698 220 8.5 91 135
2699 220 8.5 91 135
2700 220 8.5 91 135
2701 220 8.5 91 135
2702 220 8.5 91 135
2703 220 8.5 91 135
2704 220 8.5 91 135
2705 220 8.5 91 135
2706 218 6 91 135
2707 218 6 91 135
2708 218 6 91 135
2709 218 6 91 135
2710 218 6 91 135
2711 218 6 91 135
2712 218 6 91 135
2713 218 6 91 135
2714 218 6 91 135
2715 218 6 91 135
2716 218 6 91 135
2717 218 6 91 135
2718 218 6 91 135
2719 218 6 91 135
2720 218 6 91 135
2721 218 6 91 135
2722 218 6 91 135
2723 218 6 91 135
2724 218 6 91 135
2725 218 6 91 135
2726 218 6 91 135
2727 218 6 91 135
2728 218 6 91 135
2729 218 6 91 135
2730 218 6 91 135
2731 218 6 91 135
2732 218 6 91 180
2733 218 6 91 180
2734 218 6 91 180
2735 218 6 91 180
2736 218 6 91 180
2737 218 6 91 225
2738 218 6 91 225
2739 218 6 91 225
2740 218 6 91 225
2741 218 6 91 225
2742 218 6 91 270
2743 218 6 91 270
2744 218 6 91 270
2745 218 6 91 270
2746 218 6 91 270
2747 218 6 91 270
2748 218 6 91 270
2749 218 6 91 270
2750 218 6 91 270
2751 218 6 91 270
2752 218 6 91 270
2753 218 6 91 270
2754 218 6 91 270
2755 218 6 91 270
2756 218 6 91 315
2757 218 6 91 270
2758 218 6 91 315
2759 218 6 91 315
2760 218 6 91 315
2761 218 6 91 315
2762 218 6 91 315
2763 218 6 91 315
2764 218 6 91 315
2765 218 6 91 315
2766 218 6 91 315
2767 218 6 91 315
2768 218 6 91 315
2769 218 6 91 0
2770 218 6 91 0
2771 218 6 91 0
2772 218 6 91 0
2773 218 6 91 0
2774 218 6 91 0
2775 218 6 91 0
2776 218 6 91 0
2777 218 6 91 0
2778 218 6 91 0
2779 218 6 91 0
2780 218 6 91 45
2781 218 6 91 45
2782 218 6 91 45
2783 218 6 91 45
2784 218 6 91 45
2785 218 6 91 45
2786 218 6 91 45
2787 218 6 91 45
2788 218 6 91 90
2789 218 6 91 90
2790 218 6 91 90
2791 218 6 91 90
2792 218 6 91 90
2793 218 6 91 135
2794 218 6 91 135
2795 218 6 91 135
2796 218 6 91 135
2797 218 6 91 135
2798 218 6 91 135
2799 218 6 91 135
2800 218 6 91 135
2801 218 6 91 135
2802 218 6 91 135
2803 218 6 91 135
2804 218 6 91 135
2805 218 6 91 135
2806 218 6 91 135
2807 218 6 91 135
2808 218 6 91 135
2809 218 6 91 135
2810 218 6 91 135
2811 218 6 91 135
2812 218 6 91 135
2813 218 6 91 135
2814 218 6 91 135
2815 218 6 91 135
2816 218 6 91 135
2817 218 6 91 135
2818 218 6 91 135
2819 218 6 91 135
2820 218 6 91 135
2821 218 6 91 135
2822 218 6 91 135
2823 218 6 91 135
2824 218 6 91 135
2825 218 6 91 135
2826 218 6 91 90
2827 218 6 91 90
2828 218 6 91 45
2829 218 6 91 45
2830 218 6 91 45
2831 218 6 91 45
2832 218 6 91 45
2833 218 6 91 45
2834 218 6 91 45
2835 218 6 91 45
2836 218 6 91 90
2837 218 6 91 90
2838 218 6 91 90
2839 218 6 91 90
2840 218 6 91 90
2841 218 6 91 90
2842 218 6 91 90
2843 218 6 91 90
2844 218 6 91 90
2845 218 6 91 90
2846 218 6 91 90
2847 218 6 91 90
2848 218 6 91 90
2849 218 6 91 90
2850 218 6 91 90
2851 218 6 91 90
2852 218 6 91 90
2853 218 6 91 90
2854 218 6 91 90
2855 218 6 91 90
2856 218 6 91 90
2857 218 6 91 90
2858 218 6 91 90
2859 218 6 91 90
2860 218 6 91 90
2861 218 6 91 90
2862 218 6 91 90
2863 218 6 91 90
2864 218 6 91 90
2865 218 6 91 90
2866 218 6 91 90
2867 218 6 91 90
2868 218 6 91 90
2869 218 6 91 90
2870 218 6 91 90
2871 218 6 91 90
2872 218 6 91 90
2873 218 6 91 90
2874 218 6 91 90
2875 218 6 91 90
2876 219 6 93.5 90
2877 219 6 93.5 90
2878 219 6 93.5 90
2879 219 6 93.5 90
2880 219 6 93.5 90
2881 219 6 93.5 90
2882 219 6 93.5 90
2883 219 6 93.5 90
2884 219 6 93.5 90
2885 219 6 93.5 90
2886 219 6 93.5 90
2887 219 6 93.5 90
2888 219 6 93.5 90
2889 219 6 93.5 90
2890 219 6 93.5 90
2891 219 6 93.5 90
2892 219 6 93.5 90
2893 219 6 93.5 90
2894 219 6 93.5 90
2895 219 6 93.5 90
2896 219 6 93.5 90
2897 219 6 93.5 90
2898 219 6 93.5 135
2899 219 6 93.5 135
2900 219 6 93.5 135
2901 219 6 93.5 135
2902 219 6 93.5 180
2903 219 6 93.5 180
2904 219 6 93.5 180
2905 219 6 93.5 180
2906 219 6 93.5 180
2907 219 6 93.5 180
2908 219 6 93.5 180
2909 219 6 93.5 180
2910 219 6 93.5 180
2911 219 6 93.5 180
2912 219 6 93.5 180
2913 219 6 93.5 180
2914 219 6 93.5 180
2915 219 6 93.5 180
2916 219 6 93.5 180
2917 219 6 93.5 180
2918 219 6 93.5 180
2919 219 6 93.5 180
2920 219 6 93.5 180
2921 219 6 93.5 180
2922 219 6 93.5 225
2923 219 6 93.5 225
2924 219 6 93.5 225
2925 219 6 93.5 225
2926 219 6 93.5 225
2927 219 6 93.5 225
2928 219 6 93.5 225
2929 219 6 93.5 225
2930 219 6 93.5 225
2931 219 6 93.5 225
2932 219 6 93.5 270
2933 219 6 93.5 270
2934 219 6 93.5 315
2935 219 6 93.5 315
2936 219 6 93.5 0
2937 219 6 93.5 0
2938 219 6 93.5 0
2939 219 6 93.5 0
2940 219 6 93.5 0
2941 219 6 93.5 0
2942 219 6 93.5 0
2943 219 6 93.5 45
2944 219 6 93.5 45
2945 219 6 93.5 90
2946 219 6 93.5 90
2947 219 6 93.5 135
2948 219 6 93.5 135
2949 219 6 93.5 135
2950 219 6 93.5 135
2951 219 6 93.5 135
2952 219 6 93.5 135
2953 219 6 93.5 135
2954 219 6 93.5 135
2955 219 6 93.5 135
2956 219 6 93.5 90
2957 219 6 93.5 90
2958 219 6 93.5 90
2959 219 6 93.5 90
2960 219 6 93.5 90
2961 219 6 93.5 90
2962 219 6 93.5 90
2963 219 6 93.5 90
2964 219 6 93.5 90
2965 219 6 93.5 90
2966 219 6 93.5 90
2967 219 6 93.5 90
2968 219 6 93.5 90
2969 219 6 93.5 90
2970 219 6 93.5 90
2971 219 6 93.5 90
2972 219 6 93.5 90
2973 219 6 93.5 90
2974 219 6 93.5 90
2975 219 6 93.5 90
2976 219 6 93.5 90
2977 219 6 93.5 90
2978 219 6 93.5 90
2979 219 6 93.5 90
2980 219 6 93.5 90
2981 219 6 93.5 90
2982 219 6 93.5 90
2983 219 6 93.5 90
2984 219 6 93.5 90
2985 219 6 93.5 90
2986 219 6 93.5 90
2987 219 6 93.5 90
2988 219 6 93.5 90
2989 219 6 93.5 90
2990 219 6 93.5 90
2991 219 6 93.5 90
2992 219 6 93.5 90
2993 219 6 93.5 90
