1 153 31 80 270
2 153 31 80 270
3 153 31 80 270
4 153 31 80 270
5 153 31 80 270
6 153 31 80 270
7 153 31 80 270
8 153 31 80 270
9 153 31 80 270
10 153 31 80 270
11 153 31 80 270
12 153 31 80 270
13 153 31 80 270
14 153 31 80 270
15 153 31 80 270
16 153 31 80 270
17 153 31 80 270
18 153 31 80 225
19 153 31 80 225
20 153 31 80 225
21 153 31 80 225
22 153 31 80 225
23 153 31 80 225
24 153 31 80 225
25 153 31 80 180
26 153 31 80 180
27 153 31 80 180
28 153 31 80 180
29 153 31 80 180
30 153 31 80 180
31 153 31 80 135
32 153 31 80 135
33 153 31 80 135
34 153 31 80 135
35 153 31 80 135
36 153 31 80 135
37 153 31 80 135
38 153 31 80 135
39 153 31 80 135
40 153 31 80 135
41 153 31 80 135
42 153 31 80 135
43 153 31 80 135
44 153 31 80 135
45 153 31 80 135
46 153 31 80 135
47 153 31 80 135
48 153 31 80 90
49 153 31 80 90
50 153 31 80 90
51 153 31 80 90
52 153 31 80 90
53 153 31 80 45
54 153 31 80 45
55 153 31 80 0
56 153 31 80 0
57 153 31 80 0
58 153 31 80 0
59 153 31 80 0
60 153 31 80 0
61 153 31 80 0
62 153 31 80 0
63 153 31 80 0
64 153 31 80 0
65 153 31 80 0
66 153 31 80 0
67 153 31 80 0
68 153 31 80 0
69 153 31 80 0
70 153 31 80 0
71 153 31 80 0
72 153 31 80 0
73 153 31 80 0
74 153 31 80 315
75 153 31 80 315
76 153 31 80 315
77 153 31 80 315
78 153 31 80 315
79 153 31 80 315
80 153 31 80 315
81 153 31 80 315
82 153 31 80 315
83 153 31 80 315
84 153 31 80 270
85 153 31 80 270
86 153 31 80 270
87 153 31 80 225
88 153 31 80 225
89 153 31 80 180
90 153 31 80 180
91 153 31 80 135
92 153 31 80 135
93 153 31 80 135
94 153 31 80 135
95 153 31 80 135
96 153 31 80 135
97 153 31 80 135
98 153 31 80 135
99 153 31 80 135
100 153 31 80 135
101 153 31 80 135
102 153 31 80 135
103 153 31 80 135
104 153 31 80 135
105 153 31 80 135
106 153 31 80 135
107 153 31 80 135
108 153 31 80 135
109 153 31 80 90
110 153 31 80 90
111 153 31 80 45
112 153 31 80 45
113 153 31 80 0
114 153 31 80 0
115 153 31 80 315
116 153 31 80 315
117 153 31 80 315
118 153 31 80 315
119 153 31 80 315
120 153 31 80 315
121 153 31 80 315
122 153 31 80 315
123 153 31 80 315
124 153 31 80 315
125 153 31 80 315
126 153 31 80 315
127 153 31 80 315
128 153 31 80 315
129 153 31 80 315
130 153 31 80 315
131 153 31 80 315
132 153 31 80 0
133 153 31 80 0
134 153 31 80 45
135 153 31 80 45
136 153 31 80 45
137 153 31 80 45
138 153 31 80 45
139 153 31 80 45
140 153 31 80 45
141 153 31 80 45
142 153 31 80 45
143 153 31 80 45
144 153 31 80 45
145 153 31 80 45
146 153 31 80 45
147 153 31 80 45
148 153 31 80 45
149 153 31 80 45
150 153 31 80 45
151 153 31 80 45
152 153 31 80 45
153 153 31 80 45
154 153 31 80 45
155 153 31 80 45
156 153 31 80 45
157 153 31 80 45
158 153 31 80 45
159 153 31 80 45
160 153 31 80 45
161 153 31 80 45
162 153 31 80 45
163 153 31 80 45
164 153 31 80 45
165 153 31 80 45
166 153 31 80 45
167 153 31 80 45
168 153 31 80 45
169 153 31 80 45
170 153 31 80 45
171 153 31 80 45
172 153 31 80 45
173 153 31 80 45
174 153 31 80 45
175 153 31 80 45
176 153 31 80 45
177 153 31 80 45
178 153 31 80 45
179 153 31 80 45
180 153 31 80 45
181 153 31 80 45
182 153 31 80 45
183 153 31 80 45
184 153 31 80 45
185 153 31 80 45
186 153 31 80 45
187 153 31 80 45
188 153 31 80 45
189 153 31 80 45
190 153 31 80 45
191 153 31 80 45
192 153 31 80 45
193 153 31 80 45
194 153 31 80 45
195 153 31 80 45
196 153 31 80 45
197 153 31 80 45
198 153 31 80 45
199 153 31 80 45
200 153 31 80 45
201 153 31 80 45
202 153 31 80 45
203 153 31 80 45
204 153 31 80 45
205 153 31 80 45
206 153 31 80 45
207 153 31 80 45
208 153 31 80 45
209 154 31 82 45
210 154 31 82 45
211 154 31 82 45
212 154 31 82 45
213 154 31 82 45
214 154 31 82 45
215 154 31 82 45
216 154 31 82 45
217 154 31 82 45
218 154 31 82 45
219 154 31 82 90
220 154 31 82 90
221 154 31 82 90
222 154 31 82 90
223 154 31 82 90
224 154 31 82 90
225 154 31 82 90
226 154 31 82 90
227 154 31 82 90
228 154 31 82 90
229 154 31 82 90
230 154 31 82 90
231 154 31 82 90
232 154 31 82 90
233 154 31 82 90
234 154 31 82 90
235 154 31 82 90
236 154 31 82 90
237 154 31 82 90
238 154 31 82 90
239 154 31 82 90
240 154 31 82 90
241 154 31 82 90
242 154 31 82 90
243 154 31 82 90
244 154 31 82 90
245 154 31 82 90
246 154 31 82 135
247 154 31 82 135
248 154 31 82 135
249 154 31 82 135
250 154 31 82 135
251 154 31 82 135
252 154 31 82 135
253 154 31 82 135
254 154 31 82 135
255 154 31 82 135
256 154 31 82 135
257 154 31 82 135
258 154 31 82 180
259 154 31 82 225
260 154 31 82 225
261 154 31 82 270
262 154 31 82 270
263 154 31 82 270
264 154 31 82 315
265 154 31 82 315
266 154 31 82 315
267 154 31 82 315
268 154 31 82 315
269 154 31 82 315
270 154 31 82 0
271 154 31 82 0
272 154 31 82 0
273 154 31 82 0
274 154 31 82 0
275 154 31 82 0
276 154 31 82 0
277 154 31 82 0
278 154 31 82 0
279 154 31 82 0
280 154 31 82 0
281 154 31 82 0
282 154 31 82 0
283 154 31 82 0
284 154 31 82 0
285 154 31 82 45
286 154 31 82 45
287 154 31 82 90
288 154 31 82 90
289 154 31 82 90
290 154 31 82 135
291 154 31 82 135
292 154 31 82 135
293 154 31 82 135
294 154 31 82 135
295 154 31 82 135
296 154 31 82 135
297 154 31 82 135
298 154 31 82 90
299 154 31 82 90
300 154 31 82 90
301 154 31 82 90
302 154 31 82 90
303 154 31 82 90
304 154 31 82 90
305 154 31 82 90
306 154 31 82 90
307 154 31 82 90
308 154 31 82 90
309 154 31 82 90
310 154 31 82 90
311 154 31 82 90
312 154 31 82 90
313 154 31 82 90
314 154 31 82 90
315 154 31 82 90
316 154 31 82 90
317 154 31 82 90
318 154 31 82 90
319 154 31 82 90
320 154 31 82 90
321 154 31 82 90
322 154 31 82 90
323 154 31 82 90
324 154 31 82 90
325 154 31 82 90
326 154 31 82 90
327 154 31 82 90
328 154 31 82 90
329 154 31 82 90
330 154 31 82 90
331 154 31 82 90
332 154 31 82 90
333 154 31 82 45
334 154 31 82 45
335 154 31 82 0
336 154 31 82 0
337 154 31 82 0
338 154 31 82 0
339 154 31 82 0
340 154 31 82 0
341 154 31 82 0
342 154 31 82 0
343 154 31 82 0
344 154 31 82 0
345 154 31 82 0
346 155 31 84 0
347 155 31 84 0
348 155 31 84 0
349 155 31 84 0
350 155 31 84 0
351 155 31 84 0
352 155 31 84 0
353 155 31 84 0
354 155 31 84 0
355 155 31 84 0
356 155 31 84 0
357 155 31 84 0
358 155 31 84 0
359 155 31 84 0
360 155 31 84 0
361 155 31 84 0
362 155 31 84 45
363 155 31 84 45
364 155 31 84 45
365 155 31 84 45
366 155 31 84 45
367 155 31 84 45
368 155 31 84 45
369 155 31 84 45
370 155 31 84 45
371 155 31 84 45
372 155 31 84 45
373 155 31 84 45
374 155 31 84 45
375 155 31 84 45
376 155 31 84 45
377 155 31 84 45
378 155 31 84 45
379 155 31 84 45
380 155 31 84 45
381 155 31 84 45
382 155 31 84 45
383 155 31 84 45
384 155 31 84 45
385 155 31 84 45
386 155 31 84 45
387 155 31 84 45
388 155 31 84 45
389 155 31 84 90
390 155 31 84 90
391 155 31 84 90
392 155 31 84 90
393 155 31 84 90
394 155 31 84 90
395 155 31 84 90
396 155 31 84 90
397 155 31 84 90
398 155 31 84 90
399 155 31 84 90
400 155 31 84 90
401 155 31 84 90
402 155 31 84 90
403 155 31 84 90
404 155 31 84 90
405 155 31 84 90
406 155 31 84 90
407 155 31 84 90
408 155 31 84 90
409 155 31 84 90
410 155 31 84 90
411 155 31 84 90
412 155 31 84 90
413 155 31 84 135
414 155 31 84 135
415 155 31 84 135
416 155 31 84 135
417 155 31 84 135
418 155 31 84 90
419 155 31 84 90
420 155 31 84 135
421 155 31 84 135
422 155 31 84 135
423 155 31 84 135
424 155 31 84 135
425 155 31 84 135
426 155 31 84 135
427 155 31 84 135
428 155 31 84 135
429 155 31 84 135
430 155 31 84 135
431 155 31 84 135
432 155 31 84 135
433 155 31 84 135
434 155 31 84 180
435 155 31 84 180
436 155 31 84 225
437 155 31 84 270
438 155 31 84 270
439 155 31 84 270
440 155 31 84 270
441 155 31 84 270
442 155 31 84 270
443 155 31 84 270
444 155 31 84 270
445 155 31 84 270
446 155 31 84 315
447 155 31 84 315
448 155 31 84 315
449 155 31 84 315
450 155 31 84 315
451 155 31 84 315
452 155 31 84 315
453 155 31 84 315
454 155 31 84 315
455 155 31 84 0
456 155 31 84 0
457 155 31 84 0
458 155 31 84 45
459 155 31 84 90
460 155 31 84 45
461 155 31 84 45
462 155 31 84 45
463 155 31 84 45
464 155 31 84 45
465 155 31 84 45
466 155 31 84 45
467 155 31 84 45
468 155 31 84 45
469 155 31 84 90
470 155 31 84 90
471 155 31 84 90
472 155 31 84 90
473 155 31 84 90
474 155 31 84 90
475 155 31 84 90
476 155 31 84 90
477 155 31 84 90
478 155 31 84 90
479 155 31 84 90
480 155 31 84 90
481 155 31 84 90
482 155 31 84 90
483 155 31 84 90
484 155 31 84 90
485 155 31 84 90
486 155 31 84 90
487 155 31 84 90
488 155 31 84 90
489 155 31 84 90
490 155 31 84 90
491 155 31 84 90
492 155 31 84 90
493 155 31 84 90
494 155 31 84 90
495 155 31 84 90
496 155 31 84 90
497 155 31 84 90
498 155 31 84 90
499 155 31 84 90
500 155 31 84 90
501 155 31 84 90
502 155 31 84 90
503 155 31 84 90
504 155 31 84 90
505 155 31 84 90
506 155 31 84 90
507 156 31 86 90
508 156 31 86 90
509 156 31 86 90
510 156 31 86 90
511 156 31 86 90
512 156 31 86 90
513 156 31 86 90
514 156 31 86 90
515 156 31 86 90
516 156 31 86 135
517 156 31 86 135
518 156 31 86 135
519 156 31 86 180
520 156 31 86 225
521 156 31 86 225
522 156 31 86 270
523 156 31 86 270
524 156 31 86 315
525 156 31 86 315
526 156 31 86 315
527 156 31 86 315
528 156 31 86 315
529 156 31 86 315
530 156 31 86 315
531 156 31 86 315
532 156 31 86 315
533 156 31 86 315
534 156 31 86 315
535 156 31 86 315
536 156 31 86 315
537 156 31 86 315
538 156 31 86 315
539 156 31 86 315
540 156 31 86 315
541 156 31 86 315
542 156 31 86 315
543 156 31 86 315
544 156 31 86 315
545 156 31 86 315
546 156 31 86 315
547 156 31 86 315
548 156 31 86 315
549 156 31 86 315
550 156 31 86 315
551 156 31 86 315
552 156 31 86 315
553 156 31 86 315
554 156 31 86 315
555 156 31 86 315
556 156 31 86 315
557 156 31 86 315
558 156 31 86 315
559 156 31 86 315
560 156 31 86 315
561 156 31 86 315
562 156 31 86 315
563 156 31 86 315
564 156 31 86 315
565 156 31 86 315
566 156 31 86 315
567 156 31 86 315
568 156 31 86 315
569 156 31 86 315
570 156 31 86 315
571 156 31 86 315
572 156 31 86 315
573 156 31 86 315
574 156 31 86 315
575 156 31 86 315
576 156 31 86 315
577 156 31 86 315
578 156 31 86 315
579 156 31 86 315
580 156 31 86 270
581 156 31 86 270
582 156 31 86 225
583 156 31 86 225
584 156 31 86 180
585 156 31 86 180
586 156 31 86 135
587 156 31 86 90
588 156 31 86 90
589 156 31 86 90
590 156 31 86 90
591 156 31 86 90
592 156 31 86 45
593 156 31 86 45
594 156 31 86 45
595 156 31 86 45
596 156 31 86 45
597 156 31 86 45
598 156 31 86 45
599 156 31 86 0
600 156 31 86 0
601 156 31 86 0
602 156 31 86 0
603 156 31 86 315
604 156 31 86 315
605 156 31 86 315
606 156 31 86 315
607 156 31 86 315
608 156 31 86 315
609 156 31 86 315
610 156 31 86 315
611 156 31 86 315
612 156 31 86 315
613 156 31 86 315
614 156 31 86 315
615 156 31 86 315
616 156 31 86 315
617 156 31 86 315
618 156 31 86 270
619 156 31 86 270
620 156 31 86 270
621 156 31 86 270
622 156 31 86 270
623 156 31 86 270
624 156 31 86 270
625 156 31 86 270
626 156 31 86 270
627 156 31 86 225
628 156 31 86 225
629 156 31 86 225
630 156 31 86 225
631 156 31 86 225
632 156 31 86 225
633 156 31 86 225
634 156 31 86 225
635 156 31 86 180
636 156 31 86 180
637 156 31 86 180
638 156 31 86 135
639 156 31 86 135
640 156 31 86 135
641 156 31 86 135
642 156 31 86 135
643 156 31 86 135
644 156 31 86 135
645 156 31 86 90
646 156 31 86 90
647 156 31 86 90
648 156 31 86 90
649 156 31 86 90
650 156 31 86 90
651 156 31 86 90
652 156 31 86 90
653 156 31 86 90
654 156 31 86 90
655 156 31 86 90
656 156 31 86 45
657 156 31 86 45
658 156 31 86 90
659 156 31 86 90
660 156 31 86 135
661 156 31 86 135
662 156 31 86 135
663 156 31 86 135
664 156 31 86 135
665 156 31 86 135
666 156 31 86 135
667 156 31 86 90
668 156 31 86 90
669 156 31 86 90
670 156 31 86 90
671 156 31 86 90
672 156 31 86 90
673 156 31 86 90
674 156 31 86 90
675 156 31 86 90
676 156 31 86 90
677 156 31 86 90
678 156 31 86 90
679 156 31 86 90
680 156 31 86 90
681 156 31 86 90
682 156 31 86 90
683 156 31 86 90
684 156 31 86 90
685 156 31 86 90
686 156 31 86 90
687 156 31 86 90
688 156 31 86 90
689 156 31 86 90
690 156 31 86 90
691 156 31 86 90
692 156 31 86 90
693 156 31 86 90
694 156 31 86 90
695 156 31 86 90
696 156 31 86 90
697 157 31 88 90
698 157 31 88 90
699 157 31 88 90
700 157 31 88 90
701 157 31 88 90
702 157 31 88 90
703 157 31 88 90
704 157 31 88 90
705 157 31 88 90
706 157 31 88 90
707 157 31 88 90
708 157 31 88 90
709 157 31 88 90
710 157 31 88 90
711 157 31 88 90
712 157 31 88 90
713 157 31 88 90
714 157 31 88 90
715 157 31 88 90
716 157 31 88 90
717 157 31 88 90
718 157 31 88 90
719 157 31 88 90
720 157 31 88 90
721 157 31 88 90
722 157 31 88 90
723 157 31 88 45
724 157 31 88 45
725 157 31 88 45
726 157 31 88 45
727 157 31 88 45
728 157 31 88 45
729 157 31 88 45
730 157 31 88 45
731 157 31 88 45
732 157 31 88 45
733 157 31 88 45
734 157 31 88 45
735 157 31 88 0
736 157 31 88 0
737 157 31 88 0
738 157 31 88 315
739 157 31 88 315
740 157 31 88 315
741 157 31 88 270
742 157 31 88 270
743 157 31 88 270
744 157 31 88 270
745 157 31 88 270
746 157 31 88 270
747 157 31 88 270
748 157 31 88 270
749 157 31 88 270
750 157 31 88 270
751 157 31 88 270
752 157 31 88 270
753 157 31 88 270
754 157 31 88 225
755 157 31 88 225
756 157 31 88 225
757 157 31 88 180
758 157 31 88 180
759 157 31 88 135
760 157 31 88 135
761 157 31 88 135
762 157 31 88 135
763 157 31 88 135
764 157 31 88 135
765 157 31 88 135
766 157 31 88 90
767 157 31 88 90
768 157 31 88 90
769 157 31 88 90
770 157 31 88 90
771 157 31 88 90
772 157 31 88 90
773 157 31 88 90
774 157 31 88 90
775 157 31 88 90
776 157 31 88 90
777 157 31 88 90
778 157 31 88 90
779 157 31 88 90
780 157 31 88 90
781 157 31 88 90
782 157 31 88 90
783 157 31 88 90
784 157 31 88 90
785 157 31 88 90
786 157 31 88 90
787 157 31 88 90
788 157 31 88 90
789 157 31 88 90
790 157 31 88 90
791 157 31 88 90
792 157 31 88 90
793 157 31 88 90
794 157 31 88 90
795 157 31 88 90
796 157 31 88 90
797 157 31 88 90
798 157 31 88 90
799 157 31 88 90
800 157 31 88 90
801 157 31 88 90
802 157 31 88 90
803 157 31 88 90
804 157 31 88 90
805 157 31 88 90
806 157 31 88 90
807 157 31 88 90
808 157 31 88 90
809 157 31 88 90
810 157 31 88 90
811 157 31 88 90
812 157 31 88 45
813 157 31 88 45
814 157 31 88 45
815 157 31 88 45
816 157 31 88 45
817 157 31 88 45
818 157 31 88 45
819 157 31 88 45
820 157 31 88 45
821 158 31 90 45
822 158 31 90 45
823 158 31 90 45
824 158 31 90 45
825 158 31 90 45
826 158 31 90 45
827 158 31 90 45
828 158 31 90 45
829 158 31 90 45
830 158 31 90 45
831 158 31 90 45
832 158 31 90 45
833 158 31 90 45
834 158 31 90 45
835 158 31 90 45
836 158 31 90 45
837 158 31 90 45
838 158 31 90 45
839 158 31 90 45
840 158 31 90 45
841 158 31 90 45
842 158 31 90 45
843 158 31 90 45
844 158 31 90 45
845 158 31 90 45
846 158 31 90 45
847 158 31 90 45
848 158 31 90 45
849 158 31 90 45
850 158 31 90 45
851 158 31 90 45
852 158 31 90 45
853 158 31 90 45
854 158 31 90 45
855 158 31 90 45
856 158 31 90 45
857 158 31 90 45
858 158 31 90 45
859 158 31 90 45
860 158 31 90 45
861 158 31 90 45
862 158 31 90 0
863 158 31 90 0
864 158 31 90 315
865 158 31 90 315
866 158 31 90 315
867 158 31 90 315
868 158 31 90 315
869 158 31 90 315
870 158 31 90 315
871 158 31 90 315
872 158 31 90 315
873 158 31 90 315
874 158 31 90 315
875 158 31 90 315
876 158 31 90 315
877 158 31 90 315
878 158 31 90 315
879 158 31 90 315
880 158 31 90 315
881 158 31 90 315
882 158 31 90 315
883 158 31 90 315
884 158 31 90 315
885 158 31 90 315
886 158 31 90 315
887 158 31 90 315
888 158 31 90 315
889 158 31 90 315
890 158 31 90 315
891 158 31 90 315
892 158 31 90 270
893 158 31 90 270
894 158 31 90 270
895 158 31 90 270
896 158 31 90 270
897 158 31 90 270
898 158 31 90 270
899 158 31 90 270
900 158 31 90 270
901 158 31 90 270
902 158 31 90 270
903 158 31 90 225
904 158 31 90 225
905 158 31 90 180
906 158 31 90 180
907 158 31 90 135
908 158 31 90 135
909 158 31 90 135
910 158 31 90 135
911 158 31 90 135
912 158 31 90 135
913 158 31 90 135
914 158 31 90 135
915 158 31 90 135
916 158 31 90 135
917 158 31 90 135
918 158 31 90 135
919 158 31 90 135
920 158 31 90 135
921 158 31 90 135
922 158 31 90 135
923 158 31 90 135
924 158 31 90 135
925 158 31 90 135
926 158 31 90 135
927 158 31 90 135
928 158 31 90 135
929 158 31 90 135
930 158 31 90 135
931 158 31 90 90
932 158 31 90 90
933 158 31 90 90
934 158 31 90 45
935 158 31 90 45
936 158 31 90 45
937 158 31 90 45
938 158 31 90 45
939 158 31 90 45
940 158 31 90 45
941 158 31 90 45
942 158 31 90 45
943 158 31 90 45
944 158 31 90 45
945 158 31 90 45
946 158 31 90 45
