1 217 6 89 225
2 217 6 89 225
3 217 6 89 225
4 217 6 89 225
5 217 6 89 225
6 217 6 89 225
7 217 6 89 225
8 217 6 89 225
9 217 6 89 225
10 217 6 89 225
11 217 6 89 225
12 217 6 89 225
13 217 6 89 225
14 217 6 89 225
15 217 6 89 225
16 217 6 89 225
17 217 6 89 225
18 217 6 89 225
19 217 6 89 225
20 217 6 89 225
21 217 6 89 225
22 217 6 89 225
23 217 6 89 225
24 217 6 89 225
25 217 6 89 225
26 217 6 89 225
27 217 6 89 225
28 217 6 89 225
29 217 6 89 225
30 217 6 89 225
31 217 6 89 225
32 217 6 89 225
33 217 6 89 225
34 217 6 89 225
35 217 6 89 225
36 217 6 89 180
37 217 6 89 180
38 217 6 89 180
39 217 6 89 180
40 217 6 89 180
41 217 6 89 180
42 217 6 89 180
43 217 6 89 180
44 217 6 89 180
45 217 6 89 180
46 217 6 89 180
47 217 6 89 180
48 217 6 89 180
49 217 6 89 180
50 217 6 89 180
51 217 6 89 180
52 217 6 89 180
53 217 6 89 180
54 217 6 89 180
55 217 6 89 180
56 217 6 89 180
57 217 6 89 180
58 217 6 89 180
59 217 6 89 180
60 217 6 89 180
61 217 6 89 180
62 217 6 89 180
63 217 6 89 135
64 217 6 89 135
65 217 6 89 135
66 217 6 89 135
67 217 6 89 135
68 217 6 89 135
69 217 6 89 135
70 217 6 89 135
71 217 6 89 135
72 217 6 89 135
73 217 6 89 135
74 217 6 89 135
75 217 6 89 135
76 217 6 89 90
77 217 6 89 90
78 217 6 89 90
79 217 6 89 90
80 217 6 89 90
81 217 6 89 90
82 217 6 89 90
83 217 6 89 90
84 217 6 89 90
85 217 6 89 90
86 217 6 89 90
87 217 6 89 90
88 217 6 89 90
89 217 6 89 90
90 217 6 89 90
91 217 6 89 90
92 217 6 89 90
93 217 6 89 90
94 217 6 89 90
95 217 6 89 90
96 217 6 89 90
97 217 6 89 90
98 217 6 89 90
99 217 6 89 90
100 217 6 89 90
101 217 6 89 90
102 217 6 89 90
103 217 6 89 90
104 217 6 89 90
105 217 6 89 90
106 217 6 89 90
107 217 6 89 90
108 217 6 89 90
109 217 6 89 90
110 217 6 89 90
111 217 6 89 90
112 217 6 89 90
113 217 6 89 90
114 217 6 89 90
115 217 6 89 90
116 217 6 89 90
117 217 6 89 90
118 217 6 89 90
119 217 6 89 45
120 217 6 89 45
121 217 6 89 45
122 217 6 89 45
123 217 6 89 45
124 217 6 89 45
125 217 6 89 45
126 217 6 89 45
127 217 6 89 45
128 217 6 89 45
129 217 6 89 45
130 217 6 89 45
131 217 6 89 45
132 217 6 89 45
133 217 6 89 45
134 217 6 89 45
135 217 6 89 45
136 217 6 89 45
137 217 6 89 0
138 217 6 89 0
139 217 6 89 0
140 217 6 89 315
141 217 6 89 315
142 217 6 89 270
143 217 6 89 270
144 217 6 89 270
145 217 6 89 270
146 217 6 89 270
147 217 6 89 270
148 217 6 89 270
149 217 6 89 270
150 217 6 89 270
151 217 6 89 270
152 217 6 89 270
153 217 6 89 270
154 217 6 89 270
155 217 6 89 270
156 217 6 89 270
157 217 6 89 270
158 217 6 89 270
159 217 6 89 270
160 217 6 89 270
161 217 6 89 270
162 217 6 89 270
163 217 6 89 270
164 217 6 89 270
165 217 6 89 270
166 217 6 89 270
167 217 6 89 270
168 217 6 89 270
169 217 6 89 270
170 217 6 89 270
171 217 6 89 270
172 217 6 89 270
173 217 6 89 315
174 217 6 89 315
175 217 6 89 315
176 217 6 89 315
177 217 6 89 315
178 217 6 89 315
179 217 6 89 315
180 217 6 89 315
181 217 6 89 315
182 217 6 89 315
183 217 6 89 315
184 217 6 89 315
185 217 6 89 315
186 217 6 89 0
187 217 6 89 0
188 217 6 89 0
189 217 6 89 45
190 217 6 89 45
191 217 6 89 90
192 217 6 89 90
193 217 6 89 135
194 217 6 89 135
195 217 6 89 135
196 217 6 89 135
197 217 6 89 135
198 217 6 89 135
199 217 6 89 135
200 217 6 89 135
201 217 6 89 135
202 217 6 89 135
203 217 6 89 135
204 217 6 89 135
205 217 6 89 135
206 217 6 89 135
207 217 6 89 135
208 217 6 89 135
209 217 6 89 135
210 217 6 89 135
211 217 6 89 135
212 217 6 89 135
213 217 6 89 135
214 217 6 89 135
215 217 6 89 135
216 217 6 89 135
217 217 6 89 135
218 217 6 89 135
219 217 6 89 135
220 217 6 89 135
221 217 6 89 135
222 217 6 89 180
223 217 6 89 180
224 217 6 89 180
225 217 6 89 225
226 217 6 89 225
227 217 6 89 225
228 217 6 89 225
229 217 6 89 225
230 217 6 89 225
231 217 6 89 225
232 217 6 89 225
233 217 6 89 225
234 217 6 89 225
235 217 6 89 225
236 217 6 89 225
237 217 6 89 225
238 217 6 89 225
239 217 6 89 225
240 217 6 89 225
241 217 6 89 225
242 217 6 89 225
243 217 6 89 225
244 217 6 89 225
245 217 6 89 225
246 217 6 89 225
247 217 6 89 225
248 217 6 89 225
249 217 6 89 225
250 217 6 89 225
251 217 6 89 225
252 217 6 89 225
253 217 6 89 225
254 217 6 89 225
255 217 6 89 225
256 217 6 89 225
257 217 6 89 225
258 217 6 89 225
259 217 6 89 225
260 217 6 89 225
261 217 6 89 225
262 217 6 89 225
263 217 6 89 225
264 217 6 89 225
265 217 6 89 225
266 217 6 89 225
267 217 6 89 225
268 217 6 89 225
269 217 6 89 225
270 217 6 89 225
271 217 6 89 225
272 217 6 89 225
273 217 6 89 225
274 217 6 89 225
275 217 6 89 225
276 217 6 89 225
277 217 6 89 225
278 217 6 89 225
279 217 6 89 225
280 217 6 89 225
281 217 6 89 225
282 217 6 89 225
283 217 6 89 225
284 217 6 89 225
285 217 6 89 225
286 217 6 89 225
287 217 6 89 225
288 217 6 89 225
289 217 6 89 225
290 217 6 89 225
291 217 6 89 225
292 217 6 89 225
293 217 6 89 225
294 217 6 89 270
295 217 6 89 270
296 217 6 89 270
297 217 6 89 270
298 217 6 89 270
299 217 6 89 270
300 217 6 89 270
301 217 6 89 270
302 217 6 89 270
303 217 6 89 270
304 217 6 89 270
305 217 6 89 270
306 217 6 89 270
307 217 6 89 270
308 217 6 89 270
309 217 6 89 270
310 217 6 89 270
311 217 6 89 270
312 217 6 89 270
313 217 6 89 270
314 217 6 89 270
315 217 6 89 270
316 217 6 89 270
317 217 6 89 270
318 217 6 89 270
319 217 6 89 270
320 217 6 89 270
321 216 6 87 270
322 216 6 87 270
323 216 6 87 270
324 216 6 87 270
325 216 6 87 270
326 216 6 87 270
327 216 6 87 270
328 216 6 87 270
329 216 6 87 270
330 216 6 87 270
331 216 6 87 270
332 216 6 87 270
333 216 6 87 270
334 216 6 87 270
335 216 6 87 270
336 216 6 87 270
337 216 6 87 270
338 216 6 87 270
339 216 6 87 270
340 216 6 87 270
341 216 6 87 270
342 216 6 87 270
343 216 6 87 270
344 216 6 87 270
345 216 6 87 270
346 216 6 87 270
347 216 6 87 270
348 216 6 87 270
349 216 6 87 270
350 216 6 87 270
351 216 6 87 270
352 216 6 87 270
353 216 6 87 270
354 216 6 87 270
355 216 6 87 270
356 216 6 87 270
357 216 6 87 270
358 216 6 87 270
359 216 6 87 270
360 216 6 87 270
361 216 6 87 270
362 216 6 87 270
363 216 6 87 270
364 216 6 87 270
365 216 6 87 270
366 216 6 87 270
367 216 6 87 270
368 216 6 87 270
369 216 6 87 270
370 216 6 87 270
371 216 6 87 270
372 216 6 87 270
373 216 6 87 270
374 216 6 87 270
375 216 6 87 270
376 216 6 87 270
377 216 6 87 270
378 216 6 87 270
379 216 6 87 270
380 216 6 87 270
381 216 6 87 270
382 216 6 87 270
383 216 6 87 270
384 216 6 87 270
385 216 6 87 270
386 216 6 87 270
387 216 6 87 270
388 216 6 87 270
389 216 6 87 270
390 216 6 87 270
391 216 6 87 270
392 216 6 87 270
393 216 6 87 270
394 216 6 87 270
395 216 6 87 270
396 216 6 87 270
397 216 6 87 270
398 216 6 87 270
399 216 6 87 270
400 216 6 87 270
401 216 6 87 270
402 216 6 87 270
403 216 6 87 270
404 216 6 87 270
405 216 6 87 270
406 216 6 87 270
407 216 6 87 270
408 216 6 87 270
409 216 6 87 270
410 216 6 87 270
411 216 6 87 270
412 216 6 87 270
413 216 6 87 270
414 216 6 87 270
415 216 6 87 225
416 216 6 87 225
417 216 6 87 180
418 216 6 87 180
419 216 6 87 180
420 216 6 87 135
421 216 6 87 135
422 216 6 87 135
423 216 6 87 135
424 216 6 87 135
425 216 6 87 135
426 216 6 87 135
427 216 6 87 135
428 216 6 87 135
429 216 6 87 135
430 216 6 87 135
431 216 6 87 135
432 216 6 87 135
433 216 6 87 135
434 216 6 87 135
435 216 6 87 135
436 216 6 87 135
437 216 6 87 135
438 216 6 87 135
439 216 6 87 135
440 216 6 87 135
441 216 6 87 135
442 216 6 87 135
443 216 6 87 135
444 216 6 87 135
445 216 6 87 90
446 216 6 87 90
447 216 6 87 90
448 216 6 87 90
449 216 6 87 90
450 216 6 87 90
451 216 6 87 90
452 216 6 87 90
453 216 6 87 90
454 216 6 87 90
455 216 6 87 90
456 216 6 87 90
457 216 6 87 90
458 216 6 87 90
459 216 6 87 90
460 216 6 87 90
461 216 6 87 90
462 216 6 87 90
463 216 6 87 90
464 216 6 87 90
465 216 6 87 45
466 216 6 87 45
467 216 6 87 45
468 216 6 87 45
469 216 6 87 0
470 216 6 87 0
471 216 6 87 0
472 216 6 87 315
473 216 6 87 315
474 216 6 87 315
475 216 6 87 315
476 216 6 87 315
477 216 6 87 315
478 216 6 87 315
479 216 6 87 315
480 216 6 87 315
481 216 6 87 315
482 216 6 87 315
483 216 6 87 315
484 216 6 87 315
485 216 6 87 315
486 216 6 87 315
487 216 6 87 315
488 216 6 87 315
489 216 6 87 0
490 216 6 87 45
491 216 6 87 45
492 216 6 87 90
493 216 6 87 90
494 216 6 87 90
495 216 6 87 135
496 216 6 87 135
497 216 6 87 180
498 216 6 87 180
499 216 6 87 180
500 216 6 87 180
501 216 6 87 180
502 216 6 87 180
503 216 6 87 180
504 216 6 87 180
505 216 6 87 180
506 216 6 87 180
507 216 6 87 180
508 216 6 87 225
509 216 6 87 225
510 216 6 87 270
511 216 6 87 270
512 216 6 87 315
513 216 6 87 315
514 216 6 87 0
515 216 6 87 0
516 216 6 87 0
517 216 6 87 0
518 216 6 87 0
519 216 6 87 45
520 216 6 87 45
521 216 6 87 45
522 216 6 87 45
523 216 6 87 45
524 216 6 87 45
525 216 6 87 45
526 216 6 87 45
527 216 6 87 45
528 216 6 87 0
529 216 6 87 0
530 216 6 87 0
531 216 6 87 0
532 216 6 87 0
533 216 6 87 0
534 216 6 87 0
535 216 6 87 0
536 216 6 87 0
537 216 6 87 0
538 216 6 87 315
539 216 6 87 315
540 216 6 87 315
541 216 6 87 315
542 216 6 87 315
543 216 6 87 315
544 216 6 87 315
545 216 6 87 315
546 216 6 87 315
547 216 6 87 315
548 216 6 87 315
549 216 6 87 315
550 216 6 87 315
551 216 6 87 315
552 216 6 87 315
553 216 6 87 315
554 216 6 87 315
555 216 6 87 315
556 216 6 87 315
557 216 6 87 315
558 216 6 87 315
559 216 6 87 315
560 216 6 87 315
561 216 6 87 315
562 216 6 87 315
563 216 6 87 315
564 216 6 87 315
565 216 6 87 315
566 216 6 87 315
567 216 6 87 315
568 216 6 87 315
569 216 6 87 315
570 216 6 87 315
571 216 6 87 315
572 216 6 87 315
573 216 6 87 315
574 216 6 87 315
575 216 6 87 315
576 216 6 87 315
577 216 6 87 315
578 216 6 87 315
579 216 6 87 315
580 216 6 87 315
581 216 6 87 315
582 216 6 87 315
583 216 6 87 315
584 216 6 87 315
585 216 6 87 315
586 216 6 87 315
587 216 6 87 270
588 216 6 87 270
589 216 6 87 270
590 216 6 87 270
591 216 6 87 270
592 216 6 87 270
593 216 6 87 270
594 216 6 87 270
595 216 6 87 270
596 216 6 87 270
597 216 6 87 270
598 216 6 87 270
599 216 6 87 270
600 216 6 87 270
601 216 6 87 270
602 216 6 87 270
603 216 6 87 270
604 216 6 87 270
605 216 6 87 270
606 216 6 87 270
607 216 6 87 270
608 216 6 87 270
609 216 6 87 270
610 216 6 87 270
611 216 6 87 270
612 216 6 87 270
613 216 6 87 270
614 216 6 87 270
615 216 6 87 270
616 216 6 87 270
617 216 6 87 270
618 216 6 87 225
619 216 6 87 225
620 216 6 87 225
621 216 6 87 225
622 216 6 87 225
623 216 6 87 225
624 216 6 87 225
625 216 6 87 225
626 216 6 87 225
627 216 6 87 225
628 216 6 87 225
629 216 6 87 225
630 216 6 87 225
631 216 6 87 225
632 216 6 87 225
633 216 6 87 225
634 216 6 87 225
635 216 6 87 225
636 216 6 87 225
637 216 6 87 225
638 216 6 87 225
639 216 6 87 225
640 216 6 87 270
641 216 6 87 270
642 216 6 87 270
643 216 6 87 270
644 216 6 87 225
645 216 6 87 225
646 216 6 87 225
647 216 6 87 225
648 216 6 87 225
649 216 6 87 225
650 216 6 87 225
651 216 6 87 225
652 216 6 87 225
653 216 6 87 225
654 216 6 87 225
655 216 6 87 225
656 215 6 85 225
657 215 6 85 225
658 215 6 85 225
659 215 6 85 225
660 215 6 85 225
661 215 6 85 225
662 215 6 85 225
663 215 6 85 225
664 215 6 85 225
665 215 6 85 225
666 215 6 85 225
667 215 6 85 225
668 215 6 85 225
669 215 6 85 225
670 215 6 85 225
671 215 6 85 225
672 215 6 85 225
673 215 6 85 225
674 215 6 85 225
675 215 6 85 225
676 215 6 85 225
677 215 6 85 225
678 215 6 85 225
679 215 6 85 225
680 215 6 85 225
681 215 6 85 225
682 215 6 85 225
683 215 6 85 180
684 215 6 85 180
685 215 6 85 180
686 215 6 85 180
687 215 6 85 180
688 215 6 85 180
689 215 6 85 180
690 215 6 85 135
691 215 6 85 135
692 215 6 85 135
693 215 6 85 135
694 215 6 85 135
695 215 6 85 135
696 215 6 85 135
697 215 6 85 135
698 215 6 85 135
699 215 6 85 135
700 215 6 85 135
701 215 6 85 90
702 215 6 85 90
703 215 6 85 90
704 215 6 85 90
705 215 6 85 90
706 215 6 85 90
707 215 6 85 90
708 215 6 85 90
709 215 6 85 90
710 215 6 85 90
711 215 6 85 90
712 215 6 85 45
713 215 6 85 45
714 215 6 85 45
715 215 6 85 45
716 215 6 85 0
717 215 6 85 0
718 215 6 85 0
719 215 6 85 315
720 215 6 85 315
721 215 6 85 315
722 215 6 85 315
723 215 6 85 315
724 215 6 85 315
725 215 6 85 315
726 215 6 85 315
727 215 6 85 315
728 215 6 85 315
729 215 6 85 315
730 215 6 85 315
731 215 6 85 315
732 215 6 85 315
733 215 6 85 315
734 215 6 85 270
735 215 6 85 270
736 215 6 85 225
737 215 6 85 225
738 215 6 85 225
739 215 6 85 180
740 215 6 85 180
741 215 6 85 180
742 215 6 85 180
743 215 6 85 180
744 215 6 85 180
745 215 6 85 180
746 215 6 85 180
747 215 6 85 180
748 215 6 85 180
749 215 6 85 180
750 215 6 85 180
751 215 6 85 180
752 215 6 85 180
753 215 6 85 180
754 215 6 85 180
755 215 6 85 180
756 215 6 85 225
757 215 6 85 225
758 215 6 85 225
759 215 6 85 225
760 215 6 85 225
761 215 6 85 225
762 215 6 85 225
763 215 6 85 225
764 215 6 85 225
765 215 6 85 225
766 215 6 85 225
767 215 6 85 225
768 215 6 85 225
769 215 6 85 225
770 215 6 85 225
771 215 6 85 225
772 215 6 85 225
773 215 6 85 225
774 215 6 85 225
775 215 6 85 225
776 215 6 85 225
777 215 6 85 225
778 215 6 85 270
779 215 6 85 270
780 215 6 85 270
781 215 6 85 270
782 215 6 85 270
783 215 6 85 270
784 215 6 85 270
785 215 6 85 270
786 215 6 85 270
787 215 6 85 270
788 215 6 85 270
789 215 6 85 270
790 215 6 85 270
791 215 6 85 270
792 215 6 85 270
793 215 6 85 270
794 215 6 85 270
795 215 6 85 270
796 215 6 85 270
797 215 6 85 270
798 215 6 85 270
799 215 6 85 270
800 215 6 85 270
801 215 6 85 270
802 215 6 85 315
803 215 6 85 315
804 215 6 85 315
805 215 6 85 315
806 215 6 85 315
807 215 6 85 315
808 215 6 85 315
809 215 6 85 315
810 215 6 85 315
811 215 6 85 315
812 215 6 85 315
813 215 6 85 315
814 215 6 85 0
815 215 6 85 0
816 215 6 85 0
817 215 6 85 0
818 215 6 85 45
819 215 6 85 45
820 215 6 85 45
821 215 6 85 45
822 215 6 85 45
823 215 6 85 45
824 215 6 85 45
825 215 6 85 45
826 215 6 85 45
827 215 6 85 45
828 215 6 85 45
829 215 6 85 45
830 215 6 85 45
831 215 6 85 45
832 215 6 85 45
833 215 6 85 90
834 215 6 85 90
835 215 6 85 90
836 215 6 85 135
837 215 6 85 135
838 215 6 85 180
839 215 6 85 180
840 215 6 85 180
841 215 6 85 180
842 215 6 85 180
843 215 6 85 225
844 215 6 85 225
845 215 6 85 225
846 215 6 85 225
847 215 6 85 225
848 215 6 85 225
849 215 6 85 225
850 215 6 85 225
851 215 6 85 225
852 215 6 85 225
853 215 6 85 225
854 215 6 85 225
855 215 6 85 225
856 215 6 85 225
857 215 6 85 225
858 215 6 85 225
859 215 6 85 225
860 215 6 85 225
861 215 6 85 225
862 215 6 85 225
863 215 6 85 225
864 215 6 85 225
865 215 6 85 225
866 215 6 85 225
867 215 6 85 225
868 215 6 85 225
869 215 6 85 225
870 215 6 85 225
871 215 6 85 225
872 215 6 85 225
873 215 6 85 225
874 215 6 85 225
875 215 6 85 225
876 215 6 85 225
877 215 6 85 225
878 215 6 85 225
879 215 6 85 225
880 215 6 85 225
881 215 6 85 225
882 215 6 85 225
883 215 6 85 225
884 215 6 85 225
885 215 6 85 225
886 215 6 85 225
887 215 6 85 225
888 215 6 85 225
889 215 6 85 225
890 215 6 85 225
891 215 6 85 225
892 215 6 85 225
893 215 6 85 225
894 215 6 85 225
895 215 6 85 225
896 215 6 85 225
897 215 6 85 225
898 215 6 85 225
899 215 6 85 225
900 215 6 85 225
901 215 6 85 225
902 215 6 85 225
903 215 6 85 225
904 215 6 85 225
905 215 6 85 225
906 215 6 85 225
907 215 6 85 225
908 215 6 85 225
909 215 6 85 225
910 215 6 85 225
911 215 6 85 225
912 215 6 85 225
913 215 6 85 225
914 215 6 85 225
915 215 6 85 225
916 215 6 85 225
917 215 6 85 225
918 215 6 85 225
919 215 6 85 225
920 215 6 85 225
921 215 6 85 225
922 215 6 85 225
923 215 6 85 225
924 215 6 85 225
925 215 6 85 225
926 215 6 85 225
927 215 6 85 225
928 215 6 85 225
929 215 6 85 225
930 215 6 85 225
931 215 6 85 225
932 215 6 85 225
933 215 6 85 225
934 215 6 85 225
935 215 6 85 225
936 215 6 85 225
937 215 6 85 225
938 215 6 85 225
939 215 6 85 225
940 215 6 85 225
941 215 6 85 225
942 214 6 83 225
943 214 6 83 225
944 214 6 83 225
945 214 6 83 225
946 214 6 83 225
947 214 6 83 225
948 214 6 83 225
949 214 6 83 225
950 214 6 83 225
951 214 6 83 225
952 214 6 83 225
953 214 6 83 225
954 214 6 83 225
955 214 6 83 225
956 214 6 83 225
957 214 6 83 225
958 214 6 83 225
959 214 6 83 225
960 214 6 83 225
961 214 6 83 225
962 214 6 83 225
963 214 6 83 225
964 214 6 83 225
965 214 6 83 225
966 214 6 83 225
967 214 6 83 225
968 214 6 83 225
969 214 6 83 180
970 214 6 83 180
971 214 6 83 180
972 214 6 83 180
973 214 6 83 180
974 214 6 83 180
975 214 6 83 180
976 214 6 83 180
977 214 6 83 180
978 214 6 83 180
979 214 6 83 180
980 214 6 83 180
981 214 6 83 180
982 214 6 83 135
983 214 6 83 135
984 214 6 83 135
985 214 6 83 90
986 214 6 83 90
987 214 6 83 90
988 214 6 83 90
989 214 6 83 45
990 214 6 83 45
991 214 6 83 0
992 214 6 83 315
993 214 6 83 270
994 214 6 83 270
995 214 6 83 225
996 214 6 83 225
997 214 6 83 180
998 214 6 83 180
999 214 6 83 180
1000 214 6 83 180
1001 214 6 83 180
1002 214 6 83 180
1003 214 6 83 180
1004 214 6 83 180
1005 214 6 83 180
1006 214 6 83 180
1007 214 6 83 180
1008 214 6 83 180
1009 214 6 83 180
1010 214 6 83 180
1011 214 6 83 180
1012 214 6 83 180
1013 214 6 83 180
1014 214 6 83 180
1015 214 6 83 180
1016 214 6 83 180
1017 214 6 83 180
1018 214 6 83 225
1019 214 6 83 225
1020 214 6 83 225
1021 214 6 83 225
1022 214 6 83 225
1023 214 6 83 225
1024 214 6 83 225
1025 214 6 83 225
1026 214 6 83 225
1027 214 6 83 225
1028 214 6 83 225
1029 214 6 83 225
1030 214 6 83 225
1031 214 6 83 225
1032 214 6 83 225
1033 214 6 83 225
1034 214 6 83 225
1035 214 6 83 270
1036 214 6 83 270
1037 214 6 83 270
1038 214 6 83 270
1039 214 6 83 270
1040 214 6 83 270
1041 214 6 83 270
1042 214 6 83 270
1043 214 6 83 270
1044 214 6 83 270
1045 214 6 83 270
1046 214 6 83 270
1047 214 6 83 270
1048 214 6 83 315
1049 214 6 83 315
1050 214 6 83 315
1051 214 6 83 315
1052 214 6 83 0
1053 214 6 83 0
1054 214 6 83 0
1055 214 6 83 0
1056 214 6 83 45
1057 214 6 83 45
1058 214 6 83 45
1059 214 6 83 45
1060 214 6 83 45
1061 214 6 83 45
1062 214 6 83 45
1063 214 6 83 45
1064 214 6 83 45
1065 214 6 83 45
1066 214 6 83 45
1067 214 6 83 45
1068 214 6 83 90
1069 214 6 83 90
1070 214 6 83 90
1071 214 6 83 135
1072 214 6 83 135
1073 214 6 83 135
1074 214 6 83 180
1075 214 6 83 180
1076 214 6 83 180
1077 214 6 83 225
1078 214 6 83 225
1079 214 6 83 225
1080 214 6 83 225
1081 214 6 83 225
1082 214 6 83 225
1083 214 6 83 225
1084 214 6 83 225
1085 214 6 83 225
1086 214 6 83 225
1087 214 6 83 225
1088 214 6 83 225
1089 214 6 83 225
1090 214 6 83 225
1091 214 6 83 225
1092 214 6 83 225
1093 214 6 83 225
1094 214 6 83 225
1095 214 6 83 225
1096 214 6 83 225
1097 214 6 83 225
1098 214 6 83 225
1099 214 6 83 225
1100 214 6 83 225
1101 214 6 83 225
1102 214 6 83 225
1103 214 6 83 225
1104 214 6 83 225
1105 214 6 83 225
1106 214 6 83 225
1107 214 6 83 225
1108 214 6 83 225
1109 214 6 83 225
1110 214 6 83 225
1111 214 6 83 225
1112 214 6 83 225
1113 214 6 83 225
1114 214 6 83 225
1115 214 6 83 225
1116 214 6 83 225
1117 214 6 83 225
1118 214 6 83 225
1119 214 6 83 225
1120 214 6 83 225
1121 214 6 83 225
1122 214 6 83 225
1123 214 6 83 225
1124 214 6 83 225
1125 214 6 83 225
1126 214 6 83 225
1127 214 6 83 225
1128 214 6 83 225
1129 214 6 83 225
1130 214 6 83 225
1131 214 6 83 225
1132 214 6 83 225
1133 214 6 83 225
1134 214 6 83 225
1135 214 6 83 225
1136 214 6 83 225
1137 214 6 83 225
1138 214 6 83 225
1139 214 6 83 225
1140 214 6 83 270
1141 214 6 83 270
1142 214 6 83 270
1143 214 6 83 270
1144 214 6 83 270
1145 214 6 83 315
1146 214 6 83 315
1147 214 6 83 315
1148 214 6 83 315
1149 214 6 83 315
1150 214 6 83 315
1151 214 6 83 315
1152 214 6 83 315
1153 214 6 83 315
1154 214 6 83 315
1155 214 6 83 315
1156 214 6 83 315
1157 214 6 83 315
1158 214 6 83 315
1159 214 6 83 315
1160 214 6 83 315
1161 213 6 81 315
1162 213 6 81 315
1163 213 6 81 315
1164 213 6 81 315
1165 213 6 81 315
1166 213 6 81 315
1167 213 6 81 315
1168 213 6 81 315
1169 213 6 81 315
1170 213 6 81 315
1171 213 6 81 315
1172 213 6 81 315
1173 213 6 81 315
1174 213 6 81 315
1175 213 6 81 315
1176 213 6 81 315
1177 213 6 81 315
1178 213 6 81 315
1179 213 6 81 315
1180 213 6 81 315
1181 213 6 81 315
1182 213 6 81 315
1183 213 6 81 315
1184 213 6 81 315
1185 213 6 81 315
1186 213 6 81 315
1187 213 6 81 270
1188 213 6 81 270
1189 213 6 81 225
1190 213 6 81 225
1191 213 6 81 225
1192 213 6 81 180
1193 213 6 81 180
1194 213 6 81 180
1195 213 6 81 135
1196 213 6 81 135
1197 213 6 81 135
1198 213 6 81 135
1199 213 6 81 135
1200 213 6 81 135
1201 213 6 81 135
1202 213 6 81 135
1203 213 6 81 135
1204 213 6 81 135
1205 213 6 81 135
1206 213 6 81 135
1207 213 6 81 135
1208 213 6 81 135
1209 213 6 81 135
1210 213 6 81 135
1211 213 6 81 90
1212 213 6 81 90
1213 213 6 81 90
1214 213 6 81 90
1215 213 6 81 90
1216 213 6 81 90
1217 213 6 81 90
1218 213 6 81 90
1219 213 6 81 90
1220 213 6 81 90
1221 213 6 81 90
1222 213 6 81 90
1223 213 6 81 90
1224 213 6 81 45
1225 213 6 81 45
1226 213 6 81 45
1227 213 6 81 45
1228 213 6 81 45
1229 213 6 81 45
1230 213 6 81 45
1231 213 6 81 45
1232 213 6 81 45
1233 213 6 81 45
1234 213 6 81 45
1235 213 6 81 0
1236 213 6 81 0
1237 213 6 81 315
1238 213 6 81 315
1239 213 6 81 270
1240 213 6 81 270
1241 213 6 81 270
1242 213 6 81 270
1243 213 6 81 270
1244 213 6 81 270
1245 213 6 81 270
1246 213 6 81 270
1247 213 6 81 270
1248 213 6 81 270
1249 213 6 81 270
1250 213 6 81 270
1251 213 6 81 270
1252 213 6 81 270
1253 213 6 81 270
1254 213 6 81 270
1255 213 6 81 270
1256 213 6 81 270
1257 213 6 81 270
1258 213 6 81 270
1259 213 6 81 270
1260 213 6 81 270
1261 213 6 81 270
1262 213 6 81 270
1263 213 6 81 270
1264 213 6 81 315
1265 213 6 81 315
1266 213 6 81 315
1267 213 6 81 0
1268 213 6 81 0
1269 213 6 81 45
1270 213 6 81 45
1271 213 6 81 45
1272 213 6 81 45
1273 213 6 81 45
1274 213 6 81 45
1275 213 6 81 45
1276 213 6 81 45
1277 213 6 81 45
1278 213 6 81 45
1279 213 6 81 45
1280 213 6 81 45
1281 213 6 81 90
1282 213 6 81 90
1283 213 6 81 90
1284 213 6 81 90
1285 213 6 81 90
1286 213 6 81 90
1287 213 6 81 90
1288 213 6 81 90
1289 213 6 81 90
1290 213 6 81 90
1291 213 6 81 90
1292 213 6 81 90
1293 213 6 81 90
1294 213 6 81 90
1295 213 6 81 90
1296 213 6 81 90
1297 213 6 81 135
1298 213 6 81 135
1299 213 6 81 135
1300 213 6 81 135
1301 213 6 81 135
1302 213 6 81 180
1303 213 6 81 180
1304 213 6 81 180
1305 213 6 81 225
1306 213 6 81 225
1307 213 6 81 225
1308 213 6 81 225
1309 213 6 81 225
1310 213 6 81 225
1311 213 6 81 225
1312 213 6 81 270
1313 213 6 81 270
1314 213 6 81 270
1315 213 6 81 270
1316 213 6 81 270
1317 213 6 81 270
1318 213 6 81 270
1319 213 6 81 270
1320 213 6 81 270
1321 213 6 81 270
1322 213 6 81 270
1323 213 6 81 270
1324 213 6 81 315
1325 213 6 81 315
1326 213 6 81 315
1327 213 6 81 315
1328 213 6 81 315
1329 213 6 81 315
1330 213 6 81 315
1331 213 6 81 315
1332 213 6 81 315
1333 213 6 81 315
1334 213 6 81 315
1335 213 6 81 315
1336 213 6 81 315
1337 213 6 81 315
1338 213 6 81 315
1339 213 6 81 315
1340 213 6 81 315
1341 213 6 81 315
1342 213 6 81 315
1343 213 6 81 315
1344 213 6 81 315
1345 213 6 81 315
1346 213 6 81 315
1347 213 6 81 315
1348 213 6 81 315
1349 213 6 81 315
1350 213 6 81 315
1351 213 6 81 315
1352 213 6 81 315
1353 213 6 81 315
1354 213 6 81 315
1355 213 6 81 315
1356 213 6 81 315
1357 213 6 81 315
1358 213 6 81 315
1359 213 6 81 315
1360 213 6 81 315
1361 213 6 81 315
1362 213 6 81 0
1363 213 6 81 0
1364 213 6 81 0
1365 213 6 81 0
1366 213 6 81 0
1367 213 6 81 0
1368 213 6 81 0
1369 213 6 81 0
1370 213 6 81 0
1371 213 6 81 0
1372 213 6 81 0
1373 213 6 81 0
1374 213 6 81 0
1375 213 6 81 0
1376 213 6 81 0
1377 213 6 81 0
1378 213 6 81 0
1379 213 6 81 45
1380 213 6 81 45
1381 213 6 81 45
1382 213 6 81 45
1383 213 6 81 45
1384 213 6 81 45
1385 213 6 81 45
1386 213 6 81 45
1387 213 6 81 45
1388 213 6 81 45
1389 213 6 81 45
1390 213 6 81 45
1391 213 6 81 45
1392 213 6 81 45
1393 213 6 81 45
1394 213 6 81 45
1395 213 6 81 45
1396 213 6 81 45
1397 213 6 81 45
1398 213 6 81 45
1399 213 6 81 45
1400 213 6 81 45
1401 213 6 81 45
1402 213 6 81 45
1403 213 6 81 45
1404 213 6 81 90
1405 213 6 81 90
1406 213 6 81 90
1407 213 6 81 90
1408 213 6 81 45
1409 213 6 81 90
1410 213 6 81 90
1411 213 6 81 90
1412 213 6 81 135
1413 213 6 81 135
1414 213 6 81 135
1415 213 6 81 135
1416 213 6 81 135
1417 213 6 81 135
1418 213 6 81 180
1419 213 6 81 180
1420 213 6 81 180
1421 213 6 81 180
1422 213 6 81 180
1423 213 6 81 180
1424 213 6 81 180
1425 213 6 81 180
1426 213 6 81 180
1427 213 6 81 180
1428 213 6 81 180
1429 213 6 81 180
1430 213 6 81 180
1431 213 6 81 180
1432 213 6 81 180
1433 213 6 81 180
1434 213 6 81 180
1435 213 6 81 180
1436 213 6 81 180
1437 213 6 81 180
1438 213 6 81 180
1439 213 6 81 180
1440 213 6 81 180
1441 213 6 81 180
1442 213 6 81 180
1443 213 6 81 180
1444 213 6 81 180
1445 213 6 81 180
1446 213 6 81 180
1447 213 6 81 180
1448 213 6 81 180
1449 213 6 81 180
1450 213 6 81 180
1451 213 6 81 180
1452 213 6 81 180
1453 213 6 81 180
1454 213 6 81 180
1455 213 6 81 180
1456 213 6 81 180
1457 213 6 81 180
1458 213 6 81 180
1459 213 6 81 180
1460 213 6 81 180
1461 213 6 81 180
1462 213 6 81 180
1463 213 6 81 180
1464 213 6 81 180
1465 213 6 81 180
1466 213 6 81 180
1467 213 6 81 180
1468 213 6 81 180
1469 213 6 81 180
1470 213 6 81 180
1471 213 6 81 180
1472 213 6 81 180
1473 213 6 81 180
1474 213 6 81 180
1475 213 6 81 180
1476 213 6 81 180
1477 213 6 81 180
1478 213 6 81 180
1479 213 6 81 180
1480 213 6 81 180
1481 213 6 81 180
1482 213 6 81 180
1483 213 6 81 180
1484 213 6 81 180
1485 213 6 81 180
1486 213 6 81 180
1487 213 6 81 180
1488 213 6 81 180
1489 213 6 81 180
1490 213 6 81 180
1491 213 6 81 180
1492 213 6 81 180
1493 213 6 81 180
1494 213 6 81 180
1495 213 6 81 180
1496 213 6 81 180
1497 213 6 81 180
1498 213 6 81 180
1499 213 6 81 180
1500 213 6 81 180
1501 213 6 81 180
1502 213 6 81 180
1503 213 6 81 180
1504 213 6 81 180
1505 213 6 81 180
1506 213 6 81 180
1507 213 6 81 180
1508 213 6 81 180
1509 213 6 81 180
1510 213 6 81 225
1511 213 6 81 225
1512 213 6 81 225
1513 213 6 81 225
1514 213 6 81 225
1515 213 6 81 270
1516 213 6 81 270
1517 213 6 81 270
1518 213 6 81 270
1519 213 6 81 270
1520 213 6 81 270
1521 213 6 81 270
1522 213 6 81 270
1523 213 6 81 270
1524 213 6 81 270
1525 213 6 81 270
1526 213 6 81 270
1527 213 6 81 270
1528 213 6 81 270
1529 213 6 81 270
1530 213 6 81 270
1531 212 6 79 270
1532 212 6 79 270
1533 212 6 79 270
1534 212 6 79 270
1535 212 6 79 270
1536 212 6 79 270
1537 212 6 79 270
1538 212 6 79 270
1539 212 6 79 270
1540 212 6 79 270
1541 212 6 79 270
1542 212 6 79 270
1543 212 6 79 270
1544 212 6 79 270
1545 212 6 79 270
1546 212 6 79 270
1547 212 6 79 270
1548 212 6 79 270
1549 212 6 79 270
1550 212 6 79 270
1551 212 6 79 270
1552 212 6 79 270
1553 212 6 79 270
1554 212 6 79 270
1555 212 6 79 270
1556 212 6 79 270
1557 212 6 79 270
1558 212 6 79 225
1559 212 6 79 225
1560 212 6 79 225
1561 212 6 79 225
1562 212 6 79 225
1563 212 6 79 225
1564 212 6 79 225
1565 212 6 79 225
1566 212 6 79 225
1567 212 6 79 180
1568 212 6 79 180
1569 212 6 79 180
1570 212 6 79 180
1571 212 6 79 180
1572 212 6 79 180
1573 212 6 79 180
1574 212 6 79 180
1575 212 6 79 180
1576 212 6 79 180
1577 212 6 79 180
1578 212 6 79 180
1579 212 6 79 135
1580 212 6 79 135
1581 212 6 79 135
1582 212 6 79 135
1583 212 6 79 135
1584 212 6 79 135
1585 212 6 79 90
1586 212 6 79 90
1587 212 6 79 90
1588 212 6 79 45
1589 212 6 79 45
1590 212 6 79 45
1591 212 6 79 45
1592 212 6 79 45
1593 212 6 79 45
1594 212 6 79 0
1595 212 6 79 0
1596 212 6 79 0
1597 212 6 79 0
1598 212 6 79 0
1599 212 6 79 0
1600 212 6 79 0
1601 212 6 79 0
1602 212 6 79 0
1603 212 6 79 315
1604 212 6 79 315
1605 212 6 79 315
1606 212 6 79 315
1607 212 6 79 315
1608 212 6 79 270
1609 212 6 79 270
1610 212 6 79 270
1611 212 6 79 270
1612 212 6 79 225
1613 212 6 79 225
1614 212 6 79 225
1615 212 6 79 225
1616 212 6 79 225
1617 212 6 79 225
1618 212 6 79 225
1619 212 6 79 225
1620 212 6 79 225
1621 212 6 79 225
1622 212 6 79 225
1623 212 6 79 270
1624 212 6 79 270
1625 212 6 79 270
1626 212 6 79 315
1627 212 6 79 315
1628 212 6 79 0
1629 212 6 79 0
1630 212 6 79 45
1631 212 6 79 45
1632 212 6 79 45
1633 212 6 79 45
1634 212 6 79 45
1635 212 6 79 90
1636 212 6 79 90
1637 212 6 79 90
1638 212 6 79 90
1639 212 6 79 90
1640 212 6 79 90
1641 212 6 79 90
1642 212 6 79 90
1643 212 6 79 90
1644 212 6 79 90
1645 212 6 79 90
1646 212 6 79 135
1647 212 6 79 135
1648 212 6 79 135
1649 212 6 79 135
1650 212 6 79 135
1651 212 6 79 135
1652 212 6 79 135
1653 212 6 79 180
1654 212 6 79 180
1655 212 6 79 180
1656 212 6 79 180
1657 212 6 79 180
1658 212 6 79 180
1659 212 6 79 180
1660 212 6 79 180
1661 212 6 79 180
1662 212 6 79 180
1663 212 6 79 225
1664 212 6 79 225
1665 212 6 79 225
1666 212 6 79 225
1667 212 6 79 225
1668 212 6 79 225
1669 212 6 79 225
1670 212 6 79 225
1671 212 6 79 225
1672 212 6 79 225
1673 212 6 79 225
1674 212 6 79 270
1675 212 6 79 270
1676 212 6 79 270
1677 212 6 79 270
1678 212 6 79 270
1679 212 6 79 270
1680 212 6 79 270
1681 212 6 79 270
1682 212 6 79 270
1683 212 6 79 270
1684 212 6 79 270
1685 212 6 79 270
1686 212 6 79 270
1687 212 6 79 270
1688 212 6 79 270
1689 212 6 79 270
1690 212 6 79 270
1691 212 6 79 270
1692 212 6 79 270
1693 212 6 79 270
1694 212 6 79 270
1695 212 6 79 270
1696 212 6 79 270
1697 212 6 79 270
1698 212 6 79 315
1699 212 6 79 315
1700 212 6 79 315
1701 212 6 79 315
1702 212 6 79 315
1703 212 6 79 315
1704 212 6 79 315
1705 212 6 79 315
1706 212 6 79 315
1707 212 6 79 315
1708 212 6 79 315
1709 212 6 79 315
1710 212 6 79 315
1711 212 6 79 315
1712 212 6 79 315
1713 212 6 79 315
1714 212 6 79 315
1715 212 6 79 315
1716 212 6 79 315
1717 212 6 79 315
1718 212 6 79 315
1719 212 6 79 315
1720 212 6 79 315
1721 212 6 79 315
1722 212 6 79 315
1723 212 6 79 315
1724 212 6 79 315
1725 212 6 79 315
1726 212 6 79 315
1727 212 6 79 315
1728 212 6 79 315
1729 212 6 79 315
1730 212 6 79 315
1731 212 6 79 315
1732 212 6 79 315
1733 212 6 79 315
1734 212 6 79 315
1735 212 6 79 315
1736 212 6 79 315
1737 212 6 79 315
1738 212 6 79 315
1739 212 6 79 315
1740 212 6 79 315
1741 212 6 79 315
1742 212 6 79 315
1743 212 6 79 315
1744 212 6 79 315
1745 212 6 79 315
1746 212 6 79 315
1747 212 6 79 315
1748 212 6 79 315
1749 212 6 79 315
1750 212 6 79 315
1751 212 6 79 315
1752 212 6 79 315
1753 212 6 79 315
1754 212 6 79 315
1755 212 6 79 315
1756 212 6 79 315
1757 212 6 79 315
1758 212 6 79 315
1759 212 6 79 315
1760 212 6 79 315
1761 212 6 79 315
1762 212 6 79 315
1763 212 6 79 315
1764 212 6 79 315
1765 212 6 79 315
1766 212 6 79 315
1767 212 6 79 315
1768 212 6 79 315
1769 212 6 79 315
1770 212 6 79 315
1771 212 6 79 270
1772 212 6 79 270
1773 212 6 79 270
1774 212 6 79 270
1775 212 6 79 270
1776 212 6 79 270
1777 212 6 79 270
1778 212 6 79 270
1779 212 6 79 270
1780 212 6 79 270
1781 212 6 79 270
1782 212 6 79 270
1783 212 6 79 270
1784 212 6 79 270
1785 212 6 79 270
1786 212 6 79 270
1787 212 6 79 270
1788 212 6 79 270
1789 212 6 79 270
1790 212 6 79 270
1791 212 6 79 270
1792 212 6 79 270
1793 212 6 79 270
1794 212 6 79 270
1795 212 6 79 270
1796 212 6 79 270
1797 212 6 79 270
1798 212 6 79 270
1799 212 6 79 270
1800 212 6 79 270
1801 212 6 79 270
1802 212 6 79 270
1803 212 6 79 270
1804 212 6 79 270
1805 212 6 79 270
1806 212 6 79 270
1807 212 6 79 270
1808 212 6 79 270
1809 212 6 79 270
1810 211 6 77 270
1811 211 6 77 270
1812 211 6 77 270
1813 211 6 77 270
1814 211 6 77 270
1815 211 6 77 270
1816 211 6 77 270
1817 211 6 77 270
1818 211 6 77 270
1819 211 6 77 270
1820 211 6 77 270
1821 211 6 77 270
1822 211 6 77 270
1823 211 6 77 270
1824 211 6 77 270
1825 211 6 77 270
1826 211 6 77 270
1827 211 6 77 270
1828 211 6 77 270
1829 211 6 77 270
1830 211 6 77 270
1831 211 6 77 270
1832 211 6 77 270
1833 211 6 77 270
1834 211 6 77 270
1835 211 6 77 270
1836 211 6 77 270
1837 211 6 77 270
1838 211 6 77 270
1839 211 6 77 270
1840 211 6 77 270
1841 211 6 77 270
1842 211 6 77 270
1843 211 6 77 270
1844 211 6 77 270
1845 211 6 77 270
1846 211 6 77 270
1847 211 6 77 270
1848 211 6 77 270
1849 211 6 77 270
1850 211 6 77 270
1851 211 6 77 270
1852 211 6 77 270
1853 211 6 77 270
1854 211 6 77 270
1855 211 6 77 225
1856 211 6 77 225
1857 211 6 77 180
1858 211 6 77 135
1859 211 6 77 135
1860 211 6 77 135
1861 211 6 77 90
1862 211 6 77 90
1863 211 6 77 90
1864 211 6 77 90
1865 211 6 77 90
1866 211 6 77 90
1867 211 6 77 90
1868 211 6 77 90
1869 211 6 77 45
1870 211 6 77 45
1871 211 6 77 45
1872 211 6 77 45
1873 211 6 77 45
1874 211 6 77 45
1875 211 6 77 45
1876 211 6 77 45
1877 211 6 77 45
1878 211 6 77 45
1879 211 6 77 45
1880 211 6 77 45
1881 211 6 77 45
1882 211 6 77 45
1883 211 6 77 45
1884 211 6 77 45
1885 211 6 77 45
1886 211 6 77 45
1887 211 6 77 45
1888 211 6 77 45
1889 211 6 77 45
1890 211 6 77 45
1891 211 6 77 45
1892 211 6 77 45
1893 211 6 77 45
1894 211 6 77 45
1895 211 6 77 45
1896 211 6 77 45
1897 211 6 77 45
1898 211 6 77 45
1899 211 6 77 45
1900 211 6 77 45
1901 211 6 77 45
1902 211 6 77 45
1903 211 6 77 45
1904 211 6 77 45
1905 211 6 77 45
1906 211 6 77 45
1907 211 6 77 45
1908 211 6 77 45
1909 211 6 77 45
1910 211 6 77 45
1911 211 6 77 45
1912 211 6 77 45
1913 211 6 77 45
1914 211 6 77 45
1915 211 6 77 45
1916 211 6 77 45
1917 211 6 77 45
1918 211 6 77 45
1919 211 6 77 45
1920 211 6 77 45
1921 211 6 77 45
1922 211 6 77 45
1923 211 6 77 45
1924 211 6 77 45
1925 211 6 77 45
1926 211 6 77 45
1927 211 6 77 45
1928 211 6 77 45
1929 211 6 77 45
1930 211 6 77 45
1931 211 6 77 45
1932 211 6 77 0
1933 211 6 77 0
1934 211 6 77 0
1935 211 6 77 0
1936 211 6 77 0
1937 211 6 77 0
1938 211 6 77 0
1939 211 6 77 0
1940 211 6 77 0
1941 211 6 77 0
1942 211 6 77 0
1943 211 6 77 0
1944 211 6 77 0
1945 211 6 77 0
1946 211 6 77 315
1947 211 6 77 315
1948 211 6 77 315
1949 211 6 77 315
1950 211 6 77 315
1951 211 6 77 315
1952 211 6 77 315
1953 211 6 77 315
1954 211 6 77 315
1955 211 6 77 315
1956 211 6 77 270
1957 211 6 77 270
1958 211 6 77 270
1959 211 6 77 270
1960 211 6 77 270
1961 211 6 77 270
1962 211 6 77 270
1963 211 6 77 270
1964 211 6 77 270
1965 211 6 77 270
1966 211 6 77 270
1967 211 6 77 270
1968 211 6 77 270
1969 211 6 77 315
1970 211 6 77 315
1971 211 6 77 315
1972 211 6 77 315
1973 211 6 77 315
1974 211 6 77 315
1975 211 6 77 315
1976 211 6 77 315
1977 211 6 77 315
1978 211 6 77 0
1979 211 6 77 0
1980 211 6 77 0
1981 211 6 77 0
1982 211 6 77 0
1983 211 6 77 0
1984 211 6 77 0
1985 211 6 77 0
1986 211 6 77 0
1987 211 6 77 45
1988 211 6 77 45
1989 211 6 77 45
1990 211 6 77 45
1991 211 6 77 45
1992 211 6 77 45
1993 211 6 77 90
1994 211 6 77 90
1995 211 6 77 90
1996 211 6 77 90
1997 211 6 77 90
1998 211 6 77 90
1999 211 6 77 90
2000 211 6 77 90
2001 211 6 77 135
2002 211 6 77 135
2003 211 6 77 135
2004 211 6 77 135
2005 211 6 77 135
2006 211 6 77 135
2007 211 6 77 135
2008 211 6 77 135
2009 211 6 77 180
2010 211 6 77 180
2011 211 6 77 180
2012 211 6 77 180
2013 211 6 77 180
2014 211 6 77 180
2015 211 6 77 180
2016 211 6 77 225
2017 211 6 77 225
2018 211 6 77 225
2019 211 6 77 270
2020 211 6 77 270
2021 211 6 77 270
2022 211 6 77 270
2023 211 6 77 315
2024 211 6 77 315
2025 211 6 77 315
2026 211 6 77 315
2027 211 6 77 315
2028 211 6 77 315
2029 211 6 77 315
2030 211 6 77 270
2031 211 6 77 270
2032 211 6 77 270
2033 211 6 77 270
2034 211 6 77 270
2035 211 6 77 270
2036 211 6 77 270
2037 211 6 77 270
2038 211 6 77 270
2039 211 6 77 270
2040 211 6 77 270
2041 211 6 77 270
2042 211 6 77 270
2043 211 6 77 270
2044 211 6 77 270
2045 211 6 77 270
2046 211 6 77 270
2047 211 6 77 270
2048 211 6 77 270
2049 211 6 77 270
2050 211 6 77 270
2051 211 6 77 270
2052 211 6 77 270
2053 211 6 77 270
2054 211 6 77 270
2055 211 6 77 270
2056 211 6 77 270
2057 211 6 77 270
2058 211 6 77 270
2059 211 6 77 270
2060 211 6 77 270
2061 211 6 77 270
2062 211 6 77 270
2063 211 6 77 270
2064 211 6 77 270
2065 211 6 77 270
2066 211 6 77 270
2067 211 6 77 270
2068 211 6 77 270
2069 211 6 77 270
2070 211 6 77 270
2071 211 6 77 270
2072 211 6 77 270
2073 211 6 77 270
2074 211 6 77 270
2075 211 6 77 270
2076 211 6 77 270
2077 211 6 77 270
2078 211 6 77 270
2079 211 6 77 270
2080 211 6 77 270
2081 211 6 77 270
2082 211 6 77 270
2083 211 6 77 270
2084 211 6 77 270
2085 211 6 77 270
2086 211 6 77 270
2087 211 6 77 270
2088 211 6 77 270
2089 211 6 77 270
2090 211 6 77 270
2091 211 6 77 270
2092 211 6 77 270
2093 211 6 77 270
2094 211 6 77 270
2095 211 6 77 270
2096 211 6 77 270
2097 211 6 77 270
2098 211 6 77 270
2099 211 6 77 270
2100 211 6 77 270
2101 211 6 77 270
2102 211 6 77 270
2103 211 6 77 270
2104 211 6 77 315
2105 211 6 77 315
2106 211 6 77 315
2107 211 6 77 315
2108 211 6 77 315
2109 211 6 77 315
2110 211 6 77 315
2111 211 6 77 315
2112 211 6 77 315
2113 211 6 77 315
2114 211 6 77 315
2115 211 6 77 315
2116 211 6 77 315
2117 211 6 77 315
2118 211 6 77 315
2119 211 6 77 315
2120 211 6 77 315
2121 211 6 77 315
2122 211 6 77 315
2123 211 6 77 315
2124 211 6 77 315
2125 211 6 77 315
2126 211 6 77 315
2127 211 6 77 315
2128 211 6 77 315
2129 211 6 77 315
2130 211 6 77 315
2131 211 6 77 315
2132 211 6 77 315
2133 211 6 77 315
2134 211 6 77 315
2135 211 6 77 315
2136 211 6 77 315
2137 211 6 77 315
2138 211 6 77 315
2139 211 6 77 315
2140 211 6 77 315
2141 211 6 77 315
2142 211 6 77 315
2143 211 6 77 315
2144 211 6 77 315
2145 211 6 77 315
2146 211 6 77 315
2147 211 6 77 315
2148 211 6 77 315
2149 211 6 77 315
2150 211 6 77 315
2151 211 6 77 315
2152 211 6 77 315
2153 211 6 77 270
2154 211 6 77 270
2155 211 6 77 270
2156 211 6 77 270
2157 211 6 77 270
2158 211 6 77 270
2159 211 6 77 270
2160 211 6 77 270
2161 211 6 77 270
2162 211 6 77 270
2163 211 6 77 270
2164 211 6 77 270
2165 211 6 77 270
2166 211 6 77 270
2167 211 6 77 270
2168 211 6 77 270
2169 211 6 77 270
2170 211 6 77 270
2171 211 6 77 270
2172 211 6 77 270
2173 211 6 77 270
2174 211 6 77 270
2175 211 6 77 270
2176 211 6 77 270
2177 211 6 77 270
2178 211 6 77 270
2179 211 6 77 270
2180 210 6 75 270
2181 210 6 75 270
2182 210 6 75 270
2183 210 6 75 270
2184 210 6 75 270
2185 210 6 75 270
2186 210 6 75 270
2187 210 6 75 270
2188 210 6 75 270
2189 210 6 75 270
2190 210 6 75 270
2191 210 6 75 270
2192 210 6 75 270
2193 210 6 75 270
2194 210 6 75 270
2195 210 6 75 270
2196 210 6 75 270
2197 210 6 75 270
2198 210 6 75 270
2199 210 6 75 270
2200 210 6 75 270
2201 210 6 75 270
2202 210 6 75 225
2203 210 6 75 225
2204 210 6 75 180
2205 210 6 75 180
2206 210 6 75 180
2207 210 6 75 180
2208 210 6 75 135
2209 210 6 75 135
2210 210 6 75 135
2211 210 6 75 90
2212 210 6 75 90
2213 210 6 75 90
2214 210 6 75 90
2215 210 6 75 90
2216 210 6 75 90
2217 210 6 75 90
2218 210 6 75 90
2219 210 6 75 90
2220 210 6 75 90
2221 210 6 75 90
2222 210 6 75 90
2223 210 6 75 90
2224 210 6 75 90
2225 210 6 75 90
2226 210 6 75 90
2227 210 6 75 90
2228 210 6 75 90
2229 210 6 75 90
2230 210 6 75 90
2231 210 6 75 90
2232 210 6 75 90
2233 210 6 75 45
2234 210 6 75 45
2235 210 6 75 45
2236 210 6 75 45
2237 210 6 75 45
2238 210 6 75 45
2239 210 6 75 45
2240 210 6 75 45
2241 210 6 75 45
2242 210 6 75 45
2243 210 6 75 45
2244 210 6 75 45
2245 210 6 75 45
2246 210 6 75 45
2247 210 6 75 45
2248 210 6 75 0
2249 210 6 75 0
2250 210 6 75 0
2251 210 6 75 0
2252 210 6 75 315
2253 210 6 75 315
2254 210 6 75 315
2255 210 6 75 315
2256 210 6 75 315
2257 210 6 75 315
2258 210 6 75 315
2259 210 6 75 315
2260 210 6 75 315
2261 210 6 75 315
2262 210 6 75 315
2263 210 6 75 315
2264 210 6 75 315
2265 210 6 75 315
2266 210 6 75 315
2267 210 6 75 315
2268 210 6 75 315
2269 210 6 75 315
2270 210 6 75 315
2271 210 6 75 315
2272 210 6 75 315
2273 210 6 75 315
2274 210 6 75 315
2275 210 6 75 0
2276 210 6 75 0
2277 210 6 75 0
2278 210 6 75 0
2279 210 6 75 0
2280 210 6 75 0
2281 210 6 75 0
2282 210 6 75 0
2283 210 6 75 0
2284 210 6 75 0
2285 210 6 75 0
2286 210 6 75 0
2287 210 6 75 0
2288 210 6 75 45
2289 210 6 75 45
2290 210 6 75 45
2291 210 6 75 45
2292 210 6 75 45
2293 210 6 75 45
2294 210 6 75 45
2295 210 6 75 45
2296 210 6 75 45
2297 210 6 75 45
2298 210 6 75 45
2299 210 6 75 90
2300 210 6 75 90
2301 210 6 75 90
2302 210 6 75 90
2303 210 6 75 90
2304 210 6 75 135
2305 210 6 75 135
2306 210 6 75 135
2307 210 6 75 135
2308 210 6 75 180
2309 210 6 75 180
2310 210 6 75 180
2311 210 6 75 180
2312 210 6 75 180
2313 210 6 75 180
2314 210 6 75 180
2315 210 6 75 180
2316 210 6 75 180
2317 210 6 75 180
2318 210 6 75 180
2319 210 6 75 180
2320 210 6 75 180
2321 210 6 75 180
2322 210 6 75 180
2323 210 6 75 180
2324 210 6 75 180
2325 210 6 75 225
2326 210 6 75 225
2327 210 6 75 225
2328 210 6 75 225
2329 210 6 75 225
2330 210 6 75 225
2331 210 6 75 225
2332 210 6 75 225
2333 210 6 75 270
2334 210 6 75 270
2335 210 6 75 315
2336 210 6 75 315
2337 210 6 75 0
2338 210 6 75 0
2339 210 6 75 0
2340 210 6 75 0
2341 210 6 75 0
2342 210 6 75 0
2343 210 6 75 0
2344 210 6 75 0
2345 210 6 75 0
2346 210 6 75 0
2347 210 6 75 0
2348 210 6 75 0
2349 210 6 75 0
2350 210 6 75 0
2351 210 6 75 0
2352 210 6 75 0
2353 210 6 75 0
2354 210 6 75 315
2355 210 6 75 315
2356 210 6 75 315
2357 210 6 75 315
2358 210 6 75 315
2359 210 6 75 315
2360 210 6 75 315
2361 210 6 75 315
2362 210 6 75 315
2363 210 6 75 315
2364 210 6 75 315
2365 210 6 75 315
2366 210 6 75 315
2367 210 6 75 315
2368 210 6 75 315
2369 210 6 75 315
2370 210 6 75 315
2371 210 6 75 315
2372 210 6 75 315
2373 210 6 75 315
2374 210 6 75 315
2375 210 6 75 315
2376 210 6 75 315
2377 210 6 75 315
2378 210 6 75 315
2379 210 6 75 315
2380 210 6 75 315
2381 210 6 75 315
2382 210 6 75 315
2383 210 6 75 315
2384 210 6 75 315
2385 210 6 75 315
2386 210 6 75 315
2387 210 6 75 315
2388 210 6 75 315
2389 210 6 75 270
2390 210 6 75 270
2391 210 6 75 270
2392 210 6 75 270
2393 210 6 75 270
2394 210 6 75 270
2395 210 6 75 270
2396 210 6 75 270
2397 210 6 75 270
2398 210 6 75 270
2399 210 6 75 270
2400 210 6 75 270
2401 210 6 75 270
2402 210 6 75 270
2403 210 6 75 270
2404 210 6 75 270
2405 210 6 75 270
2406 210 6 75 270
2407 210 6 75 270
2408 210 6 75 270
2409 210 6 75 270
2410 210 6 75 270
2411 210 6 75 270
2412 210 6 75 270
2413 210 6 75 270
2414 210 6 75 270
2415 210 6 75 270
2416 210 6 75 270
2417 210 6 75 270
2418 210 6 75 270
2419 210 6 75 270
2420 210 6 75 270
2421 210 6 75 270
2422 210 6 75 270
2423 210 6 75 270
2424 210 6 75 270
2425 210 6 75 270
2426 210 6 75 270
2427 210 6 75 270
2428 210 6 75 270
2429 210 6 75 270
2430 210 6 75 270
2431 210 6 75 270
2432 210 6 75 270
2433 210 6 75 270
2434 210 6 75 270
2435 210 6 75 270
2436 210 6 75 270
2437 210 6 75 270
2438 210 6 75 270
2439 210 6 75 270
2440 210 6 75 270
2441 210 6 75 270
2442 210 6 75 270
2443 210 6 75 270
2444 210 6 75 270
2445 210 6 75 270
2446 210 6 75 270
2447 210 6 75 270
2448 210 6 75 270
2449 210 6 75 270
2450 210 6 75 270
2451 210 6 75 270
2452 210 6 75 270
2453 210 6 75 270
2454 210 6 75 270
2455 210 6 75 270
2456 210 6 75 270
2457 210 6 75 270
2458 210 6 75 270
2459 210 6 75 270
2460 210 6 75 270
2461 210 6 75 270
2462 210 6 75 270
2463 210 6 75 270
2464 210 6 75 270
2465 206 6 73 270
2466 206 6 73 270
2467 206 6 73 270
2468 206 6 73 270
2469 206 6 73 270
2470 206 6 73 270
2471 206 6 73 270
2472 206 6 73 270
2473 206 6 73 270
2474 206 6 73 270
2475 206 6 73 270
2476 206 6 73 270
2477 206 6 73 270
2478 206 6 73 270
2479 206 6 73 270
2480 206 6 73 270
2481 206 6 73 270
2482 206 6 73 270
2483 206 6 73 270
2484 206 6 73 225
2485 206 6 73 225
2486 206 6 73 180
2487 206 6 73 180
2488 206 6 73 180
2489 206 6 73 135
2490 206 6 73 135
2491 206 6 73 90
2492 206 6 73 90
2493 206 6 73 90
2494 206 6 73 90
2495 206 6 73 90
2496 206 6 73 90
2497 206 6 73 90
2498 206 6 73 90
2499 206 6 73 90
2500 206 6 73 90
2501 206 6 73 90
2502 206 6 73 90
2503 206 6 73 90
2504 206 6 73 90
2505 206 6 73 90
2506 206 6 73 90
2507 206 6 73 90
2508 206 6 73 90
2509 206 6 73 90
2510 206 6 73 45
2511 206 6 73 45
2512 206 6 73 45
2513 206 6 73 45
2514 206 6 73 45
2515 206 6 73 45
2516 206 6 73 45
2517 206 6 73 0
2518 206 6 73 0
2519 206 6 73 0
2520 206 6 73 0
2521 206 6 73 315
2522 206 6 73 315
2523 206 6 73 315
2524 206 6 73 270
2525 206 6 73 270
2526 206 6 73 270
2527 206 6 73 270
2528 206 6 73 270
2529 206 6 73 270
2530 206 6 73 270
2531 206 6 73 270
2532 206 6 73 270
2533 206 6 73 270
2534 206 6 73 270
2535 206 6 73 270
2536 206 6 73 270
2537 206 6 73 270
2538 206 6 73 270
2539 206 6 73 270
2540 206 6 73 270
2541 206 6 73 270
2542 206 6 73 315
2543 206 6 73 315
2544 206 6 73 315
2545 206 6 73 0
2546 206 6 73 0
2547 206 6 73 0
2548 206 6 73 45
2549 206 6 73 45
2550 206 6 73 45
2551 206 6 73 90
2552 206 6 73 90
2553 206 6 73 90
2554 206 6 73 135
2555 206 6 73 135
2556 206 6 73 135
2557 206 6 73 135
2558 206 6 73 135
2559 206 6 73 135
2560 206 6 73 135
2561 206 6 73 135
2562 206 6 73 135
2563 206 6 73 135
2564 206 6 73 135
2565 206 6 73 135
2566 206 6 73 135
2567 206 6 73 135
2568 206 6 73 135
2569 206 6 73 135
2570 206 6 73 135
2571 206 6 73 135
2572 206 6 73 180
2573 206 6 73 180
2574 206 6 73 180
2575 206 6 73 180
2576 206 6 73 225
2577 206 6 73 225
2578 206 6 73 225
2579 206 6 73 270
2580 206 6 73 270
2581 206 6 73 270
2582 206 6 73 270
2583 206 6 73 270
2584 206 6 73 270
2585 206 6 73 270
2586 206 6 73 270
2587 206 6 73 270
2588 206 6 73 270
2589 206 6 73 270
2590 206 6 73 270
2591 206 6 73 270
2592 206 6 73 270
2593 206 6 73 270
2594 206 6 73 270
2595 206 6 73 270
2596 206 6 73 270
2597 206 6 73 270
2598 206 6 73 270
2599 206 6 73 270
2600 206 6 73 270
2601 206 6 73 270
2602 206 6 73 270
2603 206 6 73 270
2604 206 6 73 270
2605 206 6 73 270
2606 206 6 73 270
2607 206 6 73 270
2608 206 6 73 270
2609 206 6 73 270
2610 206 6 73 270
2611 206 6 73 270
2612 206 6 73 270
2613 206 6 73 270
2614 206 6 73 270
2615 206 6 73 270
2616 206 6 73 270
2617 206 6 73 270
2618 206 6 73 270
2619 206 6 73 270
2620 206 6 73 270
2621 206 6 73 270
2622 206 6 73 270
2623 206 6 73 270
2624 206 6 73 225
2625 206 6 73 225
2626 206 6 73 225
2627 206 6 73 225
2628 206 6 73 225
2629 206 6 73 225
2630 206 6 73 225
2631 206 6 73 225
2632 206 6 73 225
2633 206 6 73 270
2634 206 6 73 270
2635 206 6 73 270
2636 206 6 73 270
2637 206 6 73 270
2638 206 6 73 270
2639 206 6 73 270
2640 206 6 73 270
2641 206 6 73 270
2642 206 6 73 270
2643 206 6 73 270
2644 206 6 73 270
2645 206 6 73 270
2646 206 6 73 270
2647 206 6 73 270
2648 206 6 73 270
2649 206 6 73 270
2650 206 6 73 270
2651 206 6 73 270
2652 206 6 73 270
2653 206 6 73 270
2654 206 6 73 270
2655 206 6 73 270
2656 206 6 73 270
2657 206 6 73 270
2658 206 6 73 270
2659 206 6 73 270
2660 206 6 73 270
2661 206 6 73 270
2662 206 6 73 270
2663 206 6 73 270
2664 206 6 73 270
2665 206 6 73 270
2666 206 6 73 270
2667 206 6 73 270
2668 206 6 73 270
2669 206 6 73 270
2670 206 6 73 270
2671 206 6 73 270
2672 206 6 73 270
2673 206 6 73 270
2674 206 6 73 270
2675 206 6 73 270
2676 206 6 73 270
2677 206 6 73 270
2678 206 6 73 270
2679 206 6 73 270
2680 206 6 73 270
2681 206 6 73 270
2682 206 6 73 270
2683 206 6 73 270
2684 206 6 73 270
2685 206 6 73 270
2686 206 6 73 270
2687 206 6 73 270
2688 206 6 73 270
2689 206 6 73 270
2690 206 6 73 270
2691 206 6 73 270
2692 206 6 73 270
2693 205 6 71 270
2694 205 6 71 270
2695 205 6 71 270
2696 205 6 71 270
2697 205 6 71 270
2698 205 6 71 270
2699 205 6 71 270
2700 205 6 71 270
2701 205 6 71 270
2702 205 6 71 270
2703 205 6 71 270
2704 205 6 71 270
2705 205 6 71 270
2706 205 6 71 225
2707 205 6 71 225
2708 205 6 71 225
2709 205 6 71 180
2710 205 6 71 180
2711 205 6 71 180
2712 205 6 71 135
2713 205 6 71 135
2714 205 6 71 135
2715 205 6 71 135
2716 205 6 71 135
2717 205 6 71 135
2718 205 6 71 135
2719 205 6 71 135
2720 205 6 71 135
2721 205 6 71 135
2722 205 6 71 135
2723 205 6 71 135
2724 205 6 71 135
2725 205 6 71 90
2726 205 6 71 90
2727 205 6 71 90
2728 205 6 71 90
2729 205 6 71 90
2730 205 6 71 90
2731 205 6 71 90
2732 205 6 71 90
2733 205 6 71 90
2734 205 6 71 90
2735 205 6 71 90
2736 205 6 71 90
2737 205 6 71 90
2738 205 6 71 90
2739 205 6 71 90
2740 205 6 71 90
2741 205 6 71 90
2742 205 6 71 90
2743 205 6 71 90
2744 205 6 71 90
2745 205 6 71 90
2746 205 6 71 90
2747 205 6 71 90
2748 205 6 71 90
2749 205 6 71 90
2750 205 6 71 90
2751 205 6 71 45
2752 205 6 71 45
2753 205 6 71 45
2754 205 6 71 45
2755 205 6 71 45
2756 205 6 71 45
2757 205 6 71 45
2758 205 6 71 45
2759 205 6 71 45
2760 205 6 71 0
2761 205 6 71 0
2762 205 6 71 0
2763 205 6 71 315
2764 205 6 71 315
2765 205 6 71 315
2766 205 6 71 315
2767 205 6 71 270
2768 205 6 71 270
2769 205 6 71 270
2770 205 6 71 270
2771 205 6 71 270
2772 205 6 71 270
2773 205 6 71 270
2774 205 6 71 270
2775 205 6 71 270
2776 205 6 71 270
2777 205 6 71 270
2778 205 6 71 270
2779 205 6 71 315
2780 205 6 71 315
2781 205 6 71 315
2782 205 6 71 315
2783 205 6 71 315
2784 205 6 71 315
2785 205 6 71 315
2786 205 6 71 315
2787 205 6 71 315
2788 205 6 71 315
2789 205 6 71 315
2790 205 6 71 315
2791 205 6 71 315
2792 205 6 71 315
2793 205 6 71 315
2794 205 6 71 315
2795 205 6 71 315
2796 205 6 71 315
2797 205 6 71 315
2798 205 6 71 315
2799 205 6 71 315
2800 205 6 71 0
2801 205 6 71 0
2802 205 6 71 0
2803 205 6 71 0
2804 205 6 71 0
2805 205 6 71 0
2806 205 6 71 45
2807 205 6 71 45
2808 205 6 71 45
2809 205 6 71 45
2810 205 6 71 45
2811 205 6 71 45
2812 205 6 71 45
2813 205 6 71 45
2814 205 6 71 45
2815 205 6 71 45
2816 205 6 71 90
2817 205 6 71 90
2818 205 6 71 90
2819 205 6 71 90
2820 205 6 71 90
2821 205 6 71 90
2822 205 6 71 90
2823 205 6 71 135
2824 205 6 71 135
2825 205 6 71 135
2826 205 6 71 135
2827 205 6 71 135
2828 205 6 71 135
2829 205 6 71 135
2830 205 6 71 135
2831 205 6 71 135
2832 205 6 71 135
2833 205 6 71 135
2834 205 6 71 135
2835 205 6 71 135
2836 205 6 71 135
2837 205 6 71 135
2838 205 6 71 135
2839 205 6 71 180
2840 205 6 71 180
2841 205 6 71 180
2842 205 6 71 180
2843 205 6 71 180
2844 205 6 71 180
2845 205 6 71 225
2846 205 6 71 225
2847 205 6 71 225
2848 205 6 71 225
2849 205 6 71 225
2850 205 6 71 225
2851 205 6 71 225
2852 205 6 71 225
2853 205 6 71 225
2854 205 6 71 225
2855 205 6 71 225
2856 205 6 71 225
2857 205 6 71 225
2858 205 6 71 225
2859 205 6 71 225
2860 205 6 71 225
2861 205 6 71 225
2862 205 6 71 225
2863 205 6 71 225
2864 205 6 71 225
2865 205 6 71 225
2866 205 6 71 225
2867 205 6 71 225
2868 205 6 71 225
2869 205 6 71 270
2870 205 6 71 270
2871 205 6 71 270
2872 205 6 71 270
2873 205 6 71 270
2874 205 6 71 270
2875 205 6 71 270
2876 205 6 71 270
2877 205 6 71 270
2878 205 6 71 270
2879 205 6 71 270
2880 205 6 71 270
2881 205 6 71 270
2882 205 6 71 270
2883 205 6 71 270
2884 205 6 71 270
2885 205 6 71 270
2886 205 6 71 270
2887 205 6 71 270
2888 205 6 71 270
2889 205 6 71 315
2890 205 6 71 315
2891 205 6 71 315
2892 205 6 71 315
2893 205 6 71 315
2894 205 6 71 315
2895 205 6 71 315
2896 205 6 71 315
2897 205 6 71 315
2898 205 6 71 315
2899 205 6 71 315
2900 205 6 71 315
2901 205 6 71 315
2902 205 6 71 315
2903 205 6 71 315
2904 205 6 71 315
2905 205 6 71 315
2906 205 6 71 315
2907 205 6 71 315
2908 205 6 71 315
2909 205 6 71 315
2910 205 6 71 315
2911 205 6 71 315
2912 205 6 71 315
2913 205 6 71 315
2914 205 6 71 315
2915 205 6 71 315
2916 205 6 71 315
2917 205 6 71 315
2918 205 6 71 315
2919 205 6 71 315
2920 205 6 71 315
2921 205 6 71 315
2922 205 6 71 315
2923 204 6 69 315
2924 204 6 69 315
2925 204 6 69 315
2926 204 6 69 315
2927 204 6 69 315
2928 204 6 69 315
2929 204 6 69 315
2930 204 6 69 315
2931 204 6 69 315
2932 204 6 69 315
2933 204 6 69 315
2934 204 6 69 315
2935 204 6 69 315
2936 204 6 69 315
2937 204 6 69 315
2938 204 6 69 315
2939 204 6 69 315
2940 204 6 69 315
2941 204 6 69 270
2942 204 6 69 270
2943 204 6 69 270
2944 204 6 69 270
2945 204 6 69 270
2946 204 6 69 270
2947 204 6 69 270
2948 204 6 69 270
2949 204 6 69 270
2950 204 6 69 270
2951 204 6 69 225
2952 204 6 69 225
2953 204 6 69 180
2954 204 6 69 180
2955 204 6 69 180
2956 204 6 69 135
2957 204 6 69 135
2958 204 6 69 135
2959 204 6 69 135
2960 204 6 69 135
2961 204 6 69 135
2962 204 6 69 135
2963 204 6 69 135
2964 204 6 69 135
2965 204 6 69 135
2966 204 6 69 135
2967 204 6 69 135
2968 204 6 69 90
2969 204 6 69 90
2970 204 6 69 90
2971 204 6 69 90
2972 204 6 69 90
2973 204 6 69 90
2974 204 6 69 90
2975 204 6 69 90
2976 204 6 69 90
2977 204 6 69 90
2978 204 6 69 90
2979 204 6 69 45
2980 204 6 69 45
2981 204 6 69 45
2982 204 6 69 45
2983 204 6 69 45
2984 204 6 69 45
2985 204 6 69 45
2986 204 6 69 45
2987 204 6 69 45
2988 204 6 69 45
2989 204 6 69 45
2990 204 6 69 0
2991 204 6 69 0
2992 204 6 69 0
2993 204 6 69 0
2994 204 6 69 0
2995 204 6 69 0
2996 204 6 69 0
2997 204 6 69 0
2998 204 6 69 0
2999 204 6 69 0
3000 204 6 69 0
3001 204 6 69 0
3002 204 6 69 315
3003 204 6 69 315
3004 204 6 69 315
3005 204 6 69 315
3006 204 6 69 315
3007 204 6 69 315
3008 204 6 69 315
3009 204 6 69 315
3010 204 6 69 315
3011 204 6 69 315
3012 204 6 69 315
3013 204 6 69 315
3014 204 6 69 315
3015 204 6 69 315
3016 204 6 69 315
3017 204 6 69 315
3018 204 6 69 315
3019 204 6 69 315
3020 204 6 69 315
3021 204 6 69 0
3022 204 6 69 0
3023 204 6 69 0
3024 204 6 69 0
3025 204 6 69 0
3026 204 6 69 0
3027 204 6 69 0
3028 204 6 69 0
3029 204 6 69 0
3030 204 6 69 0
3031 204 6 69 0
3032 204 6 69 0
3033 204 6 69 0
3034 204 6 69 0
3035 204 6 69 45
3036 204 6 69 45
3037 204 6 69 45
3038 204 6 69 45
3039 204 6 69 45
3040 204 6 69 45
3041 204 6 69 45
3042 204 6 69 45
3043 204 6 69 45
3044 204 6 69 45
3045 204 6 69 45
3046 204 6 69 45
3047 204 6 69 45
3048 204 6 69 45
3049 204 6 69 45
3050 204 6 69 45
3051 204 6 69 45
3052 204 6 69 45
3053 204 6 69 45
3054 204 6 69 45
3055 204 6 69 45
3056 204 6 69 45
3057 204 6 69 45
3058 204 6 69 45
3059 204 6 69 45
3060 204 6 69 45
3061 204 6 69 90
3062 204 6 69 90
3063 204 6 69 90
3064 204 6 69 90
3065 204 6 69 90
3066 204 6 69 90
3067 204 6 69 90
3068 204 6 69 90
3069 204 6 69 90
3070 204 6 69 90
3071 204 6 69 90
3072 204 6 69 90
3073 204 6 69 90
3074 204 6 69 90
3075 204 6 69 90
3076 204 6 69 90
3077 204 6 69 90
3078 204 6 69 90
3079 204 6 69 90
3080 204 6 69 90
3081 204 6 69 90
3082 204 6 69 90
3083 204 6 69 90
3084 204 6 69 90
3085 204 6 69 90
3086 204 6 69 90
3087 204 6 69 90
3088 204 6 69 90
3089 204 6 69 90
3090 204 6 69 90
3091 204 6 69 90
3092 204 6 69 90
3093 204 6 69 90
3094 204 6 69 135
3095 204 6 69 135
3096 204 6 69 135
3097 204 6 69 135
3098 204 6 69 135
3099 204 6 69 135
3100 204 6 69 135
3101 204 6 69 135
3102 204 6 69 135
3103 204 6 69 135
3104 204 6 69 135
3105 204 6 69 135
3106 204 6 69 135
3107 204 6 69 135
3108 204 6 69 180
3109 204 6 69 180
3110 204 6 69 180
3111 204 6 69 180
3112 204 6 69 180
3113 204 6 69 180
3114 204 6 69 180
3115 204 6 69 180
3116 204 6 69 180
3117 204 6 69 225
3118 204 6 69 225
3119 204 6 69 225
3120 204 6 69 225
3121 204 6 69 225
3122 204 6 69 225
3123 204 6 69 225
3124 204 6 69 225
3125 204 6 69 225
3126 204 6 69 225
3127 204 6 69 225
3128 204 6 69 225
3129 204 6 69 225
3130 204 6 69 225
3131 204 6 69 225
3132 204 6 69 225
3133 204 6 69 225
3134 204 6 69 225
3135 204 6 69 225
3136 204 6 69 225
3137 204 6 69 225
3138 204 6 69 225
3139 204 6 69 225
3140 204 6 69 270
3141 204 6 69 270
3142 204 6 69 270
3143 204 6 69 270
3144 204 6 69 270
3145 204 6 69 270
3146 204 6 69 270
3147 204 6 69 270
3148 204 6 69 270
3149 204 6 69 315
3150 204 6 69 315
3151 204 6 69 315
3152 204 6 69 315
3153 204 6 69 315
3154 204 6 69 315
3155 204 6 69 315
3156 204 6 69 315
3157 204 6 69 315
3158 204 6 69 315
3159 204 6 69 315
3160 204 6 69 315
3161 204 6 69 315
3162 204 6 69 315
3163 204 6 69 315
3164 204 6 69 315
3165 204 6 69 315
3166 204 6 69 315
3167 204 6 69 315
3168 204 6 69 315
3169 204 6 69 315
3170 204 6 69 315
3171 204 6 69 315
3172 204 6 69 315
3173 204 6 69 315
3174 204 6 69 315
3175 204 6 69 315
3176 204 6 69 315
3177 204 6 69 315
3178 204 6 69 315
3179 204 6 69 315
3180 204 6 69 315
3181 204 6 69 315
3182 204 6 69 315
3183 204 6 69 315
3184 204 6 69 315
3185 204 6 69 315
3186 204 6 69 315
3187 204 6 69 315
3188 204 6 69 315
3189 204 6 69 315
3190 204 6 69 315
3191 204 6 69 315
3192 204 6 69 315
3193 204 6 69 315
3194 204 6 69 315
3195 204 6 69 270
3196 204 6 69 270
3197 204 6 69 270
3198 204 6 69 270
3199 204 6 69 270
3200 204 6 69 270
3201 204 6 69 225
3202 204 6 69 225
3203 204 6 69 225
3204 204 6 69 225
3205 204 6 69 225
3206 204 6 69 225
3207 204 6 69 225
3208 204 6 69 225
3209 204 6 69 225
3210 204 6 69 225
3211 204 6 69 225
3212 204 6 69 225
3213 204 6 69 225
3214 204 6 69 225
3215 204 6 69 225
3216 204 6 69 225
3217 204 6 69 225
3218 204 6 69 225
3219 204 6 69 225
3220 204 6 69 225
3221 204 6 69 225
3222 204 6 69 225
3223 204 6 69 225
3224 204 6 69 225
3225 204 6 69 225
3226 204 6 69 225
3227 204 6 69 225
3228 204 6 69 225
3229 204 6 69 225
3230 204 6 69 225
3231 204 6 69 225
3232 204 6 69 225
3233 204 6 69 225
3234 204 6 69 225
3235 204 6 69 225
3236 204 6 69 225
3237 204 6 69 225
3238 204 6 69 225
3239 204 6 69 225
3240 204 6 69 225
3241 204 6 69 225
3242 204 6 69 225
3243 204 6 69 225
3244 204 6 69 225
3245 204 6 69 225
3246 204 6 69 225
3247 204 6 69 225
3248 204 6 69 225
3249 204 6 69 225
3250 204 6 69 225
3251 204 6 69 225
3252 204 6 69 225
3253 204 6 69 225
3254 204 6 69 225
3255 204 6 69 225
3256 204 6 69 225
3257 204 6 69 225
3258 204 6 69 225
3259 204 6 69 225
3260 204 6 69 270
3261 204 6 69 270
3262 204 6 69 270
3263 204 6 69 270
3264 204 6 69 270
3265 204 6 69 270
3266 204 6 69 270
3267 204 6 69 270
3268 204 6 69 270
3269 204 6 69 270
3270 204 6 69 270
3271 204 6 69 270
3272 204 6 69 270
3273 204 6 69 270
3274 204 6 69 270
3275 204 6 69 270
3276 204 6 69 270
3277 204 6 69 270
3278 204 6 69 270
3279 204 6 69 270
3280 204 6 69 270
3281 204 6 69 270
3282 204 6 69 270
3283 204 6 69 270
3284 204 6 69 270
3285 204 6 69 270
3286 204 6 69 270
3287 204 6 69 270
3288 204 6 69 270
3289 204 6 69 270
3290 204 6 69 270
3291 204 6 69 270
3292 204 6 69 270
3293 204 6 69 270
3294 204 6 69 270
3295 204 6 69 270
3296 204 6 69 270
3297 204 6 69 270
3298 204 6 69 270
3299 204 6 69 270
3300 204 6 69 270
3301 204 6 69 270
3302 204 6 69 270
3303 204 6 69 270
3304 204 6 69 270
3305 204 6 69 270
3306 204 6 69 270
3307 204 6 69 270
3308 204 6 69 270
3309 204 6 69 270
3310 204 6 69 270
3311 204 6 69 270
3312 204 6 69 270
3313 204 6 69 270
3314 204 6 69 270
3315 204 6 69 270
3316 204 6 69 270
3317 204 6 69 270
3318 204 6 69 270
3319 204 6 69 270
3320 204 6 69 270
3321 204 6 69 270
3322 204 6 69 270
3323 204 6 69 270
3324 204 6 69 270
3325 204 6 69 270
3326 204 6 69 270
3327 204 6 69 270
3328 204 6 69 270
3329 204 6 69 270
3330 204 6 69 270
3331 204 6 69 270
3332 204 6 69 270
3333 204 6 69 270
3334 204 6 69 270
3335 204 6 69 270
3336 204 6 69 270
3337 204 6 69 270
3338 204 6 69 270
3339 204 6 69 270
3340 204 6 69 270
3341 204 6 69 270
3342 204 6 69 270
3343 204 6 69 270
3344 204 6 69 270
3345 204 6 69 270
3346 204 6 69 270
3347 204 6 69 270
3348 204 6 69 270
3349 204 6 69 270
3350 204 6 69 270
3351 204 6 69 270
3352 204 6 69 270
3353 204 6 69 270
3354 204 6 69 270
3355 204 6 69 270
3356 204 6 69 225
3357 204 6 69 225
3358 204 6 69 225
3359 204 6 69 225
3360 204 6 69 225
3361 204 6 69 225
3362 204 6 69 225
3363 204 6 69 225
3364 204 6 69 225
3365 204 6 69 225
3366 204 6 69 225
3367 204 6 69 225
3368 204 6 69 225
3369 204 6 69 225
3370 204 6 69 225
3371 204 6 69 225
3372 204 6 69 225
3373 204 6 69 225
3374 204 6 69 225
3375 204 6 69 225
3376 204 6 69 225
3377 204 6 69 180
3378 204 6 69 180
3379 204 6 69 180
3380 204 6 69 180
3381 204 6 69 180
3382 204 6 69 180
3383 204 6 69 180
3384 204 6 69 180
3385 204 6 69 180
3386 204 6 69 180
3387 204 6 69 180
3388 204 6 69 180
3389 204 6 69 180
3390 204 6 69 180
3391 204 6 69 180
3392 204 6 69 135
3393 204 6 69 135
3394 204 6 69 135
3395 204 6 69 135
3396 204 6 69 135
3397 204 6 69 90
3398 204 6 69 90
3399 204 6 69 90
3400 204 6 69 90
3401 204 6 69 90
3402 204 6 69 45
3403 204 6 69 45
3404 204 6 69 45
3405 204 6 69 45
3406 204 6 69 45
3407 204 6 69 45
3408 204 6 69 0
3409 204 6 69 0
3410 204 6 69 0
3411 204 6 69 0
3412 204 6 69 0
3413 204 6 69 0
3414 204 6 69 0
3415 204 6 69 0
3416 204 6 69 0
3417 204 6 69 0
3418 204 6 69 0
3419 204 6 69 315
3420 204 6 69 315
3421 204 6 69 315
3422 204 6 69 315
3423 204 6 69 315
3424 204 6 69 270
3425 204 6 69 270
3426 204 6 69 270
3427 204 6 69 270
3428 204 6 69 270
3429 204 6 69 270
3430 204 6 69 270
3431 204 6 69 270
3432 204 6 69 270
3433 204 6 69 270
3434 204 6 69 270
3435 204 6 69 270
3436 204 6 69 270
3437 204 6 69 270
3438 204 6 69 270
3439 204 6 69 270
3440 204 6 69 315
3441 204 6 69 315
3442 204 6 69 315
3443 204 6 69 315
3444 204 6 69 0
3445 204 6 69 0
3446 204 6 69 45
3447 204 6 69 45
3448 204 6 69 45
3449 204 6 69 90
3450 204 6 69 90
3451 204 6 69 135
3452 204 6 69 135
3453 204 6 69 135
3454 204 6 69 180
3455 204 6 69 180
3456 204 6 69 180
3457 204 6 69 180
3458 204 6 69 180
3459 204 6 69 180
3460 204 6 69 180
3461 204 6 69 180
3462 204 6 69 180
3463 204 6 69 180
3464 204 6 69 180
3465 204 6 69 180
3466 204 6 69 180
3467 204 6 69 180
3468 204 6 69 180
3469 204 6 69 180
3470 204 6 69 180
3471 204 6 69 180
3472 204 6 69 180
3473 204 6 69 180
3474 204 6 69 180
3475 204 6 69 225
3476 204 6 69 225
3477 204 6 69 225
3478 204 6 69 225
3479 204 6 69 225
3480 204 6 69 225
3481 204 6 69 225
3482 204 6 69 225
3483 204 6 69 225
3484 204 6 69 225
3485 204 6 69 225
3486 204 6 69 225
3487 204 6 69 225
3488 204 6 69 225
3489 204 6 69 225
3490 204 6 69 225
3491 204 6 69 225
3492 204 6 69 225
3493 204 6 69 225
3494 204 6 69 225
3495 204 6 69 225
3496 204 6 69 270
3497 204 6 69 270
3498 204 6 69 270
3499 204 6 69 270
3500 204 6 69 270
3501 204 6 69 270
3502 204 6 69 270
3503 204 6 69 270
3504 204 6 69 270
3505 204 6 69 270
3506 204 6 69 270
3507 204 6 69 270
3508 204 6 69 270
3509 204 6 69 270
3510 204 6 69 270
3511 204 6 69 270
3512 204 6 69 270
3513 204 6 69 270
3514 204 6 69 270
3515 204 6 69 270
3516 204 6 69 270
3517 204 6 69 270
3518 204 6 69 270
3519 204 6 69 270
3520 204 6 69 270
3521 204 6 69 270
3522 204 6 69 270
3523 204 6 69 270
3524 204 6 69 270
3525 204 6 69 270
3526 204 6 69 270
3527 204 6 69 270
3528 204 6 69 270
3529 204 6 69 270
3530 204 6 69 270
3531 204 6 69 270
3532 204 6 69 270
3533 204 6 69 270
3534 204 6 69 270
3535 204 6 69 270
3536 204 6 69 270
3537 204 6 69 270
3538 204 6 69 270
3539 204 6 69 270
3540 204 6 69 270
3541 204 6 69 270
3542 204 6 69 270
3543 204 6 69 270
3544 204 6 69 270
3545 204 6 69 270
3546 204 6 69 270
3547 204 6 69 270
3548 204 6 69 270
3549 204 6 69 270
3550 204 6 69 270
3551 204 6 69 270
3552 204 6 69 270
3553 204 6 69 270
3554 204 6 69 270
3555 204 6 69 270
3556 204 6 69 270
3557 204 6 69 270
3558 204 6 69 270
3559 204 6 69 270
3560 204 6 69 270
3561 204 6 69 270
3562 204 6 69 270
3563 204 6 69 270
3564 204 6 69 270
3565 204 6 69 270
3566 204 6 69 270
3567 204 6 69 270
3568 204 6 69 270
3569 204 6 69 270
3570 204 6 69 270
3571 204 6 69 270
3572 204 6 69 270
3573 204 6 69 270
3574 204 6 69 270
3575 204 6 69 270
3576 204 6 69 270
3577 204 6 69 270
3578 204 6 69 270
3579 204 6 69 270
3580 204 6 69 270
3581 204 6 69 270
3582 204 6 69 270
3583 204 6 69 270
3584 204 6 69 270
3585 204 6 69 270
3586 204 6 69 270
3587 204 6 69 270
3588 204 6 69 270
3589 204 6 69 270
3590 204 6 69 270
3591 204 6 69 270
3592 204 6 69 270
3593 204 6 69 270
3594 204 6 69 270
3595 204 6 69 270
3596 204 6 69 270
3597 204 6 69 270
3598 204 6 69 270
3599 204 6 69 270
3600 204 6 69 270
3601 204 6 69 270
3602 204 6 69 270
3603 204 6 69 270
3604 204 6 69 270
3605 204 6 69 270
3606 204 6 69 270
3607 204 6 69 270
3608 204 6 69 270
3609 204 6 69 270
3610 204 6 69 270
3611 204 6 69 270
3612 204 6 69 270
3613 204 6 69 270
3614 204 6 69 270
3615 204 6 69 270
3616 204 6 69 270
3617 204 6 69 270
3618 204 6 69 270
3619 204 6 69 270
3620 204 6 69 270
3621 203 6 67 270
3622 203 6 67 270
3623 203 6 67 270
3624 203 6 67 270
3625 203 6 67 270
3626 203 6 67 270
3627 203 6 67 270
3628 203 6 67 270
3629 203 6 67 270
3630 203 6 67 270
3631 203 6 67 225
3632 203 6 67 225
3633 203 6 67 225
3634 203 6 67 225
3635 203 6 67 225
3636 203 6 67 225
3637 203 6 67 180
3638 203 6 67 180
3639 203 6 67 180
3640 203 6 67 135
3641 203 6 67 135
3642 203 6 67 135
3643 203 6 67 90
3644 203 6 67 90
3645 203 6 67 90
3646 203 6 67 90
3647 203 6 67 45
3648 203 6 67 45
3649 203 6 67 45
3650 203 6 67 45
3651 203 6 67 45
3652 203 6 67 45
3653 203 6 67 45
3654 203 6 67 45
3655 203 6 67 45
3656 203 6 67 45
3657 203 6 67 45
3658 203 6 67 45
3659 203 6 67 45
3660 203 6 67 45
3661 203 6 67 45
3662 203 6 67 0
3663 203 6 67 0
3664 203 6 67 0
3665 203 6 67 0
3666 203 6 67 0
3667 203 6 67 0
3668 203 6 67 0
3669 203 6 67 0
3670 203 6 67 0
3671 203 6 67 0
3672 203 6 67 0
3673 203 6 67 0
3674 203 6 67 0
3675 203 6 67 0
3676 203 6 67 0
3677 203 6 67 0
3678 203 6 67 0
3679 203 6 67 0
3680 203 6 67 0
3681 203 6 67 0
3682 203 6 67 0
3683 203 6 67 315
3684 203 6 67 315
3685 203 6 67 315
3686 203 6 67 315
3687 203 6 67 315
3688 203 6 67 315
3689 203 6 67 315
3690 203 6 67 315
3691 203 6 67 315
3692 203 6 67 315
3693 203 6 67 315
3694 203 6 67 315
3695 203 6 67 315
3696 203 6 67 315
3697 203 6 67 315
3698 203 6 67 315
3699 203 6 67 315
3700 203 6 67 315
3701 203 6 67 315
3702 203 6 67 315
3703 203 6 67 315
3704 203 6 67 270
3705 203 6 67 270
3706 203 6 67 270
3707 203 6 67 270
3708 203 6 67 270
3709 203 6 67 270
3710 203 6 67 270
3711 203 6 67 270
3712 203 6 67 270
3713 203 6 67 270
3714 203 6 67 270
3715 203 6 67 270
3716 203 6 67 270
3717 203 6 67 270
3718 203 6 67 270
3719 203 6 67 270
3720 203 6 67 270
3721 203 6 67 270
3722 203 6 67 270
3723 203 6 67 270
3724 203 6 67 270
3725 203 6 67 315
3726 203 6 67 315
3727 203 6 67 315
3728 203 6 67 315
3729 203 6 67 0
3730 203 6 67 0
3731 203 6 67 0
3732 203 6 67 0
3733 203 6 67 45
3734 203 6 67 45
3735 203 6 67 90
3736 203 6 67 90
3737 203 6 67 135
3738 203 6 67 135
3739 203 6 67 135
3740 203 6 67 180
3741 203 6 67 180
3742 203 6 67 180
3743 203 6 67 180
3744 203 6 67 180
3745 203 6 67 180
3746 203 6 67 180
3747 203 6 67 180
3748 203 6 67 180
3749 203 6 67 180
3750 203 6 67 180
3751 203 6 67 180
3752 203 6 67 180
3753 203 6 67 180
3754 203 6 67 180
3755 203 6 67 180
3756 203 6 67 180
3757 203 6 67 225
3758 203 6 67 225
3759 203 6 67 225
3760 203 6 67 225
3761 203 6 67 225
3762 203 6 67 225
3763 203 6 67 225
3764 203 6 67 225
3765 203 6 67 225
3766 203 6 67 225
3767 203 6 67 225
3768 203 6 67 225
3769 203 6 67 225
3770 203 6 67 225
3771 203 6 67 225
3772 203 6 67 225
3773 203 6 67 225
3774 203 6 67 225
3775 203 6 67 225
3776 203 6 67 225
3777 203 6 67 225
3778 203 6 67 225
3779 203 6 67 225
3780 203 6 67 225
3781 203 6 67 225
3782 203 6 67 225
3783 203 6 67 270
3784 203 6 67 270
3785 203 6 67 270
3786 203 6 67 270
3787 203 6 67 270
3788 203 6 67 270
3789 203 6 67 270
3790 203 6 67 270
3791 203 6 67 270
3792 203 6 67 270
3793 203 6 67 270
3794 203 6 67 270
3795 203 6 67 270
3796 203 6 67 270
3797 203 6 67 270
3798 203 6 67 270
3799 203 6 67 270
3800 203 6 67 270
3801 203 6 67 270
3802 203 6 67 270
3803 203 6 67 270
3804 203 6 67 270
3805 203 6 67 270
3806 203 6 67 270
3807 203 6 67 270
3808 203 6 67 270
3809 203 6 67 270
3810 203 6 67 270
3811 203 6 67 270
3812 203 6 67 270
3813 203 6 67 270
3814 203 6 67 270
3815 203 6 67 270
3816 203 6 67 270
3817 203 6 67 270
3818 203 6 67 270
3819 203 6 67 270
3820 203 6 67 270
3821 203 6 67 270
3822 203 6 67 270
3823 203 6 67 270
3824 203 6 67 270
3825 203 6 67 270
3826 203 6 67 270
3827 203 6 67 270
3828 203 6 67 270
3829 203 6 67 270
3830 203 6 67 270
3831 203 6 67 270
3832 203 6 67 270
3833 203 6 67 270
3834 203 6 67 270
3835 203 6 67 270
3836 203 6 67 315
3837 203 6 67 315
3838 203 6 67 315
3839 203 6 67 315
3840 203 6 67 315
3841 203 6 67 315
3842 203 6 67 315
3843 203 6 67 315
3844 203 6 67 315
3845 203 6 67 315
3846 203 6 67 315
3847 203 6 67 315
3848 203 6 67 315
3849 203 6 67 0
3850 203 6 67 315
3851 203 6 67 0
3852 203 6 67 0
3853 203 6 67 0
3854 203 6 67 0
3855 203 6 67 0
3856 203 6 67 0
3857 203 6 67 0
3858 203 6 67 0
3859 203 6 67 0
3860 203 6 67 0
3861 203 6 67 0
3862 203 6 67 0
3863 203 6 67 0
3864 203 6 67 0
3865 202 6 65 0
3866 202 6 65 0
3867 202 6 65 0
3868 202 6 65 0
3869 202 6 65 0
3870 202 6 65 0
3871 202 6 65 0
3872 202 6 65 0
3873 202 6 65 0
3874 202 6 65 315
3875 202 6 65 315
3876 202 6 65 315
3877 202 6 65 315
3878 202 6 65 315
3879 202 6 65 270
3880 202 6 65 270
3881 202 6 65 270
3882 202 6 65 225
3883 202 6 65 180
3884 202 6 65 180
3885 202 6 65 180
3886 202 6 65 180
3887 202 6 65 180
3888 202 6 65 180
3889 202 6 65 180
3890 202 6 65 180
3891 202 6 65 180
3892 202 6 65 180
3893 202 6 65 135
3894 202 6 65 135
3895 202 6 65 135
3896 202 6 65 135
3897 202 6 65 135
3898 202 6 65 135
3899 202 6 65 135
3900 202 6 65 135
3901 202 6 65 135
3902 202 6 65 135
3903 202 6 65 135
3904 202 6 65 135
3905 202 6 65 90
3906 202 6 65 90
3907 202 6 65 90
3908 202 6 65 90
3909 202 6 65 90
3910 202 6 65 90
3911 202 6 65 90
3912 202 6 65 90
3913 202 6 65 45
3914 202 6 65 45
3915 202 6 65 45
3916 202 6 65 45
3917 202 6 65 45
3918 202 6 65 45
3919 202 6 65 45
3920 202 6 65 45
3921 202 6 65 0
3922 202 6 65 0
3923 202 6 65 0
3924 202 6 65 0
3925 202 6 65 0
3926 202 6 65 0
3927 202 6 65 0
3928 202 6 65 0
3929 202 6 65 0
3930 202 6 65 0
3931 202 6 65 0
3932 202 6 65 0
3933 202 6 65 0
3934 202 6 65 0
3935 202 6 65 0
3936 202 6 65 0
3937 202 6 65 0
3938 202 6 65 0
3939 202 6 65 315
3940 202 6 65 315
3941 202 6 65 315
3942 202 6 65 315
3943 202 6 65 315
3944 202 6 65 315
3945 202 6 65 315
3946 202 6 65 315
3947 202 6 65 315
3948 202 6 65 315
3949 202 6 65 0
3950 202 6 65 0
3951 202 6 65 0
3952 202 6 65 0
3953 202 6 65 45
3954 202 6 65 45
3955 202 6 65 45
3956 202 6 65 90
3957 202 6 65 90
3958 202 6 65 90
3959 202 6 65 90
3960 202 6 65 135
3961 202 6 65 135
3962 202 6 65 135
3963 202 6 65 135
3964 202 6 65 135
3965 202 6 65 135
3966 202 6 65 135
3967 202 6 65 135
3968 202 6 65 135
3969 202 6 65 135
3970 202 6 65 135
3971 202 6 65 135
3972 202 6 65 135
3973 202 6 65 135
3974 202 6 65 180
3975 202 6 65 180
3976 202 6 65 180
3977 202 6 65 180
3978 202 6 65 180
3979 202 6 65 180
3980 202 6 65 180
3981 202 6 65 225
3982 202 6 65 225
3983 202 6 65 225
3984 202 6 65 270
3985 202 6 65 270
3986 202 6 65 270
3987 202 6 65 270
3988 202 6 65 270
3989 202 6 65 270
3990 202 6 65 270
3991 202 6 65 270
3992 202 6 65 270
3993 202 6 65 270
3994 202 6 65 270
3995 202 6 65 270
3996 202 6 65 270
3997 202 6 65 270
3998 202 6 65 270
3999 202 6 65 270
4000 202 6 65 270
4001 202 6 65 315
4002 202 6 65 315
4003 202 6 65 315
4004 202 6 65 315
4005 202 6 65 315
4006 202 6 65 315
4007 202 6 65 315
4008 202 6 65 315
4009 202 6 65 315
4010 202 6 65 315
4011 202 6 65 315
4012 202 6 65 315
4013 202 6 65 315
4014 202 6 65 315
4015 202 6 65 315
4016 202 6 65 315
4017 202 6 65 315
4018 202 6 65 315
4019 202 6 65 315
4020 202 6 65 315
4021 202 6 65 315
4022 202 6 65 315
4023 202 6 65 315
4024 202 6 65 315
4025 202 6 65 315
4026 202 6 65 315
4027 202 6 65 315
4028 202 6 65 315
4029 202 6 65 315
4030 202 6 65 315
4031 202 6 65 315
4032 202 6 65 315
4033 202 6 65 315
4034 202 6 65 315
4035 202 6 65 315
4036 202 6 65 315
4037 202 6 65 315
4038 202 6 65 315
4039 202 6 65 315
4040 202 6 65 315
4041 202 6 65 315
4042 202 6 65 315
4043 202 6 65 315
4044 202 6 65 315
4045 202 6 65 315
4046 202 6 65 315
4047 202 6 65 315
4048 202 6 65 315
4049 202 6 65 315
4050 202 6 65 315
4051 202 6 65 315
4052 202 6 65 315
4053 202 6 65 315
4054 202 6 65 270
4055 202 6 65 270
4056 202 6 65 270
4057 202 6 65 270
4058 202 6 65 270
4059 202 6 65 270
4060 202 6 65 270
4061 202 6 65 270
4062 202 6 65 270
4063 202 6 65 270
4064 202 6 65 270
4065 202 6 65 270
4066 202 6 65 270
4067 202 6 65 270
4068 202 6 65 270
4069 202 6 65 270
4070 202 6 65 270
4071 202 6 65 270
4072 202 6 65 270
4073 202 6 65 270
4074 202 6 65 270
4075 202 6 65 270
4076 202 6 65 270
4077 202 6 65 270
4078 202 6 65 270
4079 202 6 65 270
4080 201 6 63 270
4081 201 6 63 270
4082 201 6 63 270
4083 201 6 63 270
4084 201 6 63 270
4085 201 6 63 270
4086 201 6 63 270
4087 201 6 63 270
4088 201 6 63 270
4089 201 6 63 270
4090 201 6 63 270
4091 201 6 63 270
4092 201 6 63 270
4093 201 6 63 270
4094 201 6 63 270
4095 201 6 63 270
4096 201 6 63 270
4097 201 6 63 270
4098 201 6 63 270
4099 201 6 63 270
4100 201 6 63 270
4101 201 6 63 270
4102 201 6 63 270
4103 201 6 63 270
4104 201 6 63 270
4105 201 6 63 270
4106 201 6 63 270
4107 201 6 63 225
4108 201 6 63 225
4109 201 6 63 225
4110 201 6 63 225
4111 201 6 63 180
4112 201 6 63 180
4113 201 6 63 180
4114 201 6 63 135
4115 201 6 63 135
4116 201 6 63 135
4117 201 6 63 90
4118 201 6 63 90
4119 201 6 63 90
4120 201 6 63 45
4121 201 6 63 45
4122 201 6 63 0
4123 201 6 63 0
4124 201 6 63 0
4125 201 6 63 0
4126 201 6 63 0
4127 201 6 63 0
4128 201 6 63 0
4129 201 6 63 0
4130 201 6 63 0
4131 201 6 63 0
4132 201 6 63 315
4133 201 6 63 315
4134 201 6 63 315
4135 201 6 63 270
4136 201 6 63 270
4137 201 6 63 270
4138 201 6 63 270
4139 201 6 63 270
4140 201 6 63 270
4141 201 6 63 270
4142 201 6 63 270
4143 201 6 63 270
4144 201 6 63 270
4145 201 6 63 270
4146 201 6 63 270
4147 201 6 63 270
4148 201 6 63 270
4149 201 6 63 270
4150 201 6 63 270
4151 201 6 63 270
4152 201 6 63 315
4153 201 6 63 315
4154 201 6 63 315
4155 201 6 63 315
4156 201 6 63 315
4157 201 6 63 315
4158 201 6 63 315
4159 201 6 63 0
4160 201 6 63 0
4161 201 6 63 0
4162 201 6 63 0
4163 201 6 63 45
4164 201 6 63 45
4165 201 6 63 45
4166 201 6 63 45
4167 201 6 63 90
4168 201 6 63 90
4169 201 6 63 90
4170 201 6 63 90
4171 201 6 63 135
4172 201 6 63 135
4173 201 6 63 135
4174 201 6 63 135
4175 201 6 63 135
4176 201 6 63 135
4177 201 6 63 135
4178 201 6 63 135
4179 201 6 63 135
4180 201 6 63 135
4181 201 6 63 135
4182 201 6 63 135
4183 201 6 63 135
4184 201 6 63 135
4185 201 6 63 135
4186 201 6 63 180
4187 201 6 63 180
4188 201 6 63 180
4189 201 6 63 180
4190 201 6 63 180
4191 201 6 63 180
4192 201 6 63 180
4193 201 6 63 180
4194 201 6 63 180
4195 201 6 63 225
4196 201 6 63 225
4197 201 6 63 225
4198 201 6 63 225
4199 201 6 63 270
4200 201 6 63 270
4201 201 6 63 315
4202 201 6 63 315
4203 201 6 63 315
4204 201 6 63 315
4205 201 6 63 315
4206 201 6 63 315
4207 201 6 63 315
4208 201 6 63 315
4209 201 6 63 315
4210 201 6 63 315
4211 201 6 63 315
4212 201 6 63 315
4213 201 6 63 315
4214 201 6 63 315
4215 201 6 63 315
4216 201 6 63 315
4217 201 6 63 270
4218 201 6 63 270
4219 201 6 63 270
4220 201 6 63 270
4221 201 6 63 270
4222 201 6 63 270
4223 201 6 63 270
4224 201 6 63 270
4225 201 6 63 270
4226 201 6 63 270
4227 201 6 63 270
4228 201 6 63 270
4229 201 6 63 270
4230 201 6 63 270
4231 201 6 63 270
4232 201 6 63 270
4233 201 6 63 270
4234 201 6 63 270
4235 201 6 63 270
4236 201 6 63 270
4237 201 6 63 270
4238 201 6 63 270
4239 201 6 63 270
4240 201 6 63 270
4241 201 6 63 270
4242 201 6 63 270
4243 201 6 63 270
4244 201 6 63 270
4245 201 6 63 270
4246 201 6 63 270
4247 201 6 63 270
4248 201 6 63 270
4249 201 6 63 270
4250 201 6 63 270
4251 201 6 63 270
4252 201 6 63 270
4253 201 6 63 270
4254 201 6 63 270
4255 201 6 63 270
4256 201 6 63 270
4257 201 6 63 270
4258 201 6 63 270
4259 201 6 63 270
4260 201 6 63 270
4261 201 6 63 270
4262 201 6 63 270
4263 201 6 63 270
4264 201 6 63 270
4265 201 6 63 270
4266 201 6 63 270
4267 201 6 63 270
4268 201 6 63 270
4269 201 6 63 270
4270 201 6 63 270
4271 201 6 63 270
4272 201 6 63 270
4273 201 6 63 270
4274 201 6 63 270
4275 201 6 63 270
4276 201 6 63 270
4277 201 6 63 270
4278 201 6 63 270
4279 201 6 63 270
4280 201 6 63 270
4281 201 6 63 270
4282 201 6 63 270
4283 201 6 63 270
4284 201 6 63 270
4285 201 6 63 270
4286 201 6 63 270
4287 201 6 63 270
4288 201 6 63 270
4289 201 6 63 270
4290 201 6 63 270
4291 201 6 63 270
4292 201 6 63 270
4293 201 6 63 270
4294 201 6 63 270
4295 201 6 63 270
4296 201 6 63 270
4297 201 6 63 270
4298 201 6 63 270
4299 201 6 63 270
4300 201 6 63 270
4301 201 6 63 270
4302 201 6 63 270
4303 201 6 63 270
4304 201 6 63 270
4305 201 6 63 270
4306 201 6 63 270
4307 201 6 63 270
4308 201 6 63 270
4309 201 6 63 270
4310 201 6 63 270
4311 201 6 63 270
4312 201 6 63 270
4313 201 6 63 270
4314 201 6 63 270
4315 201 6 63 270
4316 201 6 63 270
4317 201 6 63 270
4318 201 6 63 270
4319 201 6 63 270
4320 201 6 63 270
4321 201 6 63 270
4322 201 6 63 270
4323 201 6 63 270
4324 201 6 63 270
4325 201 6 63 270
4326 201 6 63 270
4327 201 6 63 270
4328 201 6 63 270
4329 201 6 63 270
4330 201 6 63 270
4331 201 6 63 270
4332 201 6 63 270
4333 201 6 63 270
4334 201 6 63 270
4335 201 6 63 270
4336 201 6 63 270
4337 201 6 63 270
4338 201 6 63 270
4339 201 6 63 270
4340 201 6 63 270
4341 201 6 63 270
4342 201 6 63 270
4343 201 6 63 270
4344 201 6 63 270
4345 201 6 63 270
4346 201 6 63 270
4347 201 6 63 270
4348 201 6 63 270
4349 201 6 63 270
4350 201 6 63 270
4351 201 6 63 270
4352 201 6 63 270
4353 201 6 63 270
4354 201 6 63 270
4355 201 6 63 270
4356 201 6 63 270
4357 201 6 63 270
4358 201 6 63 270
4359 201 6 63 270
4360 201 6 63 270
4361 201 6 63 270
4362 201 6 63 270
4363 201 6 63 270
4364 201 6 63 270
4365 201 6 63 270
4366 201 6 63 270
4367 201 6 63 270
4368 201 6 63 270
4369 201 6 63 270
4370 201 6 63 270
4371 201 6 63 270
4372 201 6 63 270
4373 201 6 63 270
4374 201 6 63 270
4375 201 6 63 270
4376 201 6 63 270
4377 201 6 63 270
4378 201 6 63 270
4379 201 6 63 270
4380 201 6 63 270
4381 201 6 63 270
4382 201 6 63 270
4383 201 6 63 270
4384 201 6 63 270
4385 201 6 63 270
4386 201 6 63 270
4387 201 6 63 270
4388 201 6 63 270
4389 201 6 63 270
4390 201 6 63 270
4391 201 6 63 270
4392 201 6 63 270
4393 201 6 63 270
4394 201 6 63 270
4395 201 6 63 270
4396 201 6 63 270
4397 201 6 63 270
4398 201 6 63 270
4399 201 6 63 270
4400 201 6 63 270
4401 201 6 63 270
4402 201 6 63 270
4403 201 6 63 270
4404 201 6 63 270
4405 201 6 63 270
4406 201 6 63 270
4407 201 6 63 270
4408 201 6 63 270
4409 201 6 63 270
4410 201 6 63 270
4411 201 6 63 270
4412 201 6 63 270
4413 201 6 63 270
4414 201 6 63 270
4415 201 6 63 270
4416 201 6 63 270
4417 201 6 63 270
4418 201 6 63 270
4419 201 6 63 270
4420 201 6 63 270
4421 201 6 63 270
4422 201 6 63 270
4423 201 6 63 270
4424 201 6 63 270
4425 201 6 63 270
4426 201 6 63 270
4427 201 6 63 270
4428 201 6 63 270
4429 201 6 63 270
4430 201 6 63 270
4431 201 6 63 270
4432 201 6 63 270
4433 201 6 63 270
4434 201 6 63 270
4435 201 6 63 270
4436 201 6 63 270
4437 201 6 63 270
4438 201 6 63 270
4439 201 6 63 270
4440 201 6 63 270
4441 201 6 63 270
4442 201 6 63 270
4443 201 6 63 270
4444 201 6 63 270
4445 201 6 63 270
4446 201 6 63 270
4447 201 6 63 270
4448 201 6 63 270
4449 201 6 63 270
4450 201 6 63 270
4451 201 6 63 270
4452 201 6 63 270
4453 201 6 63 270
4454 201 6 63 270
4455 201 6 63 270
4456 201 6 63 270
4457 201 6 63 270
4458 201 6 63 270
4459 201 6 63 270
4460 201 6 63 270
4461 201 6 63 270
4462 201 6 63 270
4463 201 6 63 270
4464 201 6 63 270
4465 201 6 63 270
4466 201 6 63 270
4467 201 6 63 270
4468 201 6 63 270
4469 201 6 63 270
4470 201 6 63 270
4471 201 6 63 270
4472 201 6 63 270
4473 201 6 63 270
4474 201 6 63 270
4475 201 6 63 270
4476 201 6 63 270
4477 201 6 63 270
4478 201 6 63 270
4479 201 6 63 270
4480 201 6 63 270
4481 201 6 63 270
4482 201 6 63 270
4483 201 6 63 270
4484 201 6 63 270
4485 201 6 63 270
4486 201 6 63 270
4487 201 6 63 270
4488 201 6 63 270
4489 201 6 63 270
4490 201 6 63 270
4491 201 6 63 270
4492 201 6 63 270
4493 201 6 63 270
4494 201 6 63 270
4495 201 6 63 270
4496 201 6 63 270
4497 201 6 63 270
4498 201 6 63 270
4499 201 6 63 270
4500 201 6 63 270
4501 201 6 63 270
4502 201 6 63 270
4503 201 6 63 270
4504 201 6 63 270
4505 201 6 63 270
4506 201 6 63 270
4507 201 6 63 270
4508 201 6 63 270
4509 201 6 63 270
4510 201 6 63 270
4511 201 6 63 270
4512 201 6 63 270
4513 201 6 63 270
4514 201 6 63 270
4515 201 6 63 270
4516 201 6 63 270
4517 201 6 63 270
4518 201 6 63 270
4519 201 6 63 270
4520 201 6 63 270
4521 201 6 63 270
4522 201 6 63 270
4523 201 6 63 270
4524 201 6 63 270
4525 201 6 63 270
4526 201 6 63 270
4527 201 6 63 270
4528 201 6 63 270
4529 201 6 63 270
4530 201 6 63 270
4531 201 6 63 270
4532 201 6 63 270
4533 201 6 63 270
4534 201 6 63 270
4535 201 6 63 270
4536 201 6 63 270
4537 201 6 63 270
4538 201 6 63 270
4539 201 6 63 270
4540 201 6 63 270
4541 201 6 63 270
4542 201 6 63 270
4543 201 6 63 270
4544 201 6 63 270
4545 201 6 63 270
4546 201 6 63 270
4547 201 6 63 270
4548 201 6 63 270
4549 201 6 63 270
4550 201 6 63 270
4551 201 6 63 270
4552 201 6 63 270
4553 201 6 63 270
4554 201 6 63 270
4555 201 6 63 270
4556 201 6 63 270
4557 201 6 63 270
4558 201 6 63 270
4559 201 6 63 270
4560 200 6 60.5 270
4561 200 6 60.5 270
4562 200 6 60.5 270
4563 200 6 60.5 270
4564 200 6 60.5 270
4565 200 6 60.5 270
4566 200 6 60.5 270
4567 200 6 60.5 225
4568 200 6 60.5 225
4569 200 6 60.5 225
4570 200 6 60.5 180
4571 200 6 60.5 180
4572 200 6 60.5 180
4573 200 6 60.5 135
4574 200 6 60.5 135
4575 200 6 60.5 90
4576 200 6 60.5 90
4577 200 6 60.5 90
4578 200 6 60.5 90
4579 200 6 60.5 90
4580 200 6 60.5 90
4581 200 6 60.5 90
4582 200 6 60.5 90
4583 200 6 60.5 90
4584 200 6 60.5 90
4585 200 6 60.5 90
4586 200 6 60.5 90
4587 200 6 60.5 90
4588 200 6 60.5 90
4589 200 6 60.5 90
4590 200 6 60.5 90
4591 200 6 60.5 90
4592 200 6 60.5 90
4593 200 6 60.5 45
4594 200 6 60.5 45
4595 200 6 60.5 45
4596 200 6 60.5 45
4597 200 6 60.5 45
4598 200 6 60.5 45
4599 200 6 60.5 45
4600 200 6 60.5 45
4601 200 6 60.5 45
4602 200 6 60.5 45
4603 200 6 60.5 45
4604 200 6 60.5 45
4605 200 6 60.5 45
4606 200 6 60.5 45
4607 200 6 60.5 45
4608 200 6 60.5 45
4609 200 6 60.5 45
4610 200 6 60.5 45
4611 200 6 60.5 0
4612 200 6 60.5 0
4613 200 6 60.5 0
4614 200 6 60.5 0
4615 200 6 60.5 0
4616 200 6 60.5 0
4617 200 6 60.5 0
4618 200 6 60.5 0
4619 200 6 60.5 0
4620 200 6 60.5 0
4621 200 6 60.5 0
4622 200 6 60.5 0
4623 200 6 60.5 0
4624 200 6 60.5 0
4625 200 6 60.5 0
4626 200 6 60.5 0
4627 200 6 60.5 0
4628 200 6 60.5 0
4629 200 6 60.5 0
4630 200 6 60.5 0
4631 200 6 60.5 0
4632 200 6 60.5 0
4633 200 6 60.5 0
4634 200 6 60.5 0
4635 200 6 60.5 0
4636 200 6 60.5 0
4637 200 6 60.5 0
4638 200 6 60.5 0
4639 200 6 60.5 315
4640 200 6 60.5 315
4641 200 6 60.5 315
4642 200 6 60.5 315
4643 200 6 60.5 315
4644 200 6 60.5 315
4645 200 6 60.5 315
4646 200 6 60.5 315
4647 200 6 60.5 315
4648 200 6 60.5 315
4649 200 6 60.5 315
4650 200 6 60.5 315
4651 200 6 60.5 315
4652 200 6 60.5 315
4653 200 6 60.5 315
4654 200 6 60.5 315
4655 200 6 60.5 315
4656 200 6 60.5 315
4657 200 6 60.5 315
4658 200 6 60.5 315
4659 200 6 60.5 315
4660 200 6 60.5 315
4661 200 6 60.5 270
4662 200 6 60.5 270
4663 200 6 60.5 270
4664 200 6 60.5 270
4665 200 6 60.5 270
4666 200 6 60.5 270
4667 200 6 60.5 270
4668 200 6 60.5 315
4669 200 6 60.5 315
4670 200 6 60.5 315
4671 200 6 60.5 315
4672 200 6 60.5 315
4673 200 6 60.5 0
4674 200 6 60.5 0
4675 200 6 60.5 45
4676 200 6 60.5 45
4677 200 6 60.5 90
4678 200 6 60.5 90
4679 200 6 60.5 135
4680 200 6 60.5 135
4681 200 6 60.5 135
4682 200 6 60.5 135
4683 200 6 60.5 135
4684 200 6 60.5 135
4685 200 6 60.5 135
4686 200 6 60.5 135
4687 200 6 60.5 180
4688 200 6 60.5 180
4689 200 6 60.5 180
4690 200 6 60.5 180
4691 200 6 60.5 180
4692 200 6 60.5 180
4693 200 6 60.5 180
4694 200 6 60.5 180
4695 200 6 60.5 180
4696 200 6 60.5 225
4697 200 6 60.5 225
4698 200 6 60.5 270
4699 200 6 60.5 315
4700 200 6 60.5 315
4701 200 6 60.5 315
4702 200 6 60.5 315
4703 200 6 60.5 315
4704 200 6 60.5 315
4705 200 6 60.5 315
4706 200 6 60.5 315
4707 200 6 60.5 315
4708 200 6 60.5 315
4709 200 6 60.5 315
4710 200 6 60.5 315
4711 200 6 60.5 315
4712 200 6 60.5 315
4713 200 6 60.5 315
4714 200 6 60.5 315
4715 200 6 60.5 315
4716 200 6 60.5 315
4717 200 6 60.5 315
4718 200 6 60.5 270
4719 200 6 60.5 270
4720 200 6 60.5 270
4721 200 6 60.5 270
4722 200 6 60.5 270
4723 200 6 60.5 270
4724 200 6 60.5 270
4725 200 6 60.5 270
4726 200 6 60.5 270
4727 200 6 60.5 270
4728 200 6 60.5 270
4729 200 6 60.5 270
4730 200 6 60.5 270
4731 200 6 60.5 270
4732 200 6 60.5 270
