12 30.95 41.45 270
82 30.95 41.45 270
124 30.85 39.25 270
230 30.85 39.25 270
274 30.85 36.85 270
388 30.85 36.85 270
434 30.95 34.25 270
598 30.95 34.25 270
649 30.95 32.05 270
793 30.95 32.05 270
827 30.95 30.15 270
1015 30.95 30.15 270
1053 30.95 28.25 270
1208 30.95 28.25 270
1254 30.95 26.05 270
1401 30.95 26.05 270
1442 30.95 24.05 270
1603 30.95 24.05 270
1650 30.95 21.75 270
1780 30.95 21.75 270
1817 30.95 19.75 270
2015 30.95 19.75 270
2048 30.95 18.05 270
2220 30.95 18.05 270
2273 30.95 15.35 270
2443 30.95 15.35 270
2488 31.05 13.15 270
2639 31.05 13.15 270
2697 31.05 11.15 270
2803 31.05 11.15 270
2844 31.05 9.55 270
2980 31.05 9.55 270
3017 31.05 8.05 270
3148 31.05 8.05 270
3184 31.05 6.35 270
3258 31.05 6.35 270
3333 31.05 6.35 180
3382 29.05 6.35 180
3542 29.05 6.35 180
3586 27.05 6.35 180
3721 27.05 6.35 180
3774 24.55 6.35 180
3916 24.55 6.35 180
3963 21.95 6.25 180
4145 21.95 6.25 180
4179 20.05 6.25 180
4355 20.05 6.25 180
4394 17.95 6.25 180
4569 17.95 6.25 180
4607 15.55 6.25 180
4797 15.55 6.25 180
4836 13.75 6.25 180
4992 13.75 6.25 180
5029 11.95 6.25 180
5177 11.95 6.25 180
