9 16.5 57.65 180
128 16.5 57.65 180
174 14.0 57.65 180
367 14.0 57.65 180
409 12.0 57.65 180
589 12.0 57.65 180
642 10.1 57.65 180
832 10.1 57.65 180
870 7.9 57.65 180
1045 7.9 57.65 180
1079 6.2 57.65 180
1264 6.2 57.65 180
1335 6.2 57.65 270
1379 6.2 55.75 270
1577 6.2 55.75 270
1640 6.2 55.75 0
1674 7.6 55.75 0
1886 7.6 55.75 0
1925 10.0 55.75 0
2096 10.0 55.75 0
2132 12.0 55.75 0
2349 12.0 55.75 0
2387 14.0 55.65 0
2587 14.0 55.65 0
2622 16.0 55.65 0
2801 16.0 55.65 0
2838 18.0 55.65 0
3054 18.0 55.65 0
3092 20.0 55.65 0
3316 20.0 55.65 0
3351 22.0 55.65 0
3577 22.0 55.65 0
3635 24.3 55.65 0
3895 24.3 55.65 0
3938 26.5 55.65 0
4181 26.5 55.65 0
4210 28.0 55.65 0
4451 28.0 55.65 0
4485 29.8 55.65 0
4740 29.8 55.65 0
4775 31.8 55.65 0
4950 31.8 55.65 0
