118 20.6 7.45 90
132 20.4 8.55 90
257 20.4 8.55 90
268 20.5 9.65 90
438 20.5 10.65 90
587 20.5 10.65 90
604 20.5 11.55 90
776 20.5 12.55 90
923 20.5 12.55 90
937 20.5 13.55 90
1080 20.5 13.55 90
1094 20.5 14.55 90
1212 20.5 14.55 90
1226 20.5 15.55 90
1364 20.5 15.55 90
1378 20.5 16.55 90
1526 20.5 16.55 90
1538 20.5 17.55 90
1686 20.5 17.55 90
1700 20.5 18.55 90
1842 20.5 18.55 90
1862 20.5 19.25 90
2000 20.5 19.25 90
2010 20.5 20.55 90
2136 20.5 20.55 90
2146 20.5 21.45 90
2166 20.5 21.45 90
2289 20.5 21.45 90
2300 20.5 22.55 90
2451 20.5 22.55 90
2467 20.5 23.45 90
2595 20.5 23.45 90
2609 20.5 24.55 90
2710 20.5 24.55 90
2835 20.5 25.55 90
2848 20.5 26.45 90
2963 20.5 26.45 90
2976 20.5 27.55 90
3100 20.5 27.55 90
3111 20.5 28.65 90
3259 20.5 28.65 90
3271 20.5 29.45 90
3412 20.5 29.45 90
3426 20.5 30.65 90
3571 20.5 30.65 90
3584 20.5 31.65 90
3717 20.5 31.65 90
3732 20.5 32.55 90
3892 20.5 32.55 90
3912 20.3 33.55 90
4052 20.3 33.55 90
4067 20.3 34.65 90
4161 20.3 34.65 90
4175 20.4 35.55 90
4298 20.4 35.55 90
4314 20.4 36.85 90
4419 20.4 36.85 90
4432 20.4 37.55 90
4556 20.4 37.55 90
4569 20.4 38.65 90
4709 20.4 38.65 90
4720 20.4 39.55 90
