14 31.0 78.0 270
181 31.0 78.0 270
232 31.0 75.8 270
413 31.0 75.8 270
452 31.0 73.8 270
641 31.0 73.8 270
680 31.0 71.9 270
850 31.0 71.9 270
886 31.0 69.8 270
1068 31.0 69.8 270
1099 31.0 68.0 270
1284 31.0 68.0 270
1321 31.0 66.1 270
1482 31.0 66.1 270
1515 31.0 64.1 270
1725 31.0 64.1 270
1760 31.0 62.0 270
1974 31.0 62.0 270
2020 31.0 59.5 270
2225 31.0 59.5 270
2265 31.0 57.7 180
2342 29.0 57.7 180
2523 29.0 57.7 180
2580 26.6 57.7 180
2774 26.6 57.7 180
2810 24.5 57.7 180
3022 24.5 57.7 180
3058 22.4 57.6 180
3246 22.4 57.6 180
3295 20.0 57.6 180
3491 20.0 57.6 180
3528 17.9 57.6 180
3708 17.9 57.6 180
