26 6.1 17.25 270
38 6.1 17.25 270
115 6.1 17.25 270
127 6.1 17.25 270
146 6.25 15.95 270
200 6.25 15.95 270
232 6.2 14.1 270
283 6.2 14.1 270
316 6.1 12.9 270
373 6.1 12.9 270
397 6.0 11.4 270
440 6.0 11.4 270
462 6.0 11.4 270
536 6.0 11.4 270
539 6.0 11.4 270
570 6.0 11.4 270
585 6.05 9.85 270
655 6.05 9.85 270
679 6.1 8.2 270
737 6.1 8.2 270
764 6.2 7.05 270
770 6.2 7.05 270
837 6.2 7.05 270
931 6.2 7.05 0
957 6.2 7.05 0
984 8.3 7.0 0
1011 8.3 7.0 270
1033 8.3 6.1 270
1105 8.3 6.1 270
1178 8.3 6.1 0
1268 9.75 6.2 0
1361 10.75 6.15 0
1401 11.85 6.2 0
1467 11.85 6.2 0
