5 19.5 24.5 0
183 19.5 24.5 0
197 19.5 23.4 0
337 19.5 23.4 270
350 19.5 22.4 270
509 19.5 22.4 270
524 19.5 21.8 270
659 19.5 21.8 270
677 19.5 21.4 270
828 19.5 21.4 270
845 19.5 20.4 270
989 19.6 20.4 270
1002 19.6 19.4 270
1153 19.7 19.4 270
1168 19.7 18.3 270
1320 19.7 18.3 270
1332 19.7 17.4 270
1470 19.7 17.4 270
1487 19.9 16.2 270
1628 19.9 16.2 270
1642 19.9 15.3 270
1805 19.9 15.3 270
1830 19.6 14.3 270
1968 19.6 14.3 270
1982 19.6 13.3 270
2139 19.6 13.3 270
2154 19.6 12.5 270
2316 19.6 12.5 270
2328 19.6 11.5 270
2493 19.6 11.5 270
2511 19.6 10.3 270
2675 19.6 10.3 270
