15 31.95 43.05 180
180 31.95 43.35 180
218 29.95 43.35 180
407 29.95 43.35 180
442 27.95 43.45 180
666 27.95 43.45 180
706 25.95 43.45 180
930 25.95 43.45 180
965 24.35 43.45 180
1215 24.35 43.45 180
1256 22.05 43.45 180
1485 22.05 43.45 180
1522 20.05 43.45 180
1759 20.05 43.45 180
1801 18.35 43.45 180
2057 18.35 43.45 180
2104 16.05 43.45 180
2322 16.05 43.45 180
2363 13.95 43.45 180
2596 13.95 43.45 180
2631 11.95 43.45 180
2907 11.95 43.45 180
2946 10.25 43.45 180
3172 10.25 43.45 180
3211 8.35 43.45 180
3478 8.35 43.45 180
3516 6.25 43.45 180
3798 6.25 43.45 180
3881 6.25 43.45 90
3914 6.25 44.95 90
4256 6.25 44.95 90
4336 6.25 44.95 0
4374 8.25 44.95 0
4665 8.25 44.95 0
4701 10.35 44.95 0
4991 10.35 44.95 0
5027 12.35 44.95 0
5333 12.35 44.95 0
5367 13.95 44.95 0
5636 13.95 44.95 0
5674 16.05 44.95 0
5966 16.05 44.95 0
6006 18.35 44.95 0
6270 18.35 44.95 0
