9 11.1 6.4 0
82 11.1 6.4 0
110 12.9 6.4 0
166 12.9 6.4 0
188 14.1 6.4 0
243 14.1 6.4 0
270 16.0 6.4 0
330 16.0 6.4 0
349 17.9 6.4 0
418 17.9 6.4 0
444 20.0 6.4 0
501 20.0 6.4 0
521 22.1 6.4 0
584 22.1 6.4 0
605 23.9 6.4 0
674 23.9 6.4 0
694 25.9 6.4 0
768 25.9 6.4 0
794 28.5 6.4 0
953 30.9 6.5 0
971 30.9 6.5 0
992 30.9 8.5 90
1058 30.9 8.5 90
1076 30.9 10.0 90
1147 30.9 10.0 90
1178 30.9 12.1 90
1327 30.9 14.1 90
1348 30.9 16.1 90
1411 30.9 16.1 90
1430 30.9 17.9 90
1494 30.9 17.9 90
1514 30.9 19.7 90
1580 30.9 19.7 90
1604 30.9 22.0 90
1668 30.9 22.0 90
