8 31.65 42.6 90
48 31.65 42.6 90
74 31.95 45.05 90
113 31.95 45.05 90
138 32.0 46.8 90
171 32.0 46.8 90
198 32.1 48.1 90
234 32.1 48.1 90
262 32.15 50.0 90
308 32.15 50.0 90
333 32.15 52.0 90
372 32.15 52.0 90
394 32.15 53.95 90
440 32.15 53.95 90
478 32.15 53.95 180
506 30.95 54.05 180
541 30.95 54.05 270
574 30.95 54.05 270
594 31.2 51.9 270
636 31.2 51.9 270
669 31.15 50.0 270
720 31.15 50.0 270
743 31.2 48.05 270
781 31.2 48.05 270
844 31.25 45.95 270
844 31.25 45.95 270
868 31.15 44.05 270
913 31.15 44.05 270
933 31.05 42.3 270
972 31.05 42.3 270
