18 18.2 45.15 0
58 19.85 45.0 0
185 19.85 45.0 0
233 22.45 45.15 0
396 22.45 45.15 0
443 24.4 44.95 0
539 24.4 44.95 0
586 25.95 44.95 0
683 25.95 44.95 0
740 28.45 44.95 0
814 28.45 44.95 0
874 30.25 45.0 0
944 30.25 45.0 0
984 30.25 45.0 90
1030 30.2 46.7 90
1102 30.2 46.7 90
1144 30.3 48.95 90
1214 30.3 48.95 90
1270 30.5 50.85 90
1386 30.5 50.85 90
1438 30.45 52.9 90
1591 30.45 52.9 90
1639 30.4 54.2 90
1715 30.4 54.2 90
1757 30.4 56.05 90
1829 30.4 56.05 90
1865 30.4 57.7 90
1968 30.4 57.7 90
2012 30.4 57.7 0
2043 31.85 57.8 0
2085 31.85 57.8 270
2210 31.85 57.8 270
2255 32.2 55.7 270
2349 32.2 55.7 270
2390 32.15 53.25 270
2526 32.15 53.25 270
2588 32.3 51.6 270
2781 32.3 51.6 270
2823 32.25 49.6 270
2914 32.25 49.6 270
2952 32.25 47.25 270
3046 32.25 47.25 270
3087 32.15 45.05 270
3210 32.15 45.05 270
3253 32.3 43.3 270
3363 32.3 43.3 270
