24 18.0 54.85 180
140 18.0 54.85 180
193 16.35 54.8 180
336 16.35 54.8 180
392 13.6 54.95 180
551 13.6 54.95 180
595 11.6 54.8 180
697 11.6 54.8 180
751 9.4 54.9 180
926 9.4 54.9 180
1013 9.4 54.9 270
1056 9.3 53.55 270
1196 9.3 53.55 270
1237 9.2 51.45 270
1381 9.2 51.45 270
1425 9.1 49.25 270
1600 9.1 49.25 270
1650 9.15 47.45 270
1789 9.15 47.45 270
1877 9.2 46.55 270
1981 9.2 46.55 270
2051 9.2 46.55 180
2101 7.75 46.5 180
2160 7.75 46.5 90
2282 7.75 46.5 90
2323 7.8 48.3 90
2479 7.65 50.5 90
2686 7.65 50.5 90
2727 7.8 52.85 90
2896 7.8 52.85 90
2932 7.9 54.1 90
3026 7.9 54.1 90
3110 7.9 54.1 180
3154 6.8 53.95 180
3232 6.8 53.95 90
3421 6.8 53.95 90
3460 6.95 52.3 90
3571 6.95 52.3 90
3609 6.85 49.95 90
3768 6.85 49.95 90
3808 6.95 47.65 90
3929 6.95 47.65 90
3965 7.05 46.2 90
4043 7.05 46.2 90
