2695 19.9 6.4 0
2770 21.1 6.4 0
2873 22.8 6.3 0
2973 24.1 6.3 0
3004 24.6 6.3 0
3059 25.3 6.3 0
3152 26.1 6.3 0
3192 26.9 6.3 0
3227 27.5 6.3 0
3243 28.1 6.3 0
3260 29.6 6.3 0
3287 30.0 6.3 0
3308 30.4 6.3 0
3337 30.7 6.3 0
3359 30.9 6.3 0
3368 30.9 6.3 45
3378 30.9 6.3 90
3399 30.9 6.3 90
3410 30.9 6.3 90
3462 30.9 6.8 90
3501 30.9 7.2 90
3583 30.9 8.1 90
3615 30.9 11.0 90
3625 31.35 12.15 90
3631 31.35 12.55 90
3732 31.35 12.75 135
3780 31.35 13.15 90
3804 31.35 15.25 90
3828 31.35 17.05 90
3851 31.35 17.95 90
3869 31.35 18.55 90
3883 31.35 19.35 90
3898 31.35 20.15 90
3914 31.35 21.05 90
3928 31.35 22.55 90
3942 31.35 23.55 90
3956 31.35 23.85 90
3969 31.35 24.15 90
3979 31.35 24.95 90
4026 31.35 25.85 90
4032 31.35 26.25 90
4057 31.35 27.45 90
4089 31.35 28.45 90
4133 31.35 29.95 90
4163 31.35 30.95 90
4176 31.35 31.75 90
4199 31.35 32.65 90
4225 31.35 33.45 90
4240 31.35 33.85 90
4303 31.35 34.45 90
4319 31.35 34.75 90
4333 31.35 35.05 90
4353 31.35 35.75 90
4365 31.35 36.55 90
4380 31.35 37.15 90
4408 31.35 37.85 90
4461 31.35 38.25 90
4487 31.15 38.65 90
4506 31.35 39.15 90
4519 31.35 39.55 90
4531 31.35 39.95 90
4543 31.35 40.35 90
4554 31.35 40.85 90
4565 31.35 41.25 90
4572 31.35 41.65 90
4582 31.35 41.85 90
4591 31.35 42.15 90
4597 31.35 42.35 90
4612 31.35 42.55 90
4623 31.35 42.75 90
4832 19.95 10.1 90
4839 19.9 10.55 90
4850 19.9 11.05 90
4859 19.9 11.45 90
4868 19.9 14.95 90
4872 19.9 15.85 90
4880 19.9 16.65 90
4907 19.9 17.15 90
4924 19.9 17.95 90
4943 19.9 18.65 90
4982 19.9 19.25 90
5008 19.9 19.85 90
5030 19.9 20.55 90
5046 19.9 21.25 90
5069 19.9 21.75 90
5085 19.9 22.15 90
5098 19.9 22.45 90
5110 19.9 23.05 90
5114 19.9 23.35 90
5144 19.9 24.45 90
5169 19.9 25.25 90
5185 19.9 25.65 90
5221 19.9 26.15 180
5242 19.6 26.15 180
