2D-Map
LineMinPos: 0 0
LineMaxPos: 40790 60100
NumLines: 388
Scale: 1000
LINES
12009 5473 21655 5474
12018 7222 18919 7222
18881 26941 18880 36397
21011 23371 21010 40225
6941 11305 6934 41776
30191 58519 30191 60100
11384 58521 11383 60100
5405 58848 5406 60100
6942 11305 9642 11306
10618 6704 12018 6703
11678 5614 12009 5614
7245 5185 9515 5186
7244 5184 7244 6017
5405 6018 7245 6018
32515 46123 32515 46964
5396 39975 5400 49120
33041 54322 33041 58514
31880 58516 33041 58516
15439 58520 30190 58519
11385 58521 14227 58521
6898 58843 9427 58842
29337 50423 29337 51144
30058 50423 30058 51144
29337 50424 30058 50424
29338 51144 30058 51144
27251 46346 27251 47066
27252 46347 27971 46347
27252 47067 27971 47067
27243 53552 27243 54271
27964 53551 27963 54271
27242 53552 27966 53552
27243 54271 27963 54271
22908 46348 22907 47068
23629 46348 23629 47068
22908 46348 23630 46348
22909 47067 23629 47067
22909 53544 22909 54264
23627 53546 23627 54263
22910 53546 23630 53546
22909 54263 23627 54263
17490 46360 17490 46940
18328 46360 18328 46940
17490 46360 18329 46360
17491 46941 18329 46941
9780 46353 9780 46823
10250 46354 10250 46824
9781 46355 10251 46355
9780 46824 10249 46824
17484 53599 17484 54178
18324 53600 18324 54179
17485 53600 18325 53600
17484 54179 18324 54179
9775 53670 9775 54140
10245 53671 10245 54141
9777 53671 10246 53671
9774 54141 10245 54141
17978 48861 17978 49210
18327 48861 18327 49209
17978 48861 18328 48861
17978 49210 18328 49210
17974 51280 17974 51629
18325 51279 18325 51629
17975 51629 18326 51629
17975 51280 18325 51280
21600 48478 21600 49249
22498 48478 22499 52138
21600 48478 22499 48478
21600 52138 22499 52138
#20875 49249 20875 51370
20875 50308 21600 49249
20875 50308 21600 51370
21600 52138 21600 51370
27971 47067 27971 46347
827 46094 2336 46095
474 38648 4896 38649
483 17271 5407 17271
4572 11506 4572 13487
0 11582 4572 11582
4572 9372 4572 11353
0 11430 4572 11430
0 8534 4572 8534
4572 5410 4572 7391
483 5486 4572 5486
0 8382 4572 8382
4572 17602 4572 19583
0 17678 4572 17678
0 20574 4572 20574
4572 21564 4572 23545
0 23622 4572 23622
0 20726 4572 20726
4572 23698 4572 25679
0 23774 4572 23774
0 26670 4572 26670
4572 27660 4572 29641
0 29718 4572 29718
0 26822 4572 26822
4572 29641 4572 31622
0 29870 4572 29870
0 32614 4572 32614
4572 33604 4572 35585
0 35662 4572 35662
0 32766 4572 32766
4572 35890 4572 37871
0 35966 4572 35966
39 38385 4611 38385
17426 0 17426 5341
12008 0 12008 5471
17551 5343 21655 5341
17550 0 17550 5342
23619 0 23619 5339
17870 7321 17871 9342
10245 17331 17880 17334
10245 7313 10237 42391
10245 7322 17871 7321
10245 25470 18226 25476
10244 17496 18245 17498
17866 26936 17868 33679
10251 33680 17871 33680
10250 25639 17869 25640
23012 23393 28126 23397
21435 19695 21436 21653
27425 28335 27416 39426
32905 39155 32906 41824
32905 33338 32905 38137
32905 29218 32904 32318
32905 41826 40790 41826
40644 29218 40633 41827
6894 58841 6894 60100
9421 58833 9421 60100
21007 7220 29898 7220
31879 60100 31879 58516
22677 5340 23621 5340
31962 5474 22676 5471
18908 7215 18908 8674
18901 8676 18245 8674
17871 10499 18901 10499
18913 16933 18247 16933
17875 18735 18893 18735
18478 18452 18478 18452
18790 17556 18790 17556
18708 17553 18708 17553
18890 10496 18890 16932
18880 25146 18224 25146
17867 26940 18881 26942
18879 25140 18880 18727
21951 22452 21024 23384
21264 21827 21017 21633
21006 7190 21007 21623
22677 5341 22677 5467
21653 5467 21653 5341
17430 5346 12122 5345
12123 5345 12123 0
12002 0 23614 0
12008 5472 12008 5613
12017 6702 12017 7222
10617 5659 11682 5614
18245 8676 18245 10491
18238 16929 18238 18730
21265 21828 21441 21645
18224 25148 18224 26941
18885 36408 18233 36408
18233 36408 18232 38308
18232 38308 18882 38308
18871 38293 18871 40228
21011 40225 20842 40225
19041 40229 18871 40229
19041 40228 19040 42096
20842 40225 20842 42095
18247 9348 17868 9348
17866 10502 17865 17335
17878 18736 17878 25479
17870 25639 17870 25827
18227 25839 17868 25839
29895 7217 29897 21608
31960 5473 31962 8671
31962 8671 32556 8670
32554 8670 32554 10525
32554 10525 31954 10525
31954 10525 31954 11677
31954 11677 32553 11677
32552 11677 32551 13558
32554 13561 31953 13560
31953 13560 31951 16844
31951 16844 32551 16844
32550 16843 32549 18712
32553 18715 31954 18715
31954 18715 31954 19864
31955 19865 32554 19865
32553 19866 32554 21744
32556 21745 31956 21745
31956 21745 31954 25025
31955 25026 32556 25026
32555 25027 32556 26817
32558 26816 31958 26816
31958 26816 31955 32067
31956 32069 32555 32069
32553 32070 32553 34021
32555 34022 31954 34022
31954 34024 31954 37304
31955 37304 32555 37304
32554 37303 32554 39156
32554 39156 31954 39156
31954 39156 31954 40237
29898 21607 29818 21607
29898 23377 29024 22446
29898 23377 29899 26717
29899 26716 28747 26717
28746 26714 28745 28652
28748 28626 29899 28626
29900 40235 29898 28622
29901 40234 30071 40234
31955 40237 31785 40237
30071 40233 30071 42102
31785 40236 31784 42105
20842 42101 30073 42100
32555 39156 32905 39156
32555 38137 32905 38137
32905 33339 32554 33339
32553 32318 32904 32318
40786 5360 40786 41825
32905 29218 40645 29219
32557 26817 32906 26817
32905 26817 32905 28859
32906 28859 40636 28853
40635 28852 40639 19721
32557 25714 32906 25714
32906 25714 32908 20994
32909 20994 32554 20994
32553 19894 32908 19894
32907 19893 32907 19721
32907 19723 40638 19723
32553 18716 32903 18716
32902 18715 32902 19564
32903 19565 40640 19567
40637 11490 40638 19566
32901 17613 32905 12794
32551 17615 32902 17615
32905 12794 32551 12794
32906 11695 32906 11486
32906 11695 32551 11695
32906 11486 40637 11489
32554 10525 32904 10525
32904 10525 32904 11326
32904 11327 40637 11331
40637 11331 40637 5507
32903 9426 32903 5505
32554 9426 32904 9426
32901 5509 40638 5510
23858 5354 40786 5360
21951 22452 23016 23395
29022 22444 28129 23394
21445 19696 29649 19692
29645 19687 29646 21434
29819 21612 29644 21429
21013 27535 21164 27535
21164 27534 21164 27065
21164 27065 21365 27065
21364 27064 21364 26723
21364 26723 22375 26723
22375 26722 22375 27062
22375 27063 27556 27066
27556 27067 27556 26737
27556 26739 28744 26739
28748 28653 27557 28654
27555 28654 27555 28334
27555 28336 27425 28336
27417 39427 24285 39427
24282 39425 24282 42004
24285 42007 22153 42007
22153 42007 22152 39409
22153 39411 22024 39411
22022 39412 22022 39742
22022 39742 21291 39742
21290 39738 21290 39408
21292 39409 21172 39409
21171 39410 21170 38060
21173 38063 21753 38063
21012 28736 21752 28736
21752 38064 21752 28735
10618 6703 10618 6643
10619 6643 10240 6643
10614 5658 10614 5588
10615 5588 10235 5588
10235 5588 10235 5658
10240 6643 10240 6573
10241 6575 9641 6575
10236 5658 9635 5658
9635 5658 9635 5437
9634 5436 9514 5436
9514 5435 9514 5185
5405 6017 5405 6798
5406 6798 5056 6798
5055 6796 5054 9576
5055 9576 5406 9576
5404 9575 5404 12905
5405 12906 5055 12906
5054 12906 5056 15666
5056 15665 5406 15665
5406 15664 5405 19007
5407 19008 5057 19008
5058 19009 5057 21778
5057 21780 5406 21780
5405 21780 5406 25111
5406 25110 5055 25110
5054 25109 5054 27879
5053 27880 5403 27880
5402 27879 5400 31208
5401 31207 5050 31207
5050 31205 5049 33975
5048 33976 5399 33976
5396 33976 5395 37306
5396 37306 5047 37306
5047 37306 5047 39975
5047 39976 5398 39976
9639 6570 9634 42393
6940 41777 7451 41777
9632 41772 9021 41772
484 5487 476 40793
476 40794 827 40794
826 40795 826 41415
826 41415 476 41415
476 41412 478 45674
479 45673 829 45673
827 45673 827 46093
2335 46093 2335 44113
2334 44116 2933 44116
2933 44116 2933 45207
2934 45207 3695 45207
3695 45206 3695 45576
3696 45576 4656 45576
4651 45576 4651 45217
4651 45217 5290 45217
5287 45217 5287 44187
5287 44187 4645 44187
4645 44187 4645 43467
4646 43468 5285 43468
5285 43469 5285 42436
5285 42437 4645 42437
4645 42437 4645 42057
4645 42057 4724 42057
4723 42057 4723 40047
4723 40048 4892 40047
4895 38650 4894 40044
485 14352 5054 14353
5403 49120 4992 49120
4992 49120 4991 51400
4991 51401 5402 51401
5402 51401 5402 58843
14221 58520 14221 58742
14227 58742 15437 58742
15439 58742 15439 58520
33042 54325 32561 54325
32561 54325 32561 53584
32563 53586 34082 53587
34080 53585 34076 46967
34080 46966 32517 46965
32519 46128 32889 46128
32884 46120 32884 45000
32884 45004 32714 45004
32710 45004 32710 44824
32706 44824 32966 44824
32958 44824 32958 43761
32959 43762 32699 43762
32699 43758 32699 43577
32699 43577 32870 43577
32869 43574 32869 42454
32869 42455 32499 42455
32496 42455 32496 42305
32496 42305 31966 42305
31962 42307 31963 42107
31963 42110 31783 42110
24997 43049 24497 42100
25951 43049 26451 42100
24997 43049 25951 43049
19040 42096 18860 42096
18859 42096 18859 42426
18859 42426 17649 42426
17648 42425 17648 42626
17648 42626 17338 42626
17337 42626 17337 42176
17337 42177 16327 42177
16326 42177 16326 42397
16327 42397 15587 42397
15587 42396 15587 42196
15587 42196 14357 42195
14357 42195 14357 42395
14358 42395 9636 42394
1476 0 0 0
0 0 0 655
DATA
