10000 15.7 44.25 0
10002 15.8 44.25 0
10004 15.9 44.25 0
10006 15.9 44.25 0
10008 16.0 44.25 0
10010 16.0 44.25 0
10012 16.1 44.25 0
10014 16.1 44.25 0
10016 16.1 44.25 0
10018 16.1 44.25 0
10020 16.1 44.25 0
10022 16.3 44.25 0
10024 16.3 44.25 0
10025 16.3 44.25 0
10026 16.3 44.25 0
10030 16.3 44.25 0
10033 16.3 44.25 0
10034 16.3 44.25 0
10037 16.3 44.25 0
10039 16.3 44.25 0
10041 16.4 44.25 0
10042 16.4 44.25 0
10043 16.4 44.25 45
10044 16.4 44.25 45
10045 16.3 44.25 45
10046 16.4 44.25 45
10047 16.4 44.25 45
10048 16.3 44.25 45
10049 16.3 44.25 45
10050 16.4 44.35 45
10051 16.4 44.35 45
10052 16.4 44.35 45
10053 16.5 44.35 45
10054 16.4 44.35 45
10055 16.4 44.35 45
10056 16.4 44.35 45
10057 16.5 44.35 45
10061 16.5 44.35 45
10062 16.5 44.35 0
10063 16.5 44.35 0
10064 16.5 44.35 0
10067 16.5 44.35 0
10079 16.5 44.35 0
10080 16.5 44.35 0
10082 16.5 44.35 0
10083 16.5 44.35 0
10094 16.5 44.35 0
10096 16.5 44.35 0
10097 16.5 44.35 0
10108 16.5 44.35 0
10109 16.5 44.35 0
10111 16.5 44.35 0
10112 16.5 44.35 0
10113 16.5 44.35 0
10123 16.5 44.35 0
10124 16.5 44.35 0
10125 16.5 44.35 0
10126 16.5 44.35 0
10127 16.5 44.35 0
10128 16.5 44.35 0
10137 16.6 44.35 0
10140 16.6 44.35 0
10142 16.6 44.35 0
11332 15.4 44.25 0
10144 16.7 44.35 0
10146 16.8 44.35 0
10148 16.8 44.35 0
10149 16.9 44.35 0
10150 17.0 44.35 0
10151 17.0 44.35 0
10152 17.0 44.35 0
10153 17.0 44.35 0
10154 17.0 44.35 0
10155 17.1 44.35 0
10156 17.1 44.35 0
10157 17.1 44.35 0
10158 17.1 44.35 0
10161 17.2 44.35 0
10164 17.2 44.35 0
10167 17.3 44.35 0
10170 17.4 44.35 0
10171 17.4 44.35 0
10172 17.4 44.35 0
10173 17.4 44.35 0
10174 17.4 44.35 0
10175 17.4 44.35 0
10176 17.4 44.35 0
10177 17.4 44.35 0
10178 17.4 44.35 0
10179 17.4 44.35 0
10180 17.4 44.35 0
10181 17.4 44.35 0
10182 17.4 44.35 0
10183 17.4 44.35 0
10184 17.4 44.35 0
10203 17.4 44.35 0
10204 17.4 44.35 0
10205 17.4 44.35 0
10207 17.4 44.35 0
10208 17.4 44.35 0
10209 17.4 44.35 0
10211 17.4 44.35 0
10212 17.4 44.35 0
10213 17.4 44.35 0
10216 17.4 44.35 0
10225 17.4 44.35 0
10227 17.4 44.35 0
10229 17.4 44.35 0
10230 17.5 44.35 0
10232 17.5 44.35 0
10233 17.5 44.35 0
10234 17.5 44.35 0
10235 17.6 44.35 0
10236 17.6 44.35 0
10237 17.6 44.35 0
10238 17.6 44.35 0
10239 17.7 44.35 0
10240 17.7 44.35 0
10241 17.8 44.35 0
10242 17.8 44.35 0
10243 17.9 44.35 0
10244 17.9 44.35 0
10245 17.9 44.35 0
10246 17.9 44.35 0
10247 17.9 44.35 0
10248 17.9 44.35 0
10249 17.9 44.35 0
10250 17.9 44.35 0
10251 17.9 44.35 0
10252 18.0 44.35 0
10253 18.0 44.35 0
10254 18.0 44.35 0
10255 18.0 44.35 0
10256 18.0 44.35 0
10257 18.1 44.35 0
10258 18.1 44.35 0
10259 18.1 44.35 0
10260 18.1 44.35 0
10261 18.1 44.35 0
10262 18.1 44.35 0
10263 18.1 44.35 0
10264 18.1 44.35 0
10265 18.1 44.35 0
10266 18.1 44.35 0
10268 18.2 44.35 0
10269 18.2 44.35 0
10270 18.2 44.35 0
10271 18.2 44.35 0
10272 18.2 44.35 0
10273 18.2 44.35 0
10274 18.3 44.35 0
10276 18.2 44.35 0
10277 18.2 44.35 0
10278 18.3 44.35 0
10279 18.4 44.35 0
10280 18.4 44.35 0
10281 18.4 44.35 0
10282 18.5 44.35 0
10283 18.5 44.35 0
10284 18.6 44.35 0
10285 18.6 44.35 0
10286 18.6 44.35 0
10287 18.7 44.35 0
10288 18.7 44.35 0
10289 18.7 44.35 0
10290 18.8 44.35 0
10292 18.8 44.35 0
10294 18.8 44.35 0
10296 18.8 44.35 0
10298 18.8 44.35 0
10300 18.9 44.35 0
10302 18.9 44.35 0
10304 18.9 44.35 0
10306 19.0 44.35 0
10308 19.0 44.35 0
10310 19.1 44.35 0
10312 19.1 44.35 0
10314 19.2 44.35 0
10316 19.2 44.35 0
10318 19.3 44.35 0
10320 19.3 44.35 0
10322 19.3 44.35 0
10324 19.3 44.35 0
10326 19.4 44.35 0
10328 19.4 44.35 0
10330 19.4 44.35 0
10332 19.4 44.35 0
10334 19.4 44.35 0
10336 19.4 44.35 0
10338 19.5 44.35 0
10340 19.5 44.35 0
10342 19.5 44.35 0
10344 19.5 44.35 0
10346 19.5 44.35 0
10348 19.5 44.35 0
10350 19.5 44.35 0
10352 19.5 44.35 0
10354 19.6 44.35 0
10356 19.6 44.35 0
10358 19.7 44.35 0
10360 19.7 44.35 0
10362 19.7 44.35 0
10364 19.7 44.35 0
10366 19.7 44.35 0
10367 19.8 44.35 0
10374 19.8 44.35 0
10375 19.9 44.35 0
10376 19.9 44.35 0
10377 19.9 44.35 0
10379 19.9 44.35 0
10381 20.0 44.35 0
10383 20.0 44.35 0
10385 20.0 44.35 0
10406 20.0 44.35 0
10410 20.0 44.35 0
10424 20.0 44.35 0
10427 20.0 44.35 0
10437 20.0 44.35 0
10450 20.0 44.35 315
10465 20.0 44.35 315
10496 20.0 44.35 270
10515 20.0 44.35 270
10532 20.0 44.35 270
10546 20.0 44.35 270
10557 20.0 44.35 270
10570 20.0 44.35 270
10573 20.0 44.35 270
10575 20.0 44.25 270
10577 20.0 44.25 270
10579 20.0 44.25 270
10581 20.0 44.15 270
10583 20.0 44.15 270
10585 20.0 44.05 270
10587 20.0 44.05 270
10589 20.0 43.95 270
10591 20.0 43.85 270
10593 20.0 43.85 270
10595 20.0 43.75 270
10597 20.0 43.75 270
10599 20.0 43.65 270
10601 20.0 43.65 270
10603 20.0 43.55 270
10605 20.0 43.55 270
10607 20.0 43.45 270
10609 20.0 43.45 270
10611 20.0 43.35 270
10613 20.0 43.35 270
10615 20.0 43.25 270
10617 20.0 43.25 270
10619 20.0 43.15 270
10621 20.0 43.15 270
10623 20.0 43.05 270
10625 20.0 43.05 270
10627 20.0 42.95 270
10629 20.0 42.95 270
10631 20.0 42.85 270
10633 20.0 42.85 270
10635 20.0 42.75 270
10637 20.0 42.75 270
10639 20.0 42.65 270
10641 20.0 42.65 270
10643 20.0 42.55 270
10645 20.0 42.55 270
10647 20.0 42.45 270
10649 20.0 42.45 270
10651 20.0 42.35 270
10653 20.0 42.35 270
10655 20.0 42.25 270
10657 20.0 42.25 270
10659 20.0 42.15 270
10661 20.0 42.15 270
10664 20.0 42.05 270
10665 20.0 42.05 270
10666 20.0 42.05 270
10667 20.0 41.95 270
10668 20.0 41.95 270
10669 20.0 41.85 270
10670 20.0 41.85 270
10671 20.0 41.75 270
10673 20.0 41.75 270
10675 20.0 41.65 270
10677 20.0 41.65 270
10679 20.0 41.55 270
10681 20.0 41.45 270
10683 20.0 41.35 270
10685 20.0 41.25 270
10687 20.0 41.15 270
10689 20.0 41.05 270
10691 20.0 40.95 270
10693 20.0 40.85 270
10695 20.0 40.75 270
10697 20.0 40.65 270
10699 20.0 40.55 270
10701 20.0 40.45 270
10703 20.0 40.35 270
10705 20.0 40.25 270
10707 20.0 40.15 270
10709 20.0 40.05 270
10711 20.0 39.95 270
10712 20.0 39.85 270
10715 20.0 39.75 270
10717 20.0 39.75 270
10719 20.0 39.75 270
10721 20.0 39.65 270
10723 20.0 39.55 270
10725 20.0 39.45 270
10727 20.0 39.45 270
10729 20.0 39.35 270
10731 20.0 39.35 270
10733 20.0 39.25 270
10735 20.0 39.25 270
10737 20.0 39.15 270
10739 20.0 39.15 270
10741 20.0 39.05 270
10743 20.0 38.95 270
10745 20.0 38.95 270
10747 20.0 38.85 270
10749 20.0 38.75 270
10751 20.0 38.75 270
10753 20.0 38.65 270
10755 20.0 38.65 270
10757 20.0 38.55 270
10759 20.0 38.45 270
10761 20.0 38.35 270
10763 20.0 38.35 270
10765 20.0 38.25 270
10767 20.0 38.25 270
10769 20.0 38.15 270
10771 20.0 38.15 270
10773 20.0 38.05 270
10775 20.0 38.05 270
10777 20.0 37.95 270
10779 20.0 37.95 270
10781 20.0 37.85 270
10783 20.0 37.85 270
10785 20.0 37.75 270
10787 20.0 37.75 270
10789 20.0 37.65 270
10791 20.0 37.65 270
10793 20.0 37.55 270
10795 20.0 37.55 270
10797 20.0 37.45 270
10799 20.0 37.45 270
10801 20.0 37.35 270
10803 20.0 37.35 270
10805 20.0 37.25 270
10807 20.0 37.15 270
10809 20.0 37.15 270
10811 20.0 37.05 270
10813 20.0 36.95 270
10815 20.0 36.95 270
10817 20.0 36.85 270
10819 20.0 36.85 270
10821 20.0 36.75 270
10823 20.0 36.65 270
10825 20.0 36.55 270
10827 20.0 36.45 270
10829 20.0 36.35 270
10831 20.0 36.25 270
10833 20.0 36.25 270
10835 20.0 36.15 270
10837 20.0 36.15 270
10839 20.0 36.15 270
10841 20.0 36.05 270
10843 20.0 36.05 270
10845 20.0 36.05 270
10847 20.0 35.95 270
10849 20.0 35.95 270
10851 20.0 35.95 270
10853 20.0 35.85 270
10855 20.0 35.85 270
10857 20.0 35.85 270
10859 20.0 35.75 270
10861 20.0 35.75 270
10863 20.0 35.75 270
10865 20.0 35.65 270
10867 20.0 35.65 270
10869 20.0 35.65 270
10871 20.0 35.55 270
10873 20.0 35.55 270
10875 20.0 35.55 270
10877 20.0 35.55 270
10879 20.0 35.55 270
10881 20.0 35.55 270
10883 20.0 35.55 270
10885 20.0 35.55 270
10887 20.0 35.55 270
10889 20.0 35.55 270
10891 20.0 35.55 270
10893 20.0 35.55 270
10895 20.0 35.55 270
10897 20.0 35.55 270
10899 20.0 35.45 270
10901 20.0 35.45 270
10903 20.0 35.45 270
10905 20.0 35.35 270
10907 20.0 35.35 270
10908 20.0 35.25 270
10910 20.0 35.25 270
10913 20.0 35.15 270
10915 20.0 35.15 270
10917 20.0 35.05 270
10919 20.0 34.95 270
10921 20.0 34.85 270
10923 20.0 34.85 270
10925 20.0 34.75 270
10927 20.0 34.75 270
10929 20.0 34.65 270
10931 20.0 34.65 270
10933 20.0 34.55 270
10935 20.0 34.45 270
10937 20.0 34.35 270
10939 20.0 34.25 270
10941 20.0 34.15 270
10943 20.0 34.05 270
10945 20.0 33.95 270
10947 20.0 33.85 270
10949 20.0 33.75 270
10951 20.0 33.65 270
10953 20.0 33.55 270
10955 20.0 33.45 270
10957 20.0 33.35 270
10959 20.0 33.25 270
10961 20.0 33.15 270
10963 20.0 33.05 270
10965 20.0 32.95 270
10967 20.0 32.85 270
10969 20.0 32.75 270
10971 20.0 32.65 270
10973 20.0 32.55 270
10975 20.0 32.45 270
10977 20.0 32.35 270
10979 20.0 32.25 270
10981 20.0 32.15 270
10983 20.0 32.05 270
10985 20.0 31.95 270
10987 20.0 31.85 270
10988 20.0 31.75 270
10990 20.0 31.65 270
10992 20.0 31.55 270
10994 20.0 31.45 270
10996 20.0 31.35 270
10998 20.0 31.25 270
11000 20.0 31.15 270
11002 20.0 31.05 270
11004 20.0 30.95 270
11006 20.0 30.85 270
11008 20.0 30.75 270
11010 20.0 30.65 270
11012 20.0 30.55 270
11014 20.0 30.45 270
11016 20.0 30.35 270
11018 20.0 30.25 270
11020 20.0 30.15 270
11022 20.0 30.05 270
11024 20.0 29.95 270
11026 20.0 29.85 270
11028 20.0 29.75 270
11030 20.0 29.65 270
11032 20.0 29.55 270
11034 20.0 29.45 270
11036 20.0 29.35 270
11038 20.0 29.25 270
11040 20.0 29.15 270
11042 20.0 29.05 270
11044 20.0 28.95 270
11046 20.0 28.85 270
11048 20.0 28.75 270
11050 20.0 28.65 270
11052 20.0 28.55 270
11054 20.0 28.45 270
11056 20.0 28.35 270
11058 20.0 28.25 270
11094 20.0 28.15 270
11096 20.0 28.05 270
11098 20.0 27.95 270
11100 20.0 27.85 270
11102 20.0 27.75 270
11104 20.0 27.65 270
11106 20.0 27.55 270
11108 20.0 27.45 270
11110 20.0 27.35 270
11112 20.0 27.25 270
11114 20.0 27.15 270
11116 20.0 27.05 270
11118 20.0 26.95 270
11120 20.0 26.85 270
11122 20.0 26.75 270
11124 20.0 26.65 270
11126 20.0 26.55 270
11128 20.0 26.45 270
11130 20.0 26.35 270
11132 20.0 26.35 270
11134 20.0 26.25 270
11136 20.0 26.15 270
11138 20.0 26.05 270
11140 20.0 25.95 270
11142 20.0 25.95 270
11144 20.0 25.95 270
11146 20.0 25.95 270
11148 20.0 25.85 270
11150 20.0 25.75 270
11152 20.0 25.65 270
11212 20.0 26.45 180
11215 20.0 26.45 180
11226 20.0 26.45 180
11229 20.0 26.45 180
11243 20.0 26.45 180
11255 19.9 26.45 180
11257 19.8 26.45 180
11259 19.7 26.45 180
11261 19.6 26.45 180
11263 19.3 26.45 180
11265 19.2 26.45 180
11267 19.1 26.45 180
11275 19.1 26.45 180
11279 19.0 26.45 180
11281 18.9 26.45 180
11283 18.8 26.45 180
11285 18.7 26.45 180
11287 18.6 26.45 180
11289 18.6 26.45 180
11291 18.5 26.45 180
11293 18.4 26.45 180
11295 18.3 26.45 180
11297 18.2 26.45 180
11299 18.1 26.45 180
11301 18.0 26.45 180
11306 17.9 26.45 180
11313 17.9 26.45 180
11315 17.8 26.45 180
11316 17.7 26.45 180
11317 17.6 26.45 180
11318 17.5 26.45 180
11319 17.4 26.45 180
11320 17.3 26.45 180
11321 17.2 26.45 180
11322 17.1 26.45 180
11323 17.0 26.45 180
11324 16.9 26.45 180
11325 16.8 26.45 180
11326 16.7 26.45 180
11327 16.6 26.45 180
11328 16.5 26.45 180
11329 16.4 26.45 180
11330 16.3 26.45 180
11331 16.2 26.45 180
