1 17.45 26.5 0
2 17.45 26.5 0
3 17.45 26.5 0
4 17.45 26.5 0
5 17.45 26.5 0
6 17.45 26.5 0
7 17.45 26.5 0
8 17.45 26.5 0
9 17.45 26.5 0
10 17.45 26.5 0
11 17.45 26.5 0
12 17.45 26.5 0
13 17.45 26.5 0
14 17.45 26.5 0
15 17.45 26.5 0
16 17.45 26.5 0
17 17.45 26.5 0
18 17.45 26.5 0
19 17.45 26.5 0
20 17.45 26.5 0
21 17.45 26.5 0
22 17.45 26.5 0
23 17.45 26.5 0
24 17.45 26.5 0
25 17.45 26.5 0
26 17.45 26.5 0
27 17.45 26.5 0
28 17.45 26.5 0
29 17.45 26.5 0
30 17.45 26.5 0
31 30.95 50.55 90
32 30.95 55.95 90
33 30.95 55.95 90
34 30.95 55.95 90
35 30.95 50.55 90
36 30.95 50.55 90
37 30.95 50.55 90
38 30.95 50.55 90
39 30.95 50.55 90
40 30.95 50.55 90
41 30.95 50.55 135
42 30.95 55.95 90
43 30.95 50.55 135
44 30.95 55.95 90
45 30.95 50.55 135
46 30.95 50.55 135
47 30.95 50.55 135
48 30.95 50.55 135
49 30.95 50.55 135
50 30.95 50.55 135
51 30.95 59.95 90
52 30.95 50.55 135
53 30.95 50.55 135
54 30.95 50.55 135
55 30.95 50.55 135
56 30.95 50.55 135
57 30.95 50.55 135
58 30.95 50.55 135
59 30.95 50.55 135
60 30.95 50.55 135
61 25.45 44.05 0
62 30.95 50.55 135
63 30.95 50.55 180
64 30.95 50.55 180
65 30.95 50.55 180
66 30.95 50.55 180
67 17.45 26.5 0
68 17.45 26.5 45
69 17.45 26.5 45
70 17.45 26.5 45
71 17.45 26.5 45
72 17.45 26.5 45
73 17.45 26.5 45
74 17.45 26.5 45
75 17.45 26.5 45
76 17.45 26.5 45
77 17.45 26.5 45
78 17.45 26.5 45
79 17.45 26.5 45
80 17.45 26.5 45
81 17.45 26.5 45
82 17.45 26.5 45
83 17.45 26.5 45
84 17.45 26.5 45
85 30.95 50.55 180
86 17.45 26.5 45
87 17.45 26.5 45
88 17.45 26.5 45
89 17.45 26.5 45
90 17.45 26.5 45
91 17.45 26.5 45
92 17.45 26.5 45
93 17.45 26.5 45
94 17.45 26.5 45
95 17.45 26.5 45
96 17.45 26.5 45
97 17.45 26.5 45
98 17.45 26.5 45
99 17.45 26.5 45
100 17.45 26.5 45
101 17.45 26.5 45
102 17.45 26.5 45
103 17.45 26.5 45
104 17.45 26.5 45
105 17.45 26.5 45
106 17.45 26.5 45
107 17.45 26.5 45
108 17.45 26.5 45
109 17.45 26.5 45
110 17.45 26.5 45
111 17.45 26.5 45
112 25.75 44.05 0
113 17.45 26.5 45
114 17.45 26.5 45
115 17.45 26.5 45
116 17.45 26.5 45
117 17.45 26.5 45
118 17.45 26.5 45
119 17.45 26.5 45
120 17.45 26.5 45
121 17.45 26.5 0
122 17.45 26.5 0
123 17.45 26.5 0
124 17.45 26.5 0
125 17.45 26.5 0
126 17.45 26.5 0
127 17.45 26.5 0
128 17.45 26.5 0
129 17.45 26.5 0
130 17.45 26.5 0
131 17.45 26.5 0
132 17.45 26.5 0
133 17.45 26.5 0
134 17.45 26.5 0
135 17.45 26.5 0
136 17.45 26.5 0
137 17.45 26.5 0
138 17.45 26.5 0
139 17.45 26.5 0
140 17.45 26.5 0
141 17.45 26.5 0
142 17.45 26.5 0
143 17.45 26.5 0
144 17.45 26.5 0
145 17.45 26.5 0
146 17.65 26.5 0
147 17.65 26.5 0
148 17.65 26.5 0
149 17.65 26.5 0
150 17.65 26.5 0
151 17.65 26.5 0
152 17.75 26.5 0
153 17.85 26.5 0
154 17.85 26.5 0
155 17.85 26.5 0
156 17.85 26.5 0
157 17.85 26.5 0
158 17.85 26.5 0
159 17.85 26.5 0
160 17.75 26.5 0
161 17.75 26.5 0
162 17.95 26.5 0
163 18.05 26.5 0
164 18.05 26.5 0
165 17.95 26.5 0
166 17.95 26.5 0
167 17.95 26.5 0
168 17.95 26.5 0
169 18.05 26.5 0
170 18.15 26.5 0
171 18.15 26.5 0
172 18.15 26.5 0
173 18.15 26.5 0
174 18.15 26.5 0
175 18.15 26.5 0
176 18.15 26.5 0
177 18.15 26.5 0
178 18.15 26.5 0
179 18.15 26.5 0
180 18.15 26.5 0
181 18.15 26.5 0
182 18.15 26.5 0
183 18.15 26.5 0
184 18.15 26.5 0
185 18.15 26.5 0
186 18.15 26.5 0
187 18.25 26.5 0
188 18.35 26.5 0
189 18.35 26.5 0
190 30.95 50.55 225
191 18.45 26.5 0
192 18.55 26.5 0
193 30.95 50.55 225
194 30.95 50.55 225
195 30.95 55.95 90
196 30.95 50.55 225
197 18.95 26.5 0
198 19.15 26.5 0
199 30.95 50.55 225
200 30.95 55.95 90
201 30.95 50.55 225
202 19.35 26.5 0
203 30.95 50.55 225
204 26.25 44.05 0
205 19.25 26.5 45
206 30.95 50.55 270
207 30.95 50.55 270
208 19.15 26.5 45
209 30.95 50.55 270
210 30.9 57.0 225
211 30.95 56.05 90
212 30.95 50.55 270
213 26.35 44.05 0
214 19.25 26.6 45
215 19.25 26.7 45
216 19.35 26.8 45
217 30.95 50.55 315
218 19.35 26.8 45
219 19.45 26.9 45
220 30.95 50.55 315
221 30.95 50.55 315
222 19.45 27.0 45
223 30.95 50.55 315
224 30.95 60.05 90
225 19.45 27.0 90
226 30.95 50.55 315
227 19.45 27.0 90
228 19.45 27.0 90
229 19.45 27.0 135
230 19.45 27.0 135
231 19.45 27.0 135
232 19.45 27.0 90
233 30.95 50.55 315
234 19.45 27.0 90
235 19.45 27.0 90
236 19.45 27.0 90
237 19.45 27.0 90
238 30.95 50.55 315
239 30.95 50.55 315
240 30.95 50.55 315
241 19.55 27.1 90
242 19.65 27.3 90
243 30.95 50.55 315
244 30.95 50.55 315
245 19.75 27.5 90
246 30.95 50.55 315
247 30.95 50.55 315
248 19.85 27.9 90
249 30.95 50.55 315
250 30.95 56.05 90
251 30.95 50.55 315
252 19.85 28.1 90
253 30.95 50.55 315
254 30.95 50.55 315
255 19.85 28.5 90
256 30.95 50.55 315
257 30.95 50.55 315
258 30.95 50.55 315
259 30.95 50.55 0
260 30.95 50.55 0
261 19.85 28.8 90
262 30.95 50.55 0
263 30.95 50.55 0
264 30.95 50.55 0
265 19.85 29.1 90
266 19.85 29.5 90
267 19.85 29.9 90
268 30.95 50.55 0
269 30.95 50.55 0
270 30.95 50.55 0
271 30.95 50.55 0
272 19.85 30.3 90
273 19.85 31.1 90
274 30.95 50.55 0
275 30.95 50.55 0
276 30.95 50.55 0
277 30.95 50.55 0
278 19.85 31.5 90
279 30.95 50.55 0
280 27.85 44.05 0
281 30.95 50.55 0
282 19.85 31.3 90
283 30.95 50.55 0
284 19.85 31.5 90
285 30.95 50.55 0
286 30.95 50.55 0
287 30.95 50.55 0
288 30.95 50.55 0
289 19.85 32.0 90
290 19.85 32.4 90
291 30.95 50.55 0
292 30.95 50.55 0
293 30.95 50.55 0
294 30.95 50.55 0
295 30.95 50.55 0
296 30.95 50.55 0
297 30.95 50.55 0
298 30.95 50.55 0
299 30.95 50.55 45
300 30.95 50.55 45
301 30.95 50.55 45
302 30.95 50.55 45
303 19.85 33.0 90
304 30.95 50.55 45
305 30.95 50.55 45
306 30.95 50.55 45
307 19.85 33.6 90
308 19.85 31.6 90
309 30.95 50.55 45
310 30.95 50.55 45
311 30.95 50.55 45
312 30.95 50.55 45
313 30.95 50.55 45
314 30.95 50.55 45
315 30.95 50.55 45
316 30.95 50.55 45
317 30.95 56.05 45
318 30.95 50.55 45
319 30.95 50.55 45
320 30.95 50.55 45
321 30.95 50.55 45
322 30.95 50.55 45
323 30.95 50.55 45
324 19.85 33.8 90
325 30.95 50.55 45
326 30.95 50.55 45
327 30.95 50.55 45
328 30.95 50.55 45
329 30.95 50.55 45
330 30.95 50.55 45
331 30.95 50.55 45
332 30.95 50.55 45
333 19.85 35.7 90
334 30.95 50.55 45
335 30.95 50.55 45
336 30.95 50.55 45
337 30.95 50.55 45
338 19.85 36.5 90
339 19.85 36.5 90
340 30.95 50.55 45
341 30.95 50.55 45
342 29.15 44.05 0
343 19.95 35.95 90
344 30.95 50.55 45
345 19.95 35.3 90
346 19.95 35.8 90
347 30.95 56.05 45
348 30.95 50.55 45
349 19.95 36.5 90
350 30.95 50.55 45
351 20.0 37.75 90
352 19.95 37.9 90
353 30.95 50.55 45
354 19.95 38.6 90
355 20.0 39.15 90
356 19.95 39.4 90
357 20.05 39.05 90
358 30.95 50.55 90
359 19.95 39.3 90
360 19.9 39.6 90
361 20.05 39.65 90
362 19.95 39.7 90
363 20.1 39.6 90
364 19.95 39.4 90
365 20.05 39.5 90
366 19.9 39.6 90
367 19.9 39.7 90
368 19.9 39.7 90
369 19.9 39.7 90
370 19.9 39.7 90
371 30.95 50.55 90
372 19.9 39.8 90
373 30.95 50.55 90
374 19.9 39.8 90
375 19.9 39.9 90
376 19.95 39.8 90
377 19.95 39.8 90
378 20.05 39.85 90
379 19.9 40.75 90
380 19.95 40.8 90
381 19.95 40.8 90
382 30.95 50.55 90
383 20.0 40.55 90
384 30.95 50.55 90
385 19.95 41.4 90
386 19.95 41.1 90
387 20.0 41.5 90
388 20.0 41.5 90
389 20.0 41.5 90
390 20.0 41.3 90
391 20.0 41.7 90
392 19.95 41.25 90
393 20.0 41.2 90
394 19.95 41.5 90
395 30.95 50.65 90
396 30.95 50.75 90
397 30.95 50.75 90
398 30.95 50.75 90
399 20.0 41.5 90
400 30.95 50.85 90
401 20.0 41.6 90
402 30.95 50.85 90
403 20.0 41.55 90
404 30.95 50.85 90
405 19.95 41.9 90
406 19.95 41.95 90
407 19.95 42.15 90
408 30.95 50.95 90
409 19.95 42.5 90
410 19.95 43.2 90
411 30.95 50.95 90
412 30.95 51.05 90
413 30.95 51.05 90
414 30.95 51.05 90
415 30.95 51.15 90
416 30.95 51.15 90
417 20.0 43.75 90
418 30.95 51.25 90
419 30.95 51.25 90
420 30.95 51.25 90
421 30.95 51.35 90
422 30.95 51.35 90
423 30.95 51.35 90
424 30.95 51.45 90
425 30.95 51.45 90
426 30.95 51.45 90
427 30.95 51.55 90
428 30.95 51.55 90
429 30.95 51.55 90
430 30.95 51.65 90
431 30.95 51.65 90
432 19.95 43.85 90
433 30.95 51.75 90
434 30.95 51.75 90
435 19.95 43.85 90
436 30.95 51.85 90
437 30.95 51.85 90
438 30.95 51.85 90
439 30.95 51.95 90
440 19.95 44.25 90
441 20.05 44.55 90
442 30.95 51.95 90
443 20.0 44.55 90
444 30.95 52.05 90
445 30.95 52.05 90
446 20.05 44.45 90
447 30.95 52.15 90
448 20.1 44.4 90
449 30.95 52.25 90
450 20.0 44.6 90
451 30.95 52.35 90
452 20.0 44.6 90
453 30.95 52.45 90
454 30.95 52.55 90
455 20.0 44.6 90
456 30.95 52.65 90
457 30.95 52.65 90
458 30.95 52.75 90
459 30.95 52.75 90
460 30.95 52.85 90
461 30.95 52.85 90
462 30.95 52.95 90
463 30.95 52.95 90
464 30.95 53.05 90
465 30.95 53.05 90
466 30.95 53.15 90
467 30.95 53.15 90
468 30.95 53.15 90
469 30.95 53.25 90
470 30.95 53.25 90
471 30.95 53.25 90
472 30.95 53.35 90
473 30.95 53.35 90
474 30.95 53.35 90
475 30.95 53.35 90
476 30.95 53.45 90
477 19.9 44.55 90
478 30.95 53.45 90
479 30.95 53.55 90
480 30.95 53.55 90
481 30.95 53.55 90
482 30.95 53.65 90
483 30.95 53.65 90
484 30.95 53.65 90
485 30.95 53.75 90
486 30.95 53.75 90
487 30.95 53.75 90
488 30.95 53.85 90
489 30.95 53.85 90
490 20.0 44.45 90
491 30.95 53.95 90
492 30.95 53.95 90
493 30.95 53.95 90
494 30.95 54.05 90
495 19.95 44.65 90
496 30.95 54.05 90
497 30.95 54.15 90
498 30.95 54.15 90
499 30.95 54.15 90
500 30.95 54.25 90
501 30.95 54.25 90
502 19.95 44.65 90
503 30.95 54.35 90
504 30.95 54.35 90
505 30.95 54.35 90
506 30.95 54.45 90
507 30.95 54.45 90
508 19.95 44.65 90
509 30.95 54.55 90
510 30.95 54.55 90
511 30.95 54.55 90
512 30.95 54.65 90
513 30.95 54.65 90
514 30.95 54.65 90
515 30.95 54.75 90
516 30.95 54.75 90
517 30.95 54.75 90
518 30.95 54.85 90
519 30.95 54.85 90
520 30.95 54.85 90
521 30.95 54.95 90
522 30.95 54.95 90
523 30.95 54.95 90
524 30.95 55.05 90
525 30.95 55.05 90
526 30.95 55.05 90
527 30.95 55.15 90
528 30.95 55.15 90
529 30.95 55.15 90
530 30.95 55.25 90
531 30.95 55.25 90
532 30.95 55.25 90
533 30.95 55.35 90
534 30.95 55.35 90
535 30.95 55.35 90
536 30.95 55.45 90
537 30.95 55.45 90
538 30.95 55.45 90
539 30.95 55.55 90
540 19.95 44.8 45
541 20.05 44.8 45
542 20.0 44.95 45
543 30.95 55.55 90
544 30.95 55.65 90
545 30.95 55.65 90
546 30.95 55.65 90
547 30.95 55.75 90
548 20.0 44.0 45
549 30.95 55.75 90
550 19.95 44.05 90
551 30.95 55.75 90
552 30.95 55.85 90
553 30.95 55.85 90
554 30.95 55.85 90
555 30.95 55.85 90
556 30.95 44.0 0
557 30.95 55.85 90
558 30.95 55.95 90
559 30.95 55.95 90
560 30.95 55.95 90
561 30.95 55.95 90
562 30.95 55.95 90
563 30.95 55.95 90
564 30.95 55.95 90
565 30.95 55.95 90
566 30.95 55.95 90
567 30.95 55.95 90
568 30.95 55.95 90
569 20.0 43.95 90
570 30.95 55.95 90
571 30.95 55.95 90
572 19.85 43.9 90
573 30.95 55.95 90
574 30.95 55.95 90
575 30.95 55.95 90
576 30.95 55.95 90
577 30.95 55.95 90
578 30.95 55.95 90
579 30.95 55.95 90
580 30.95 55.95 90
581 30.95 55.95 90
582 19.95 43.95 90
583 20.0 43.95 90
584 30.95 55.95 90
585 30.95 55.95 90
586 30.95 55.95 90
587 30.95 55.95 90
588 30.95 55.95 90
589 19.9 44.0 135
590 19.9 44.0 135
591 19.9 44.0 135
592 30.95 55.95 90
593 30.95 55.95 90
594 30.95 55.95 90
595 30.95 55.95 90
596 19.9 44.05 135
597 20.05 44.0 135
598 20.0 44.0 135
599 20.0 44.0 135
600 20.0 44.0 135
601 30.95 55.95 90
602 30.95 55.95 90
603 30.95 55.95 90
604 30.95 55.95 90
605 19.95 44.05 135
606 19.9 43.95 135
607 20.0 44.05 135
608 19.95 44.0 135
609 20.0 44.0 135
610 19.95 44.0 135
611 19.95 43.9 135
612 20.05 44.05 135
613 20.0 44.05 135
614 30.95 55.95 90
615 20.0 44.0 135
616 19.9 44.0 135
617 19.9 44.1 135
618 19.95 43.95 135
619 20.0 44.0 135
620 19.9 44.0 135
621 20.0 43.95 135
622 19.9 44.05 135
623 19.95 44.0 135
624 20.0 43.95 135
625 30.95 55.95 90
626 30.95 55.95 90
627 19.85 44.05 135
628 19.9 44.1 135
629 19.8 43.95 135
630 19.95 44.05 135
631 19.9 43.95 135
632 30.95 56.05 45
633 19.9 43.95 135
634 20.05 44.05 135
635 20.0 43.95 135
636 19.95 44.05 135
637 19.95 44.0 135
638 19.95 43.95 135
639 19.9 44.05 135
640 19.95 44.05 135
641 20.0 43.95 135
642 19.95 43.95 135
643 20.0 44.05 135
644 19.9 44.0 135
645 19.9 43.95 135
646 20.05 43.95 135
647 30.95 56.05 90
648 19.95 43.9 135
649 20.0 44.0 135
650 20.0 44.0 135
651 19.95 44.0 135
652 20.0 43.95 135
653 19.95 44.0 135
654 20.0 43.95 135
655 20.05 44.05 135
656 20.15 44.0 135
657 20.0 43.95 135
658 20.1 43.9 135
659 20.1 44.0 135
660 20.15 44.0 135
661 20.0 43.9 135
662 20.05 43.9 135
663 30.95 56.05 45
664 19.95 43.9 180
665 19.95 44.05 180
666 20.05 44.1 180
667 19.95 44.0 180
668 30.95 56.05 45
669 19.95 43.95 180
670 19.95 44.05 180
671 19.9 44.0 180
672 20.0 44.05 180
673 20.05 44.0 180
674 20.0 43.95 180
675 19.9 44.0 180
676 19.95 44.0 180
677 19.95 43.9 180
678 20.05 44.1 180
679 19.9 43.95 180
680 19.95 43.95 180
681 20.0 44.05 180
682 30.95 56.05 45
683 19.9 43.95 180
684 19.95 44.0 180
685 20.0 44.05 180
686 20.05 44.0 180
687 20.05 44.05 180
688 19.95 44.0 180
689 30.95 56.05 45
690 20.05 43.9 180
691 20.0 44.0 180
692 20.15 44.0 180
693 20.05 43.9 225
694 20.0 43.9 225
695 20.0 43.95 225
696 20.0 43.9 225
697 20.05 43.9 225
698 20.1 44.05 225
699 20.0 43.95 225
700 20.05 43.95 225
701 20.0 44.0 225
702 20.05 44.0 225
703 19.95 44.0 225
704 19.9 43.9 225
705 20.05 44.0 225
706 19.95 44.0 225
707 20.05 43.95 225
708 20.05 44.0 225
709 20.0 44.05 225
710 20.0 44.05 225
711 19.95 44.0 225
712 20.05 44.0 225
713 19.95 44.0 225
714 19.85 44.0 225
715 30.95 56.05 45
716 19.95 43.95 225
717 20.0 44.0 225
718 19.9 44.1 225
719 19.95 43.9 225
720 19.95 43.95 225
721 30.95 56.05 45
722 20.1 44.0 225
723 20.05 44.0 225
724 20.0 43.9 225
725 30.95 56.05 45
726 20.05 43.95 225
727 20.0 44.0 225
728 19.95 44.0 225
729 19.95 43.95 225
730 20.0 43.95 225
731 20.15 44.0 225
732 30.95 56.05 45
733 20.05 44.0 225
734 20.1 43.95 225
735 20.0 43.95 225
736 20.0 43.95 225
737 30.95 56.05 45
738 20.05 43.95 225
739 30.95 56.05 45
740 20.1 44.1 270
741 20.05 44.0 270
742 20.0 44.0 270
743 20.05 43.95 270
744 19.9 44.0 270
745 20.1 44.0 270
746 30.95 56.05 45
747 20.05 44.0 270
748 20.0 44.0 270
749 30.95 56.05 45
750 20.05 44.0 270
751 20.0 43.95 270
752 30.95 56.05 45
753 20.05 43.95 270
754 20.0 44.0 270
755 20.1 43.95 270
756 19.9 43.9 270
757 19.95 43.95 270
758 30.95 56.05 0
759 20.0 44.0 270
760 19.9 43.95 270
761 20.05 43.95 270
762 20.0 44.0 270
763 30.95 56.05 0
764 19.95 44.0 270
765 20.0 43.85 270
766 19.9 44.0 270
767 20.0 43.95 270
768 30.95 56.05 0
769 30.95 56.05 0
770 30.95 56.05 0
771 20.0 44.0 270
772 22.9 44.0 225
773 30.95 56.05 0
774 20.05 44.0 315
775 30.95 56.05 0
776 30.95 56.05 0
777 20.05 44.0 315
778 30.95 56.05 0
779 30.95 56.05 0
780 30.95 56.05 0
781 19.95 43.9 315
782 30.95 56.05 0
783 30.95 56.05 0
784 30.95 56.05 0
785 19.95 44.05 315
786 30.95 56.05 45
787 31.0 55.95 0
788 31.0 57.05 225
789 30.9 56.95 225
790 30.9 56.9 225
791 30.95 56.95 225
792 30.85 57.0 225
793 30.95 57.0 225
794 20.1 44.0 315
795 30.9 57.0 225
796 30.95 56.95 225
797 30.95 57.0 225
798 30.9 56.9 225
799 31.0 56.95 225
800 19.95 43.95 315
801 30.95 57.05 225
802 30.9 57.05 225
803 30.95 57.0 225
804 19.9 44.0 315
805 30.9 57.0 225
806 19.9 43.95 315
807 30.95 56.05 45
808 30.9 57.0 225
809 30.9 57.0 225
810 20.0 44.05 315
811 30.9 57.0 225
812 19.9 43.95 315
813 30.9 57.0 225
814 30.9 57.0 225
815 30.9 57.0 225
816 19.9 44.05 315
817 30.9 57.0 225
818 30.9 57.0 225
819 30.9 57.0 225
820 30.9 57.0 225
821 20.05 43.85 315
822 20.05 44.0 315
823 30.9 57.0 270
824 20.05 43.9 315
825 30.9 57.0 270
826 30.9 57.0 270
827 30.9 57.0 270
828 30.9 57.0 270
829 30.9 57.0 270
830 30.9 57.0 270
831 30.9 57.0 270
832 30.9 57.0 270
833 20.1 43.95 0
834 30.9 57.0 270
835 30.95 56.05 45
836 30.9 57.0 270
837 19.95 44.0 0
838 20.15 43.9 0
839 30.95 56.05 45
840 30.9 57.0 315
841 20.1 44.0 0
842 30.9 57.0 315
843 30.9 57.0 315
844 30.9 57.0 315
845 30.9 57.0 315
846 20.05 43.9 0
847 30.9 57.0 315
848 30.9 57.0 315
849 30.9 57.0 315
850 30.9 57.0 315
851 30.95 56.05 45
852 30.9 57.0 0
853 30.9 57.0 0
854 30.9 57.0 0
855 30.9 57.0 0
856 30.9 57.0 0
857 30.9 57.0 0
858 30.9 57.0 0
859 30.9 57.0 0
860 30.9 57.0 0
861 30.9 57.0 0
862 30.9 57.0 0
863 30.9 57.0 0
864 30.9 57.0 0
865 30.9 57.0 0
866 30.9 57.0 0
867 30.9 57.0 0
868 30.9 57.0 0
869 30.9 57.0 0
870 30.9 57.0 0
871 30.9 57.0 0
872 30.9 57.0 0
873 30.9 57.0 0
874 30.9 57.0 0
875 30.9 57.0 0
876 30.9 57.0 0
877 30.9 57.0 0
878 30.9 57.0 0
879 30.95 56.05 0
880 30.9 57.0 0
881 30.9 57.0 0
882 30.9 57.0 0
883 30.9 57.0 0
884 30.9 57.0 0
885 30.9 57.0 0
886 30.9 57.0 0
887 30.9 57.0 0
888 30.9 57.0 0
889 30.9 57.0 45
890 30.9 57.0 45
891 30.9 57.0 45
892 30.9 57.0 45
893 30.9 57.0 45
894 30.95 56.05 0
895 30.9 57.0 45
896 30.95 50.55 180
897 30.9 57.0 45
898 30.9 57.0 45
899 30.9 56.95 45
900 30.95 56.05 45
901 30.9 56.95 45
902 30.9 56.95 45
903 30.95 50.55 180
904 30.9 56.95 45
905 30.9 56.95 90
906 30.9 56.95 90
907 30.9 56.95 90
908 30.9 56.95 90
909 30.9 56.95 90
910 30.9 56.95 90
911 30.9 56.95 90
912 30.9 56.95 90
913 30.95 50.55 180
914 22.9 44.0 225
915 20.1 44.0 0
916 30.95 50.55 225
917 20.15 44.0 0
918 20.15 43.9 0
919 20.05 44.1 0
920 30.95 50.55 225
921 20.0 43.95 0
922 20.05 44.0 0
923 20.2 44.05 0
924 20.2 44.05 0
925 20.2 44.05 0
926 20.3 44.05 0
927 20.3 44.05 0
928 20.4 44.05 0
929 20.5 44.05 0
930 20.5 44.05 0
931 20.7 44.05 0
932 20.7 44.05 0
933 20.8 44.05 0
934 17.45 26.5 45
935 20.8 44.05 0
936 20.8 44.05 0
937 20.9 44.05 0
938 20.9 44.05 0
939 20.9 44.05 0
940 20.9 44.05 0
941 21.0 44.05 0
942 21.0 44.05 0
943 21.2 44.05 0
944 21.2 44.05 0
945 21.3 44.05 0
946 21.3 44.05 0
947 30.95 50.55 225
948 21.4 44.05 0
949 21.5 44.05 0
950 21.5 44.05 0
951 21.6 44.05 0
952 21.6 44.05 0
953 21.7 44.05 0
954 21.8 44.05 0
955 21.8 44.05 0
956 21.9 44.05 0
957 22.0 44.05 0
958 22.0 44.05 0
959 22.0 44.05 0
960 22.0 44.05 0
961 22.1 44.05 0
962 22.2 44.05 0
963 22.3 44.05 0
964 22.3 44.05 0
965 22.3 44.05 0
966 30.95 50.55 225
967 22.3 44.05 0
968 22.5 44.05 0
969 30.95 56.05 0
970 22.6 44.05 0
971 22.7 44.05 0
972 22.8 44.05 0
973 22.9 44.05 0
974 23.0 44.05 0
975 23.0 44.05 0
976 30.95 50.55 225
977 23.0 44.0 0
978 23.0 44.0 0
979 23.0 44.0 0
980 23.0 44.0 45
981 23.0 44.0 45
982 23.0 44.0 45
983 30.95 50.55 225
984 23.0 44.0 45
985 23.0 44.0 45
986 23.0 44.0 45
987 23.0 44.0 45
988 30.95 57.0 225
989 22.9 44.0 45
990 30.95 50.55 225
991 22.9 44.0 45
992 22.9 44.0 45
993 22.9 44.0 45
994 22.9 44.0 90
995 30.95 50.55 225
996 22.9 44.0 90
997 30.9 57.0 225
998 22.9 44.0 90
999 22.9 44.0 90
1000 22.9 44.0 90
1001 22.9 44.0 90
1002 22.9 44.0 90
1003 22.9 44.0 90
1004 22.9 44.0 90
1005 30.95 50.55 225
1006 22.9 44.0 90
1007 31.0 56.9 90
1008 31.0 56.9 90
1009 22.9 44.0 90
1010 30.9 57.0 225
1011 22.9 44.0 90
1012 22.9 44.0 90
1013 22.9 44.0 90
1014 22.9 44.0 135
1015 22.9 44.0 135
1016 30.9 56.95 90
1017 22.9 44.0 135
1018 22.9 44.0 135
1019 30.95 56.9 90
1020 22.9 44.0 135
1021 22.9 44.0 135
1022 22.9 44.0 180
1023 22.9 44.0 180
1024 22.9 44.0 180
1025 30.9 56.95 90
1026 30.9 56.95 90
1027 30.9 56.95 90
1028 22.9 44.0 180
1029 22.9 44.0 180
1030 22.9 44.0 180
1031 22.9 44.0 180
1032 30.95 57.05 90
1033 30.95 57.05 90
1034 22.9 44.0 180
1035 30.95 57.05 90
1036 30.95 57.05 45
1037 30.95 57.05 45
1038 30.95 57.3 45
1039 22.9 44.0 180
1040 30.95 57.3 45
1041 30.95 57.3 90
1042 30.95 57.3 90
1043 22.9 44.0 180
1044 30.95 50.55 180
1045 30.95 57.3 90
1046 22.9 44.0 180
1047 30.95 57.3 90
1048 30.9 57.0 90
1049 22.9 44.0 180
1050 30.85 57.0 90
1051 30.95 57.2 90
1052 30.95 57.4 90
1053 30.95 57.5 90
1054 30.95 57.5 90
1055 22.9 44.0 180
1056 31.0 57.6 90
1057 31.0 57.6 90
1058 31.0 57.6 90
1059 31.0 57.6 90
1060 31.0 57.6 90
1061 30.95 58.0 90
1062 30.95 58.0 90
1063 22.9 44.0 225
1064 30.95 58.0 90
1065 30.95 58.1 90
1066 31.0 58.3 90
1067 31.0 58.4 90
1068 31.0 58.5 90
1069 31.15 58.3 90
1070 31.15 58.3 90
1071 30.95 58.9 90
1072 31.05 59.0 90
1073 31.05 59.1 90
1074 31.05 59.1 90
1075 31.05 59.2 90
1076 31.0 59.55 90
1077 31.0 59.55 90
1078 31.0 59.55 90
1079 31.0 59.55 90
1080 31.0 59.65 90
1081 31.0 59.65 90
1082 30.95 58.0 90
1083 31.0 59.85 90
1084 22.9 44.0 225
1085 30.95 59.95 90
1086 30.95 59.95 90
1087 30.95 59.95 90
1088 30.95 59.95 90
1089 30.95 59.95 90
1090 30.95 59.95 90
1091 30.95 59.95 90
1092 30.95 59.95 90
1093 30.95 59.95 90
1094 22.9 44.0 225
1095 30.95 59.95 90
1096 30.95 59.95 90
1097 30.95 59.95 90
1098 30.95 59.95 90
1099 30.95 59.95 90
1100 30.95 59.95 90
1101 30.95 59.95 90
1102 30.95 59.95 90
1103 30.95 59.95 90
1104 30.95 59.95 90
1105 30.95 59.95 90
1106 30.95 59.95 90
1107 30.95 59.95 90
1108 30.95 59.95 90
1109 30.95 59.95 90
1110 30.95 59.95 90
1111 30.95 59.95 90
1112 30.95 59.95 90
1113 30.95 59.95 90
1114 30.95 59.95 90
1115 30.95 59.95 90
1116 30.95 59.95 90
1117 30.95 59.95 90
1118 30.95 59.95 90
1119 30.95 59.95 90
1120 30.95 59.95 90
1121 30.95 59.95 90
1122 30.95 59.95 90
1123 30.95 59.95 90
1124 30.95 59.95 90
1125 30.95 59.95 90
1126 30.95 59.95 90
1127 30.95 59.95 90
1128 30.95 59.95 90
1129 30.95 59.95 90
1130 30.95 59.95 90
1131 30.95 59.95 90
1132 30.95 59.95 90
1133 30.95 59.95 90
1134 30.95 59.95 90
1135 30.95 59.95 90
1136 30.95 59.95 90
1137 30.95 59.95 90
1138 30.95 59.95 90
1139 22.9 44.0 225
1140 22.9 44.0 225
1141 22.9 44.0 225
1142 22.9 44.0 225
1143 30.95 59.95 90
1144 30.95 59.95 90
1145 30.95 59.95 90
1146 30.95 59.95 90
1147 22.9 44.0 225
1148 30.95 59.95 90
1149 30.95 59.95 90
1150 30.95 59.95 90
1151 22.9 44.0 225
1152 30.95 59.95 90
1153 30.95 59.95 90
1154 30.95 59.95 90
1155 30.95 59.95 90
1156 30.95 59.95 90
1157 30.95 59.95 90
1158 22.9 44.0 270
1159 30.95 59.95 90
1160 30.95 59.95 90
1161 30.95 59.95 90
1162 30.95 59.95 90
1163 30.95 59.95 90
1164 30.95 59.95 90
1165 22.9 44.0 270
1166 22.9 44.0 225
1167 30.95 59.95 90
1168 22.9 44.0 270
1169 22.9 44.0 270
1170 22.9 44.0 270
1171 30.95 59.95 90
1172 30.9 60.0 90
1173 30.9 60.0 90
1174 22.9 44.0 270
1175 31.0 59.75 90
1176 22.9 44.0 270
1177 31.0 59.85 90
1178 23.0 44.0 270
1179 30.9 59.95 90
1180 31.0 60.1 90
1181 23.0 44.0 270
1182 31.0 60.1 90
1183 22.9 44.0 225
1184 31.0 60.1 90
1185 31.0 60.1 90
1186 23.0 44.0 270
1187 31.1 60.1 90
1188 31.1 60.1 90
1189 31.1 60.1 90
1190 31.1 60.1 90
1191 22.9 44.0 270
1192 30.95 59.95 90
1193 31.1 60.1 90
1194 31.1 60.1 90
1195 31.1 60.1 90
1196 31.1 60.1 90
1197 31.1 60.1 90
1198 31.1 60.1 90
1199 31.1 60.1 90
1200 31.1 60.1 90
1201 31.1 60.1 90
1202 31.1 60.1 90
1203 31.1 60.1 90
1204 31.1 60.1 90
1205 23.0 44.0 270
1206 31.1 60.1 90
1207 31.1 60.1 90
1208 31.1 60.1 90
1209 31.1 60.1 90
1210 31.1 60.1 90
1211 31.1 60.1 90
1212 31.1 60.1 90
1213 31.1 60.1 90
1214 31.1 60.1 90
1215 31.1 60.1 90
1216 31.1 60.1 90
1217 31.1 60.1 90
1218 31.1 60.1 90
1219 31.1 60.1 90
1220 31.1 60.1 90
1221 31.1 60.1 90
1222 23.0 44.0 270
1223 31.1 60.1 90
1224 31.1 60.1 90
1225 31.1 60.1 90
1226 22.9 44.0 225
1227 31.1 60.1 90
1228 31.1 60.1 90
1229 31.1 60.1 90
1230 23.0 44.0 270
1231 31.1 60.1 90
1232 23.0 44.0 270
1233 31.1 60.1 90
1234 31.1 60.1 90
1235 31.1 60.1 90
1236 31.1 60.1 90
1237 31.1 60.1 90
1238 23.0 44.0 315
1239 31.1 60.1 90
1240 31.1 60.1 90
1241 31.1 60.1 90
1242 23.0 44.0 315
1243 31.1 60.1 90
1244 31.1 60.1 90
1245 31.1 60.1 90
1246 31.1 60.1 90
1247 22.9 44.0 225
1248 23.0 44.0 315
1249 31.1 60.1 90
1250 31.1 60.1 90
1251 31.1 60.1 90
1252 23.0 44.0 315
1253 31.1 60.1 90
1254 23.0 44.0 315
1255 31.1 60.1 90
1256 31.1 60.1 90
1257 31.1 60.1 90
1258 23.0 44.0 315
1259 31.1 60.1 90
1260 31.1 60.1 90
1261 31.1 60.1 90
1262 31.1 60.1 90
1263 31.1 60.1 90
1264 31.1 60.1 90
1265 31.1 60.1 90
1266 23.0 44.0 315
1267 31.1 60.1 90
1268 31.1 60.1 90
1269 31.1 60.1 90
1270 31.1 60.1 90
1271 31.1 60.1 90
1272 31.1 60.1 90
1273 23.0 44.0 315
1274 31.1 60.1 90
1275 31.1 60.1 90
1276 22.9 44.0 225
1277 31.1 60.1 90
1278 30.9 57.0 315
1279 31.1 60.1 90
1280 31.1 60.1 90
1281 23.0 44.0 315
1282 31.1 60.1 90
1283 31.1 60.1 90
1284 31.1 60.1 90
1285 31.1 60.1 90
1286 31.1 60.1 90
1287 23.0 44.0 315
1288 31.1 60.1 90
1289 31.1 60.1 90
1290 31.1 60.1 90
1291 31.1 60.1 90
1292 23.0 44.0 315
1293 23.0 44.0 315
1294 23.0 44.0 315
1295 23.0 44.0 0
1296 31.0 60.0 90
1297 23.0 44.0 0
1298 23.0 44.0 0
1299 31.0 60.0 90
1300 31.0 60.0 90
1301 23.0 44.0 0
1302 31.0 60.0 90
1303 23.0 44.0 0
1304 31.1 60.0 90
1305 31.1 60.0 90
1306 31.1 60.0 90
1307 31.1 60.0 90
1308 23.0 44.0 0
1309 31.1 60.0 90
1310 31.1 60.0 90
1311 31.1 60.0 90
1312 31.1 60.0 90
1313 31.1 60.0 90
1314 31.1 60.0 90
1315 31.1 60.0 90
1316 31.1 60.0 90
1317 31.1 60.0 90
1318 31.1 60.0 90
1319 31.1 60.0 90
1320 31.1 60.0 90
1321 31.1 60.0 90
1322 31.1 60.0 90
1323 31.1 60.0 90
1324 31.1 60.0 90
1325 31.1 60.0 90
1326 31.1 60.0 90
1327 31.1 60.0 90
1328 31.1 60.0 90
1329 31.1 60.0 90
1330 31.1 60.0 90
1331 31.1 60.0 90
1332 31.1 60.0 90
1333 31.1 60.0 90
1334 31.1 60.0 90
1335 31.1 60.0 90
1336 31.1 60.0 90
1337 31.1 60.0 90
1338 31.1 60.0 90
1339 31.1 60.0 90
1340 31.1 60.0 90
1341 31.1 60.0 90
1342 31.1 60.0 90
1343 31.1 60.0 90
1344 31.1 60.0 90
1345 31.1 60.0 90
1346 23.0 44.0 0
1347 31.1 60.0 90
1348 31.1 60.0 90
1349 31.1 60.0 90
1350 31.1 60.0 90
1351 31.1 60.0 90
1352 31.1 60.0 90
1353 31.1 60.0 90
1354 31.1 60.0 90
1355 31.1 60.0 90
1356 31.1 60.0 90
1357 31.1 60.0 90
1358 31.1 60.0 90
1359 31.1 60.0 90
1360 23.0 44.0 0
1361 23.0 44.0 0
1362 31.1 60.0 90
1363 31.1 60.0 90
1364 31.1 60.0 90
1365 31.1 60.0 90
1366 31.1 60.0 90
1367 31.1 60.0 90
1368 31.1 60.0 90
1369 31.1 60.0 90
1370 23.0 44.0 0
1371 31.1 60.0 90
1372 23.4 44.0 0
1373 30.95 59.95 90
1374 23.65 44.05 0
1375 23.75 44.05 0
1376 23.75 44.05 0
1377 30.95 59.95 90
1378 23.85 44.05 0
1379 23.85 44.05 0
1380 23.95 44.05 0
1381 23.95 44.05 0
1382 24.05 44.05 0
1383 24.05 44.05 0
1384 24.15 44.05 0
1385 24.15 44.05 0
1386 24.25 44.05 0
1387 24.25 44.05 0
1388 30.95 50.55 315
1389 24.35 44.05 0
1390 24.35 44.05 0
1391 24.45 44.05 0
1392 24.45 44.05 0
1393 24.55 44.05 0
1394 24.55 44.05 0
1395 24.65 44.05 0
1396 24.65 44.05 0
1397 24.75 44.05 0
1398 24.75 44.05 0
1399 24.85 44.05 0
1400 24.85 44.05 0
1401 24.95 44.05 0
1402 24.95 44.05 0
1403 25.05 44.05 0
1404 25.05 44.05 0
1405 30.95 60.05 90
1406 25.15 44.05 0
1407 25.15 44.05 0
1408 25.25 44.05 0
1409 25.25 44.05 0
1410 25.35 44.05 0
1411 30.95 60.05 90
1412 25.35 44.05 0
1413 25.45 44.05 0
1414 30.95 60.05 90
1415 25.55 44.05 0
1416 25.55 44.05 0
1417 25.65 44.05 0
1418 25.65 44.05 0
1419 30.95 60.05 90
1420 25.75 44.05 0
1421 25.85 44.05 0
1422 25.85 44.05 0
1423 25.95 44.05 0
1424 30.95 60.05 90
1425 25.95 44.05 0
1426 26.05 44.05 0
1427 26.05 44.05 0
1428 26.15 44.05 0
1429 26.15 44.05 0
1430 30.95 60.05 90
1431 26.25 44.05 0
1432 26.35 44.05 0
1433 20.05 43.9 0
1434 26.45 44.05 0
1435 26.45 44.05 0
1436 26.55 44.05 0
1437 26.55 44.05 0
1438 26.65 44.05 0
1439 26.65 44.05 0
1440 26.75 44.05 0
1441 26.75 44.05 0
1442 26.85 44.05 0
1443 26.95 44.05 0
1444 27.05 44.05 0
1445 30.95 60.05 90
1446 27.15 44.05 0
1447 27.25 44.05 0
1448 27.35 44.05 0
1449 27.45 44.05 0
1450 27.55 44.05 0
1451 27.65 44.05 0
1452 27.75 44.05 0
1453 30.95 60.05 90
1454 27.95 44.05 0
1455 28.05 44.05 0
1456 28.15 44.05 0
1457 28.25 44.05 0
1458 28.35 44.05 0
1459 28.45 44.05 0
1460 30.95 60.05 90
1461 28.55 44.05 0
1462 28.65 44.05 0
1463 28.75 44.05 0
1464 28.85 44.05 0
1465 28.95 44.05 0
1466 29.05 44.05 0
1467 30.95 60.05 90
1468 29.25 44.05 0
1469 29.35 44.05 0
1470 29.45 44.05 0
1471 29.55 44.05 0
1472 29.65 44.05 0
1473 30.95 60.05 90
1474 29.75 44.05 0
1475 29.95 44.05 0
1476 30.15 44.05 0
1477 30.15 44.0 0
1478 30.25 44.1 0
1479 30.95 60.05 90
1480 30.25 44.0 0
1481 30.25 44.0 0
1482 30.25 44.0 0
1483 30.35 44.0 0
1484 30.35 44.0 0
1485 30.35 44.0 0
1486 30.45 44.0 0
1487 30.95 60.05 90
1488 30.55 44.0 0
1489 30.65 44.0 0
1490 30.75 44.0 0
1491 30.95 60.05 90
1492 30.95 60.05 90
1493 30.95 60.05 90
1494 30.95 60.05 90
1495 30.95 44.0 0
1496 30.95 44.0 0
1497 30.95 60.05 90
1498 30.95 44.0 0
1499 30.95 44.0 0
1500 30.95 56.05 45
1501 30.95 44.0 0
1502 30.95 44.0 135
1503 30.95 44.0 0
1504 30.95 44.0 0
1505 30.95 44.0 0
1506 30.95 44.0 45
1507 30.95 44.0 45
1508 30.95 44.0 45
1509 30.95 44.0 45
1510 30.95 44.0 45
1511 30.95 44.0 45
1512 30.95 44.0 45
1513 30.95 44.0 45
1514 30.95 44.0 45
1515 30.95 44.0 90
1516 30.95 44.0 90
1517 30.9 59.9 90
1518 30.95 44.0 90
1519 30.95 44.0 90
1520 30.95 44.0 90
1521 30.95 44.0 90
1522 30.95 44.0 90
1523 30.95 44.0 135
1524 30.95 44.0 135
1525 30.9 59.9 90
1526 30.95 44.0 135
1527 30.9 59.9 90
1528 30.9 59.9 90
1529 30.95 44.0 135
1530 30.9 59.9 90
1531 30.9 59.9 90
1532 30.95 44.0 135
1533 30.9 59.9 90
1534 30.9 59.9 90
1535 30.9 59.9 90
1536 30.95 44.0 135
1537 30.9 59.9 90
1538 30.95 50.55 225
1539 30.9 59.9 90
1540 30.95 44.0 135
1541 30.9 59.9 90
1542 30.9 59.9 90
1543 30.95 44.0 135
1544 30.9 59.9 90
1545 30.9 59.9 90
1546 30.95 44.0 135
1547 30.9 59.9 90
1548 30.9 59.9 90
1549 30.95 44.0 135
1550 30.9 59.9 90
1551 30.9 59.9 90
1552 30.9 59.9 90
1553 30.95 44.0 135
1554 30.95 44.0 135
1555 30.95 44.0 135
1556 30.9 59.9 90
1557 30.9 59.9 90
1558 30.9 59.9 90
1559 30.95 44.0 135
1560 30.95 44.0 135
1561 30.9 59.9 90
1562 30.95 50.55 0
1563 30.95 44.0 135
1564 30.9 59.9 90
1565 30.9 59.9 90
1566 30.95 44.0 180
1567 30.9 59.9 90
1568 30.9 59.9 90
1569 30.9 59.9 90
1570 30.95 44.0 180
1571 30.9 59.9 90
1572 30.95 44.0 180
1573 30.9 59.9 90
1574 30.9 59.9 90
1575 30.95 44.0 180
1576 30.95 50.55 0
1577 30.9 59.9 90
1578 30.95 44.0 180
1579 31.0 59.95 90
1580 31.0 59.95 90
1581 30.95 44.0 180
1582 31.0 59.95 90
1583 30.95 44.0 180
1584 31.05 60.05 90
1585 30.95 44.0 180
1586 30.95 44.0 225
1587 31.05 60.05 90
1588 31.05 60.05 90
1589 30.95 44.0 225
1590 30.95 50.55 0
1591 31.05 60.05 90
1592 30.95 44.0 225
1593 30.95 44.0 225
1594 30.95 50.55 0
1595 30.95 44.0 225
1596 31.05 60.05 90
1597 31.05 60.05 90
1598 31.05 60.05 90
1599 31.1 60.1 90
1600 30.95 44.0 225
1601 30.95 44.0 225
1602 30.95 44.0 225
1603 30.95 44.0 225
1604 30.95 44.0 225
1605 23.0 44.0 270
1606 30.95 44.0 225
1607 30.95 44.0 225
1608 30.95 44.0 225
1609 30.95 44.0 225
1610 30.95 44.0 225
1611 30.95 44.0 225
1612 30.95 44.0 270
1613 30.95 44.0 270
1614 30.95 44.0 270
1615 30.95 56.05 0
1616 30.95 44.0 270
1617 30.95 50.55 315
1618 30.95 50.55 45
1619 30.95 44.0 270
1620 30.95 44.0 270
1621 30.95 44.0 270
1622 30.95 44.0 270
1623 30.95 44.0 315
1624 30.95 44.0 315
1625 30.95 53.85 90
1626 30.95 44.0 315
1627 30.95 44.0 315
1628 30.95 44.0 315
1629 30.95 44.0 315
1630 30.95 44.0 315
1631 30.95 44.0 315
1632 30.95 44.0 315
1633 30.95 44.0 315
1634 30.95 44.0 315
1635 30.95 44.0 315
1636 30.95 44.0 315
1637 30.95 44.0 315
1638 31.1 60.1 90
1639 30.95 44.0 315
1640 30.95 44.0 315
1641 30.95 44.0 315
1642 30.95 44.0 315
1643 30.95 55.95 90
1644 30.95 44.0 0
1645 30.95 44.0 0
1646 30.95 44.0 0
1647 30.95 44.0 0
1648 30.95 44.0 45
1649 30.95 44.0 45
1650 31.1 60.1 90
1651 30.95 44.0 45
1652 30.95 44.0 45
1653 30.95 44.0 45
1654 30.95 44.0 45
1655 31.0 44.05 45
1656 30.95 44.0 45
1657 30.95 44.0 45
1658 30.95 44.0 45
1659 30.95 54.25 90
1660 30.95 44.0 45
1661 30.95 44.0 45
1662 30.95 44.0 45
1663 30.95 44.0 45
1664 30.95 44.0 45
1665 30.95 44.0 45
1666 30.95 44.0 45
1667 30.95 44.0 45
1668 30.95 44.0 45
1669 31.1 60.1 90
1670 30.95 44.0 45
1671 30.95 44.0 90
1672 30.95 44.0 90
1673 30.95 44.0 90
1674 30.95 44.0 90
1675 30.95 44.0 90
1676 30.95 44.0 90
1677 30.95 44.0 90
1678 30.95 44.0 225
1679 30.95 44.0 90
1680 30.95 44.2 90
1681 30.95 44.2 90
1682 30.95 44.3 90
1683 31.0 44.55 90
1684 31.0 44.75 90
1685 31.0 44.75 90
1686 31.0 44.85 90
1687 31.0 44.95 90
1688 31.0 45.15 90
1689 31.0 45.15 90
1690 31.0 45.15 90
1691 31.0 45.15 90
1692 31.0 45.25 90
1693 31.0 45.35 90
1694 31.0 45.35 90
1695 31.0 45.45 90
1696 31.0 45.65 90
1697 31.0 45.75 90
1698 31.0 45.85 90
1699 31.0 45.85 90
1700 31.0 45.95 90
1701 31.0 46.05 90
1702 31.0 46.05 90
1703 31.0 46.05 90
1704 31.0 46.05 90
1705 31.0 46.05 90
1706 31.0 46.05 90
1707 31.0 46.25 90
1708 31.0 46.35 90
1709 31.0 46.45 90
1710 31.0 46.55 90
1711 31.0 46.55 90
1712 31.0 46.45 90
1713 31.0 46.45 90
1714 31.0 46.45 90
1715 31.0 46.55 90
1716 31.0 46.55 90
1717 31.0 46.65 90
1718 31.0 46.65 90
1719 31.0 46.95 90
1720 31.0 46.95 90
1721 31.0 47.05 90
1722 31.0 47.05 90
1723 31.0 47.15 90
1724 31.0 47.15 90
1725 31.0 47.25 90
1726 31.0 47.35 90
1727 31.0 47.45 90
1728 31.0 47.45 90
1729 31.0 47.45 90
1730 31.0 47.55 90
1731 31.0 47.55 90
1732 31.0 47.65 90
1733 31.0 47.75 90
1734 31.0 47.85 90
1735 31.0 47.85 90
1736 31.0 48.05 90
1737 31.0 48.05 90
1738 31.0 48.15 90
1739 31.0 48.15 90
1740 31.0 48.15 90
1741 31.0 48.35 90
1742 31.0 48.35 90
1743 31.0 48.35 90
1744 31.0 48.35 90
1745 31.0 48.45 90
1746 31.0 48.55 90
1747 31.0 48.65 90
1748 31.0 48.85 90
1749 31.0 48.65 90
1750 31.0 48.75 90
1751 31.0 48.75 90
1752 31.0 48.85 90
1753 31.0 49.05 90
1754 31.0 49.05 90
1755 31.0 49.15 90
1756 31.0 49.05 90
1757 31.0 49.05 90
1758 31.0 49.05 90
1759 31.0 49.05 90
1760 31.0 48.95 90
1761 31.0 49.05 90
1762 31.0 49.05 135
1763 31.0 49.05 135
1764 31.0 49.05 135
1765 31.0 49.05 135
1766 31.0 49.05 135
1767 31.0 48.95 135
1768 31.0 49.05 135
1769 31.0 49.05 135
1770 31.0 49.05 135
1771 31.0 49.05 135
1772 31.0 49.05 135
1773 30.95 50.55 90
1774 31.0 49.05 135
1775 31.0 49.05 135
1776 31.0 49.05 135
1777 31.0 49.05 135
1778 31.0 49.05 180
1779 31.0 49.05 180
1780 31.0 49.05 180
1781 31.0 49.05 180
1782 31.0 49.05 180
1783 31.0 49.05 180
1784 31.0 49.05 180
1785 31.0 49.05 180
1786 31.0 49.05 180
1787 31.0 49.05 180
1788 31.0 49.05 180
1789 31.0 49.05 180
1790 31.0 49.05 180
1791 31.0 49.05 180
1792 31.1 60.1 90
1793 31.0 49.05 225
1794 31.0 49.05 225
1795 31.0 49.05 225
1796 31.0 49.05 225
1797 31.0 60.0 90
1798 31.0 49.05 225
1799 31.0 49.05 225
1800 30.95 56.05 45
1801 31.0 49.05 225
1802 31.0 49.05 225
1803 31.0 49.05 225
1804 30.95 50.55 90
1805 31.0 49.05 225
1806 31.0 49.05 225
1807 31.0 60.0 90
1808 31.0 49.05 225
1809 31.0 49.05 225
1810 31.0 49.05 225
1811 31.0 49.05 225
1812 31.0 49.05 225
1813 31.0 49.05 225
1814 30.95 50.55 90
1815 31.0 49.05 225
1816 30.95 50.55 90
1817 31.0 49.05 225
1818 31.0 49.05 225
1819 30.95 50.55 90
1820 31.0 49.05 225
1821 31.0 49.05 270
1822 30.95 50.65 90
1823 31.0 49.05 270
1824 30.95 50.65 90
1825 31.0 49.05 270
1826 31.0 49.05 270
1827 31.0 49.05 270
1828 30.95 50.95 90
1829 31.0 49.05 270
1830 30.95 51.15 90
1831 31.0 49.05 315
1832 31.0 49.05 315
1833 30.95 56.05 45
1834 31.0 49.05 315
1835 31.0 49.05 315
1836 31.0 49.05 315
1837 31.0 49.05 315
1838 31.0 49.05 315
1839 31.0 49.05 315
1840 31.0 49.05 315
1841 31.0 49.05 315
1842 31.0 49.05 315
1843 30.95 51.65 90
1844 31.0 49.05 315
1845 30.95 51.75 90
1846 31.0 49.05 315
1847 31.0 49.05 315
1848 31.0 49.05 315
1849 31.0 49.05 315
1850 31.0 49.05 315
1851 31.0 49.05 315
1852 31.0 49.05 315
1853 30.95 51.95 90
1854 31.0 49.05 315
1855 31.0 49.05 315
1856 30.95 52.15 90
1857 31.1 60.0 90
1858 30.95 52.25 90
1859 31.0 49.05 315
1860 30.95 52.35 90
1861 31.0 49.05 315
1862 30.95 52.45 90
1863 31.0 49.05 315
1864 30.95 52.55 90
1865 31.0 49.05 315
1866 31.0 49.05 0
1867 31.1 60.0 90
1868 31.0 49.05 0
1869 31.0 49.05 0
1870 31.0 49.05 0
1871 31.0 49.05 0
1872 31.0 49.05 0
1873 31.0 49.05 0
1874 31.0 49.05 0
1875 31.1 60.0 90
1876 31.0 49.05 0
1877 31.0 49.05 0
1878 31.0 49.05 0
1879 31.0 49.05 0
1880 31.0 49.05 0
1881 31.0 49.05 0
1882 31.0 49.05 0
1883 31.0 49.05 0
1884 31.0 49.05 0
1885 31.0 49.05 0
1886 31.0 49.05 0
1887 31.0 49.05 0
1888 31.0 49.05 0
1889 31.0 49.05 0
1890 31.0 49.05 0
1891 30.95 53.45 90
1892 31.0 49.05 0
1893 31.0 49.05 0
1894 31.0 49.05 0
1895 31.0 49.05 0
1896 31.0 49.05 0
1897 31.0 49.05 45
1898 31.0 49.05 45
1899 31.0 49.05 45
1900 31.0 49.05 45
1901 31.0 49.05 45
1902 31.0 49.05 45
1903 31.0 49.05 45
1904 31.0 49.05 45
1905 31.0 49.05 45
1906 31.0 49.05 45
1907 31.0 49.05 45
1908 31.0 49.05 45
1909 31.0 49.05 45
1910 31.0 49.05 45
1911 31.0 49.05 45
1912 31.0 49.05 45
1913 31.0 49.05 45
1914 31.0 49.05 45
1915 31.0 49.05 45
1916 31.0 49.05 45
1917 31.0 49.05 45
1918 31.0 49.05 45
1919 31.0 49.05 45
1920 31.0 49.05 45
1921 30.95 54.05 90
1922 31.0 49.05 45
1923 31.0 49.05 45
1924 31.0 49.05 45
1925 31.0 49.05 45
1926 31.0 49.05 45
1927 31.0 49.05 45
1928 31.0 49.05 45
1929 31.0 49.05 45
1930 31.0 49.05 45
1931 31.0 49.05 45
1932 31.0 49.05 45
1933 31.0 49.05 45
1934 31.0 49.05 45
1935 31.0 49.05 45
1936 31.0 49.05 45
1937 31.0 49.05 45
1938 31.0 49.05 45
1939 31.0 49.05 45
1940 31.0 49.05 45
1941 31.0 49.05 45
1942 31.0 49.05 45
1943 31.0 49.05 45
1944 31.0 49.05 45
1945 31.0 49.05 45
1946 31.0 49.05 45
1947 31.0 49.05 45
1948 31.0 49.05 45
1949 31.0 49.05 45
1950 30.95 54.45 90
1951 31.0 49.05 45
1952 31.0 49.05 45
1953 31.0 49.05 45
1954 31.0 49.05 45
1955 31.0 49.05 45
1956 23.65 44.05 0
1957 31.0 49.05 45
1958 31.0 49.05 45
1959 31.0 49.05 45
1960 31.0 49.05 45
1961 31.0 49.05 45
1962 31.0 49.05 45
1963 31.0 49.05 45
1964 30.95 59.95 90
1965 31.0 49.05 45
1966 31.0 49.05 45
1967 31.0 49.05 45
1968 31.0 49.05 45
1969 31.0 49.05 45
1970 31.0 49.05 45
1971 31.0 49.05 45
1972 31.0 49.05 45
1973 31.0 49.05 45
1974 31.0 49.05 45
1975 31.0 49.05 45
1976 30.95 55.55 90
1977 31.0 49.05 45
1978 31.0 49.05 45
1979 31.0 49.05 45
1980 31.0 49.05 45
1981 31.0 49.05 90
1982 31.0 49.05 90
1983 31.0 49.05 90
1984 31.0 49.05 90
1985 31.0 49.05 90
1986 31.0 49.05 90
1987 31.0 49.05 90
1988 31.0 49.05 90
1989 30.95 49.05 90
1990 30.95 49.15 90
1991 30.95 49.15 90
1992 30.95 49.15 90
1993 30.95 49.25 90
1994 30.95 49.25 90
1995 30.95 49.25 90
1996 30.95 49.35 90
1997 30.95 49.35 90
1998 30.95 49.35 90
1999 30.95 49.35 90
2000 30.95 49.35 90
2001 30.95 49.45 90
2002 30.95 49.45 90
2003 30.95 49.45 90
2004 30.95 49.45 90
2005 30.95 49.45 90
2006 30.95 49.65 90
2007 30.95 49.65 90
2008 30.95 49.65 90
2009 30.95 49.85 90
2010 30.95 49.85 90
2011 30.95 49.85 90
2012 30.95 55.85 90
2013 30.95 49.85 90
2014 30.95 49.85 90
2015 30.95 49.85 90
2016 30.95 49.95 90
2017 30.95 50.05 90
2018 30.95 50.05 90
2019 30.95 50.05 90
2020 30.95 50.05 90
2021 30.95 50.05 90
2022 30.95 50.05 90
2023 30.95 50.05 90
2024 30.95 50.05 90
2025 30.95 50.15 90
2026 30.95 50.15 90
2027 30.95 50.15 90
2028 30.95 50.15 90
2029 30.95 50.15 90
2030 30.95 50.15 90
2031 30.95 50.15 90
2032 30.95 50.15 90
2033 30.95 50.55 0
2034 30.95 50.25 90
2035 30.95 50.25 90
2036 30.95 50.25 90
2037 30.95 50.25 90
2038 30.95 50.25 90
2039 30.95 50.25 90
2040 30.95 50.25 90
2041 30.95 50.25 90
2042 30.95 50.25 90
2043 30.95 50.25 90
2044 30.95 50.25 90
2045 30.95 50.35 90
2046 30.95 50.35 90
2047 30.95 50.35 90
2048 30.95 50.45 90
2049 30.95 50.45 90
2050 30.95 50.45 90
2051 30.95 50.45 90
2052 30.95 50.45 90
2053 30.95 50.45 90
2054 30.95 50.55 90
2055 30.95 50.55 90
2056 30.95 50.55 90
2057 30.95 55.95 90
2058 30.95 50.55 90
2059 30.95 50.55 90
2060 30.95 50.55 90
2061 30.95 50.55 90
2062 30.95 50.55 90
2063 30.95 50.55 90
