572 17.0 26.55 315
587 17.1 26.55 315
599 17.3 26.55 315
615 17.4 26.55 0
628 17.4 26.55 0
634 17.6 26.55 0
652 17.8 26.55 0
662 17.9 26.55 0
676 18.1 26.55 0
685 18.3 26.55 0
701 18.4 26.55 0
707 18.5 26.55 0
718 18.6 26.55 0
730 18.8 26.55 0
752 19.1 26.55 0
765 19.2 26.55 0
776 19.4 26.55 45
808 19.5 26.55 135
893 19.5 26.55 90
907 19.5 26.75 90
924 19.5 26.95 90
942 19.6 27.15 90
957 19.7 27.35 90
964 19.7 27.55 90
1024 19.7 27.65 90
1038 19.7 27.65 90
1049 19.7 27.65 90
1098 19.7 27.65 90
1101 19.7 27.65 90
1108 19.7 27.65 90
1110 19.7 27.75 90
1113 19.7 27.85 90
1119 19.7 27.95 90
1122 19.7 28.05 90
1125 19.7 28.05 90
1130 19.7 28.05 90
1135 19.7 28.15 90
1141 19.7 28.25 90
1144 19.7 28.35 90
1147 19.7 28.45 90
1154 19.7 28.45 90
1165 19.7 28.55 90
1174 19.7 28.65 90
1185 19.7 28.85 90
1192 19.7 29.05 90
1198 19.7 29.25 90
1204 19.7 29.45 90
1210 19.7 29.55 90
1216 19.7 29.75 90
1221 19.7 29.95 90
1227 19.7 30.15 90
1233 19.7 30.35 90
1237 19.7 30.55 90
1245 19.7 30.75 90
1249 19.7 30.95 90
1252 19.7 31.15 90
1254 19.7 31.35 90
1257 19.7 31.55 90
1260 19.7 31.75 90
1263 19.7 31.95 90
1266 19.7 32.15 90
1269 19.7 32.35 90
1272 19.7 32.55 90
1275 19.7 32.75 90
1278 19.7 32.95 90
1281 19.7 33.15 90
1284 19.7 33.35 90
1287 19.6 33.35 90
1289 19.6 33.45 90
1292 19.6 33.55 90
1294 19.6 33.75 90
1298 19.6 33.85 90
1302 19.6 33.95 90
1306 19.6 33.95 90
1313 19.6 34.05 90
1319 19.6 34.25 90
1325 19.6 34.35 90
1329 19.6 34.45 90
1333 19.6 34.55 90
1337 19.6 34.65 90
1341 19.6 34.75 90
1345 19.6 34.85 90
1366 19.7 34.85 90
1370 19.7 34.95 90
1374 19.7 35.15 90
1378 19.7 35.35 90
1382 19.7 35.55 90
1389 19.7 35.85 90
1393 19.7 36.15 90
1403 19.7 36.35 90
1407 19.7 36.55 90
1411 19.7 36.75 90
1415 19.7 36.95 90
1418 19.7 37.15 90
1421 19.7 37.35 90
1427 19.7 37.55 90
1432 19.7 37.75 90
1434 19.7 37.95 90
1436 19.7 38.15 90
1438 19.7 38.35 90
1440 19.7 38.55 90
1442 19.7 38.75 90
1444 19.7 38.95 90
1446 19.7 39.15 90
1448 19.7 39.35 90
1450 19.7 39.55 90
1455 19.7 39.75 90
1459 19.7 39.95 90
1461 19.7 40.15 90
1463 19.7 40.35 90
1466 19.7 40.35 90
1479 19.7 40.45 90
1484 19.7 40.45 90
1486 19.7 40.45 90
1487 19.7 40.55 90
1500 19.7 40.75 90
1507 19.7 40.75 90
1514 19.7 40.85 90
1519 19.7 40.95 90
1521 19.7 41.05 90
1522 19.7 41.15 90
1524 19.7 41.15 90
1529 19.7 41.25 90
1531 19.7 41.35 90
1545 19.7 41.45 90
1550 19.7 41.55 90
1569 19.7 41.65 90
1573 19.7 41.75 90
1577 19.7 41.75 90
1578 19.8 41.85 90
1580 19.8 41.95 90
1581 19.8 41.95 90
1588 19.8 42.05 90
1593 19.8 42.15 90
1601 19.8 42.45 90
1613 19.8 42.65 90
1617 19.8 42.85 90
1621 19.8 42.95 90
1627 19.8 42.95 90
1628 19.8 42.95 90
1632 19.8 42.95 90
1634 19.8 42.95 90
1638 19.8 42.95 90
1639 19.8 42.95 90
1644 19.8 42.95 135
1648 19.8 42.95 135
1654 19.8 42.95 180
1655 19.8 42.95 180
1656 19.8 42.95 180
1657 19.8 42.95 180
1678 19.8 42.95 180
1679 19.8 42.95 180
1680 19.8 42.95 180
1684 19.8 42.95 135
1685 19.8 42.95 135
1696 19.8 42.95 135
1697 19.8 42.95 135
1698 19.8 42.95 135
1703 19.8 42.95 135
1704 19.8 42.95 180
1708 19.8 42.95 180
1709 19.8 42.95 180
1721 19.8 42.95 135
1722 19.8 42.95 135
1723 19.8 42.95 135
1724 19.8 42.95 180
1737 19.8 42.95 135
1739 19.8 42.95 135
1740 19.8 42.95 135
1760 19.8 42.95 135
1762 19.8 42.95 180
1763 19.8 42.95 180
1765 19.8 42.95 180
1767 19.8 42.95 180
1768 19.8 42.95 180
1769 19.8 42.95 180
1770 19.8 42.95 180
1771 19.8 42.95 180
1776 19.7 42.95 180
1777 19.6 42.95 180
1778 19.5 42.95 180
1784 19.5 43.05 180
1788 19.5 43.15 180
1789 19.4 43.15 180
1791 19.4 43.25 180
1792 19.4 43.25 180
1793 19.3 43.25 180
1794 19.2 43.25 180
1796 19.1 43.25 180
1797 19.0 43.35 180
1799 18.9 43.35 180
1801 18.8 43.35 180
1804 18.7 43.45 180
1805 18.7 43.45 180
1806 18.6 43.45 180
1808 18.5 43.55 180
1810 18.4 43.55 180
1815 18.2 43.55 180
1817 18.2 43.55 180
1819 18.1 43.55 180
1823 17.9 43.55 180
1825 17.6 43.55 180
1826 17.4 43.55 180
1827 17.3 43.55 180
1828 17.2 43.55 180
1829 17.1 43.55 180
1830 17.0 43.55 180
1831 16.9 43.55 180
1832 16.8 43.65 180
1833 16.6 43.65 180
1834 16.4 43.65 180
1837 16.3 43.75 180
1838 16.3 43.75 180
1840 16.2 43.75 180
1841 16.1 43.75 180
1843 16.0 43.75 180
1844 16.0 43.75 180
1846 15.9 43.75 180
1848 15.9 43.75 180
1849 15.8 43.75 180
1850 15.7 43.75 180
1853 15.6 43.75 180
1861 15.5 43.75 180
1863 15.4 43.75 180
1866 15.3 43.85 180
1869 15.2 43.85 180
1872 15.1 43.85 180
1874 15.1 43.85 180
1876 15.0 43.85 180
1878 14.9 43.85 180
1879 14.8 43.85 180
1880 14.7 43.85 180
1881 14.7 43.85 180
1884 14.6 43.85 180
1886 14.5 43.85 180
1888 14.4 43.95 180
1890 14.3 43.95 180
1892 14.2 43.95 180
1893 14.1 44.05 180
1899 14.0 44.05 180
1902 13.9 44.05 180
1903 13.7 44.05 180
1908 13.5 44.05 180
1909 13.5 44.05 180
1910 13.5 44.05 180
1912 13.5 44.05 180
1913 13.4 44.05 180
1915 13.3 44.05 180
1916 13.3 44.05 180
1917 13.2 44.05 180
1918 13.1 44.05 180
1919 13.0 44.05 180
1920 12.9 44.05 180
1921 12.9 44.05 180
1924 12.9 44.05 180
1926 12.9 44.05 180
1928 12.8 44.05 180
1930 12.7 44.05 180
1932 12.6 44.05 180
1935 12.5 44.05 180
1938 12.4 44.05 180
1940 12.4 44.05 180
1942 12.3 44.05 180
1944 12.2 44.05 180
1947 12.1 44.05 180
1950 12.0 44.05 180
1951 11.9 44.05 180
1953 11.8 44.05 180
1967 11.6 44.05 180
1978 11.4 44.05 180
1979 11.3 44.05 180
1982 11.2 44.05 180
1985 11.1 44.05 180
1988 11.0 44.05 180
1991 10.9 44.05 180
1994 10.8 44.05 180
2000 10.7 44.05 180
2006 10.6 44.05 180
2013 10.6 44.05 180
2016 10.6 44.05 180
2017 10.5 44.05 180
2018 10.4 44.05 180
2022 10.3 44.05 180
2029 10.2 44.05 180
2034 10.1 44.05 180
2038 10.0 44.05 180
2046 9.9 44.05 180
2052 9.8 44.05 180
2056 9.7 44.05 180
2060 9.6 44.05 180
2063 9.5 44.05 180
2069 9.4 44.05 180
2075 9.2 44.05 180
2078 9.1 44.05 180
2084 8.9 44.05 180
2086 8.7 44.05 180
2089 8.6 44.05 180
2091 8.5 44.05 180
2094 8.4 44.05 180
2097 8.3 44.05 180
2100 8.2 44.05 180
2101 8.1 44.05 180
2103 8.0 44.05 180
2105 7.8 44.05 180
2109 7.6 44.05 180
2115 7.5 44.05 180
2123 7.3 44.05 180
2129 7.2 44.05 180
2140 7.1 44.05 180
2142 7.0 44.05 180
2146 7.0 44.05 180
2147 7.0 44.05 180
2152 7.0 44.05 180
2155 7.0 44.05 180
2158 7.0 44.05 180
2162 7.05 44.05 180
2167 7.05 44.05 180
2173 7.05 44.05 180
2181 7.05 44.05 180
2188 7.05 44.05 180
2194 7.05 44.05 135
2198 7.05 44.05 135
2199 7.05 44.05 135
2200 7.05 44.05 135
2205 7.05 44.05 135
2206 7.05 44.05 135
2209 7.05 44.05 135
2210 7.05 44.05 135
2211 7.05 44.05 135
2212 7.05 44.05 135
2213 7.05 44.05 135
2214 7.05 44.05 135
2216 7.05 44.05 90
2217 7.05 44.05 90
2218 7.05 44.05 90
2219 7.05 44.05 90
2220 7.05 44.05 90
2222 7.05 44.05 90
2223 7.05 44.05 90
2224 7.05 44.05 90
2237 7.05 44.05 90
2238 7.05 44.05 90
2245 7.05 44.05 90
2247 7.05 44.15 90
2252 7.05 44.25 90
2255 7.05 44.35 90
2259 7.05 44.45 90
2260 7.05 44.55 90
2261 7.05 44.65 90
2262 7.05 44.75 90
2265 7.05 44.85 90
2269 7.05 45.05 90
2271 7.05 45.15 90
2274 7.05 45.25 90
2278 7.05 45.35 90
2280 7.05 45.45 90
2283 7.05 45.55 90
2286 7.05 45.65 90
2289 7.05 45.75 90
2302 7.05 45.85 90
2303 7.05 45.95 90
2304 7.05 46.05 90
2305 7.05 46.15 90
2307 7.05 46.25 90
2313 7.05 46.35 90
2316 7.05 46.45 90
2318 7.05 46.55 90
2320 7.05 46.65 90
2323 6.95 46.75 90
2327 6.95 46.85 90
2331 6.95 46.95 90
2332 6.85 47.05 90
2333 6.85 47.15 90
2335 6.75 47.25 90
2336 6.75 47.35 90
2338 6.65 47.45 90
2345 6.55 47.65 90
2346 6.55 47.75 90
2347 6.55 47.85 90
2348 6.55 47.95 90
2351 6.45 48.05 90
2352 6.45 48.15 90
2357 6.35 48.25 90
2361 6.35 48.45 90
2363 6.35 48.55 90
2364 6.35 48.65 90
2368 6.35 48.85 90
2369 6.35 48.95 90
2371 6.35 49.05 90
2372 6.35 49.15 90
2374 6.35 49.25 90
2375 6.35 49.35 90
2376 6.35 49.45 90
2377 6.35 49.55 90
2378 6.35 49.65 90
2380 6.35 49.75 90
2384 6.35 49.85 90
2406 6.35 50.25 90
2411 6.35 50.35 90
2423 6.35 50.45 90
2427 6.35 50.55 90
2431 6.35 50.65 90
2437 6.35 50.85 90
2442 6.35 50.95 90
2446 6.35 51.05 90
2449 6.35 51.15 90
2454 6.35 51.25 90
2461 6.35 51.35 90
2465 6.35 51.45 90
2470 6.35 51.55 90
2476 6.35 51.65 90
2480 6.35 51.75 90
2485 6.35 51.85 90
2499 6.35 51.95 90
2503 6.35 52.05 90
2507 6.35 52.15 90
2513 6.35 52.25 90
2526 6.35 52.35 90
2532 6.35 52.45 90
2536 6.35 52.45 90
2547 6.35 52.45 90
2553 6.35 52.45 45
2568 6.35 52.55 90
2585 6.35 52.75 90
2604 6.35 53.15 90
2612 6.35 53.85 90
2617 6.35 54.35 90
2642 6.35 55.05 90
2706 6.35 55.35 90
2715 6.35 55.95 90
2723 6.35 55.95 90
2729 6.35 56.35 90
2752 6.35 56.75 90
2760 6.35 57.05 90
2780 6.35 57.05 90
2786 6.35 57.05 45
2790 6.35 57.05 45
2807 6.35 57.05 45
2820 6.35 57.05 0
2827 6.35 57.05 0
2835 6.35 57.05 0
2841 6.35 57.05 0
2847 6.35 57.05 0
2855 6.35 57.05 0
2864 6.55 57.05 0
2873 6.75 57.05 0
2884 7.15 57.05 0
2889 7.25 57.05 0
2897 7.65 57.05 0
2905 7.95 57.05 0
2929 8.25 57.05 0
2936 8.65 57.05 0
2947 9.15 57.05 0
2957 9.75 57.05 0
2967 10.25 57.05 0
2975 10.85 57.05 0
2986 11.35 57.05 0
2993 11.85 57.05 0
2999 12.35 57.05 0
3020 12.95 57.05 0
3033 13.45 57.05 0
3050 13.95 57.05 0
3059 14.35 57.05 0
3081 14.75 57.05 0
3094 14.95 57.05 0
3107 15.55 56.95 0
3118 15.85 56.95 0
3127 15.85 56.95 0
3149 16.05 56.95 0
3167 16.35 56.85 0
3175 16.55 56.85 0
3183 16.85 56.85 0
3190 17.35 56.85 0
3197 17.85 56.85 0
3205 18.05 56.75 0
3213 18.65 56.75 0
3225 19.05 56.75 0
3233 19.35 56.75 0
3243 20.05 56.75 0
3251 20.05 56.75 0
3254 20.55 56.8 0
3264 20.75 56.8 0
3290 20.8 56.85 0
3297 20.85 56.8 0
3312 20.9 56.8 0
3332 21.55 56.8 0
3338 21.85 56.75 0
3354 22.0 56.8 0
3366 22.25 56.75 0
3376 22.5 56.7 0
3387 22.95 56.65 0
3399 23.35 56.65 0
3418 23.65 56.65 0
3424 23.95 56.65 0
3429 24.25 56.65 0
3446 24.55 56.65 0
3473 24.85 56.65 0
3493 25.15 56.65 0
3498 25.45 56.65 0
3518 25.75 56.65 0
3519 26.05 56.65 0
3520 26.15 56.65 0
3588 26.35 56.65 0
3594 26.65 56.65 0
3599 26.95 56.65 0
3604 27.25 56.65 0
3609 27.55 56.65 0
3616 27.85 56.65 0
3631 28.35 56.65 0
3652 28.75 56.65 0
3666 29.15 56.65 0
3697 30.15 56.65 0
3715 30.25 56.65 0
3720 30.25 56.65 0
3734 30.25 56.65 0
3741 30.25 56.65 0
3748 30.25 56.65 0
3752 30.25 56.65 315
3757 30.25 56.65 315
3765 30.25 56.65 315
3772 30.25 56.65 315
3777 30.25 56.65 315
3783 30.25 56.65 315
3789 30.25 56.65 315
3801 30.25 56.65 315
3814 30.25 56.65 315
3821 30.25 56.65 315
3834 30.25 56.65 270
3840 30.25 56.65 270
3876 30.25 56.45 270
3887 30.25 56.25 270
3898 30.35 56.05 270
3921 30.55 55.55 270
3927 30.55 55.45 270
3934 30.65 55.15 270
3939 30.65 54.95 270
3953 30.65 54.95 270
3963 30.65 54.65 270
3969 30.65 54.45 270
3975 30.65 53.75 270
3980 30.65 53.25 270
3985 30.75 52.85 270
3991 30.75 52.65 270
3996 30.85 52.35 270
4000 31.05 52.05 270
4011 31.05 51.65 270
4027 31.05 50.95 270
4035 31.05 50.45 270
4069 31.05 49.25 270
4080 31.05 48.65 270
4092 31.05 47.85 270
4098 31.05 47.65 270
4126 31.05 47.05 270
4131 31.05 46.65 270
4142 31.05 46.35 270
4149 31.05 46.05 270
4162 31.05 45.85 270
4170 31.05 45.55 270
4177 31.05 45.05 270
4192 31.05 45.05 270
4214 31.05 45.05 180
4225 31.05 45.05 180
4237 31.05 45.05 180
4245 31.05 45.05 180
4268 30.75 45.05 180
4274 30.15 45.05 180
4288 29.55 45.05 180
4294 28.75 45.05 180
4308 27.95 45.05 180
4315 27.55 45.05 180
4322 27.25 45.05 180
4330 26.95 45.05 180
4354 26.45 45.05 180
4362 26.35 45.05 180
4370 26.05 45.05 180
4378 25.75 45.05 180
4385 25.45 45.05 180
4393 25.15 45.05 180
4404 25.05 45.05 180
4428 24.85 45.05 180
4477 24.65 45.05 180
4485 24.35 45.05 180
4493 23.95 45.05 180
4502 23.55 45.05 180
4518 23.15 45.05 180
4526 23.05 45.05 180
4557 22.55 45.05 180
4574 21.85 45.05 180
4617 21.35 45.05 180
4650 20.75 45.05 180
4721 20.25 45.05 180
4782 20.35 45.05 180
4821 19.95 45.05 270
4834 19.95 45.05 270
4853 19.95 45.05 270
4854 19.95 45.05 270
4864 19.95 45.05 270
4874 19.95 45.05 270
4886 19.95 45.05 270
4919 19.95 45.05 270
5604 20.0 33.1 270
5605 20.0 33.1 270
5606 20.0 33.1 270
