0 9.1 6.2 180
1 9.1 6.2 180
2 9.1 6.2 180
3 9.1 6.2 180
4 9.1 6.2 180
5 9.1 6.2 180
6 9.1 6.2 180
7 9.1 6.2 180
8 9.1 6.2 180
9 9.1 6.2 180
10 9.1 6.2 180
11 9.1 6.2 180
12 9.1 6.2 180
13 9.1 6.2 180
14 9.1 6.2 180
15 9.1 6.2 180
16 9.1 6.2 180
17 9.1 6.2 180
18 9.1 6.2 180
19 9.1 6.2 180
20 9.1 6.2 180
21 9.1 6.2 180
22 9.1 6.2 180
23 9.1 6.2 180
24 9.1 6.2 180
25 9.1 6.2 180
26 9.1 6.2 180
27 9.1 6.2 180
28 9.1 6.2 180
29 9.1 6.2 180
30 9.1 6.2 180
31 9.1 6.2 180
32 9.1 6.2 180
33 9.1 6.2 180
34 9.1 6.2 180
35 9.1 6.2 180
36 9.1 6.2 180
37 9.1 6.2 180
38 9.1 6.2 180
39 9.1 6.2 180
40 9.1 6.2 180
41 9.1 6.2 180
42 9.1 6.2 180
43 9.1 6.2 180
44 9.1 6.2 180
45 9.1 6.2 180
46 9.1 6.2 180
47 9.1 6.2 180
48 9.1 6.2 180
49 9.1 6.2 180
50 9.1 6.2 180
51 9.1 6.2 180
52 9.1 6.2 180
53 9.1 6.2 180
54 9.1 6.2 180
55 9.1 6.2 180
56 9.1 6.2 180
57 9.1 6.2 180
58 9.1 6.2 180
59 9.1 6.2 180
60 9.1 6.2 180
61 9.1 6.2 180
62 9.1 6.2 180
63 8.9 6.2 180
64 8.8 6.2 180
65 8.8 6.2 180
66 8.6 6.2 180
67 8.6 6.2 180
68 8.5 6.2 180
69 8.5 6.2 180
70 8.4 6.2 180
71 8.4 6.2 180
72 8.4 6.2 180
73 8.4 6.2 180
74 8.4 6.2 180
75 8.4 6.2 180
76 8.4 6.2 180
77 8.3 6.2 180
78 8.3 6.2 180
79 8.3 6.2 180
80 8.2 6.2 180
81 8.2 6.2 180
82 8.2 6.2 180
83 8.2 6.2 180
84 8.2 6.2 180
85 8.2 6.2 180
86 8.2 6.2 180
87 8.2 6.2 180
88 8.2 6.2 180
89 8.1 6.3 180
90 8.1 6.3 180
91 8.0 6.4 180
92 8.0 6.4 180
93 7.9 6.5 180
94 7.9 6.5 180
95 7.9 6.5 180
96 7.9 6.5 135
97 7.9 6.5 135
98 7.9 6.5 135
99 7.9 6.5 135
100 7.9 6.5 135
101 7.9 6.5 135
102 7.9 6.5 135
103 7.9 6.5 135
104 7.9 6.5 135
105 7.9 6.5 135
106 7.8 6.6 135
107 7.8 6.6 135
108 7.7 6.6 135
109 7.7 6.6 135
110 7.6 6.7 135
111 7.6 6.7 135
112 7.6 6.7 135
113 7.6 6.7 135
114 7.6 6.7 135
115 7.6 6.7 135
116 7.6 6.7 135
117 7.6 6.7 135
118 7.5 6.8 135
119 7.5 6.8 135
120 7.5 6.8 135
121 7.5 6.8 135
122 7.5 6.8 135
123 7.5 6.8 135
124 7.5 6.8 135
125 7.5 6.8 135
126 7.5 6.8 135
127 7.5 6.8 135
128 7.5 6.8 135
129 7.3 6.8 135
130 7.3 6.8 135
131 7.2 6.9 135
132 7.2 6.9 135
133 7.0 7.0 135
134 7.0 7.0 135
135 6.9 7.0 135
136 6.9 7.0 135
137 6.9 7.0 135
138 6.9 7.0 135
139 6.9 7.0 135
140 6.9 7.0 135
141 6.9 7.0 135
142 6.9 7.0 135
143 6.9 7.0 135
144 6.9 7.0 135
145 6.8 7.0 135
146 6.8 7.0 135
147 6.7 7.0 135
148 6.7 7.0 135
149 6.7 7.0 135
150 6.7 7.0 135
151 6.6 7.0 135
152 6.6 7.1 135
153 6.6 7.1 135
154 6.5 7.2 135
155 6.5 7.2 135
156 6.4 7.2 135
157 6.4 7.2 135
158 6.3 7.2 135
159 6.3 7.2 135
160 6.3 7.2 135
161 6.3 7.2 135
162 6.3 7.2 135
163 6.3 7.2 135
164 6.3 7.2 90
165 6.3 7.2 90
166 6.3 7.2 90
167 6.3 7.2 90
168 6.3 7.2 90
169 6.3 7.2 90
170 6.3 7.2 90
171 6.3 7.2 90
172 6.3 7.2 90
173 6.3 7.2 90
174 6.3 7.2 90
175 6.3 7.2 90
176 6.3 7.2 90
177 6.3 7.2 90
178 6.3 7.2 90
179 6.3 7.2 90
180 6.3 7.2 90
181 6.3 7.2 90
182 6.3 7.2 90
183 6.3 7.2 90
184 6.3 7.2 90
185 6.3 7.2 90
186 6.3 7.3 90
187 6.3 7.3 90
188 6.3 7.4 90
189 6.3 7.4 90
190 6.3 7.4 90
191 6.3 7.5 90
192 6.3 7.5 90
193 6.3 7.5 90
194 6.3 7.5 90
195 6.3 7.5 90
196 6.3 7.5 135
197 6.3 7.5 135
198 6.3 7.5 135
199 6.3 7.5 135
200 6.3 7.5 135
201 6.4 7.5 135
202 6.5 7.5 135
203 6.5 7.5 135
204 6.5 7.5 135
205 6.5 7.5 135
206 6.5 7.5 135
207 6.5 7.5 135
208 6.4 7.6 135
209 6.4 7.6 135
210 6.3 7.7 135
211 6.3 7.7 135
212 6.3 7.7 135
213 6.3 7.7 135
214 6.3 7.7 135
215 6.3 7.7 135
216 6.3 7.8 135
217 6.3 7.8 135
218 6.3 7.8 135
219 6.3 7.8 135
220 6.2 7.9 135
221 6.2 7.9 135
222 6.2 7.9 135
223 6.2 7.9 135
224 6.2 7.9 135
225 6.2 8.2 135
226 6.2 8.2 135
227 6.2 8.2 90
228 6.2 8.2 90
229 6.2 8.2 90
230 6.2 8.2 90
231 6.2 8.2 90
232 6.2 8.2 135
233 6.2 8.2 135
234 6.2 8.3 135
235 6.2 8.3 135
236 6.1 8.4 135
237 6.1 8.4 135
238 6.1 8.4 90
239 6.1 8.4 90
240 6.1 8.4 90
241 6.1 8.4 90
242 6.1 8.4 90
243 6.1 8.4 90
244 6.1 8.4 90
245 6.1 8.4 90
246 6.1 8.4 90
247 6.1 8.4 90
248 6.1 8.4 90
249 6.1 8.4 90
250 6.1 8.4 90
251 6.1 8.4 90
252 6.1 8.4 90
253 6.1 8.4 90
254 6.1 8.4 90
255 6.1 8.4 90
256 6.1 8.4 90
257 6.1 8.4 90
258 6.1 8.4 90
259 6.1 8.4 90
260 6.1 8.4 90
261 6.1 8.4 90
262 6.1 8.6 90
263 6.1 8.7 90
264 6.1 8.8 90
265 6.1 8.8 90
266 6.1 8.9 90
267 6.1 8.9 90
268 6.1 9.2 90
269 6.1 9.4 90
270 6.1 9.5 90
271 6.1 9.5 90
272 6.1 9.5 90
273 6.1 9.7 90
274 6.1 9.9 90
275 6.1 9.9 90
276 6.1 9.9 90
277 6.1 9.9 90
278 6.1 9.9 90
279 6.1 9.9 90
280 6.1 9.9 90
281 6.1 10.1 90
282 6.1 10.1 90
283 6.1 10.4 90
284 6.1 10.4 90
285 6.1 10.7 90
286 6.1 10.7 90
287 6.1 10.7 90
288 6.1 10.7 90
289 6.1 10.8 90
290 6.1 10.8 90
291 6.1 10.8 90
292 6.1 10.8 90
293 6.1 11.1 90
294 6.1 11.1 90
295 6.1 11.1 90
296 6.1 11.1 90
297 6.1 11.1 90
298 6.1 11.1 90
299 6.1 11.4 90
300 6.1 11.7 90
301 6.1 11.7 90
302 6.1 12.0 90
303 6.1 12.3 90
304 6.1 12.3 90
305 6.1 12.3 90
306 6.1 12.3 90
307 6.1 12.3 90
308 6.1 12.3 90
309 6.1 12.3 90
310 6.1 12.3 90
311 6.1 12.3 90
312 6.1 12.3 90
313 6.1 12.3 90
314 6.1 12.3 90
315 6.1 12.3 90
316 6.1 12.3 90
317 6.1 12.5 90
318 6.1 12.5 90
319 6.1 12.7 90
320 6.1 12.7 90
321 6.1 12.9 90
322 6.1 12.9 90
323 6.1 12.9 90
324 6.1 13.0 90
325 6.1 13.0 90
326 6.1 13.0 90
327 6.1 13.0 90
328 6.1 13.0 90
329 6.1 13.0 90
330 6.1 13.0 90
331 6.1 13.0 90
332 6.1 13.0 90
333 6.1 13.1 90
334 6.1 13.2 90
335 6.1 13.3 90
336 6.1 13.3 90
337 6.1 13.4 90
338 6.1 13.4 90
339 6.1 13.4 90
340 6.1 13.4 90
341 6.1 13.5 90
342 6.1 13.5 90
343 6.1 13.5 90
344 6.1 13.5 90
345 6.1 13.6 90
346 6.1 13.6 90
347 6.1 13.6 90
348 6.1 13.6 90
349 6.1 13.7 90
350 6.1 13.7 90
351 6.1 13.7 90
352 6.1 13.8 90
353 6.1 13.8 90
354 6.1 13.8 90
355 6.1 13.8 90
356 6.1 13.8 90
357 6.1 13.8 90
358 6.1 13.8 90
359 6.1 13.9 90
360 6.1 13.9 90
361 6.1 13.9 90
362 6.1 13.9 90
363 6.1 13.9 90
364 6.1 13.9 90
365 6.1 13.9 90
366 6.1 13.9 90
367 6.1 13.9 90
368 6.1 13.9 90
369 6.1 13.9 90
370 6.1 13.9 90
371 6.1 14.1 90
372 6.1 14.1 90
373 6.1 14.1 90
374 6.1 14.1 90
375 6.1 14.1 90
376 6.1 14.1 90
377 6.1 14.4 90
378 6.1 14.4 90
379 6.1 14.7 90
380 6.1 14.7 90
381 6.1 14.7 90
382 6.1 15.0 90
383 6.1 15.0 90
384 6.1 15.0 90
385 6.1 15.2 90
386 6.1 15.2 90
387 6.1 15.2 90
388 6.1 15.5 90
389 6.1 15.6 90
390 6.1 15.6 90
391 6.1 15.8 90
392 6.1 15.8 90
393 6.1 15.8 90
394 6.1 16.1 90
395 6.1 16.1 90
396 6.1 16.1 90
397 6.1 16.1 90
398 6.1 16.1 90
399 6.1 16.1 90
400 6.1 16.3 90
401 6.1 16.3 90
402 6.1 16.5 90
403 6.1 16.5 90
404 6.1 16.7 90
405 6.1 16.7 90
406 6.1 16.9 90
407 6.1 16.9 90
408 6.1 17.0 90
409 6.1 17.0 90
410 6.1 17.0 90
411 6.1 17.0 90
412 6.1 17.0 90
413 6.1 17.0 90
414 6.1 17.0 90
415 6.1 17.0 90
416 6.1 17.2 90
417 6.1 17.4 90
418 6.1 17.4 90
419 6.1 17.4 90
420 6.1 17.4 90
421 6.1 17.4 90
422 6.1 17.4 90
423 6.1 17.4 90
424 6.1 17.6 90
425 6.1 17.8 90
426 6.1 17.8 90
427 6.1 18.0 90
428 6.1 18.0 90
429 6.1 18.1 90
430 6.1 18.1 90
431 6.1 18.3 90
432 6.1 18.3 90
433 6.1 18.3 90
434 6.1 18.3 90
435 6.1 18.3 90
436 6.1 18.5 90
437 6.1 18.5 90
438 6.1 18.5 90
439 6.1 18.5 90
440 6.1 18.5 90
441 6.1 18.6 90
442 6.1 18.6 90
443 6.1 18.6 90
444 6.1 18.9 90
445 6.1 18.9 90
446 6.1 18.9 90
447 6.1 18.9 90
448 6.1 18.9 90
449 6.1 19.0 90
450 6.1 19.0 90
451 6.1 19.3 90
452 6.1 19.3 90
453 6.1 19.3 90
454 6.1 19.5 90
455 6.1 19.5 90
456 6.1 19.5 90
457 6.1 19.6 90
458 6.1 19.6 90
459 6.1 19.6 90
460 6.1 19.6 90
461 6.1 19.6 90
462 6.1 19.9 90
463 6.1 19.9 90
464 6.1 20.1 90
465 6.1 20.1 90
466 6.1 20.1 90
467 6.1 20.1 90
468 6.1 20.3 90
469 6.1 20.3 90
470 6.1 20.3 90
471 6.1 20.3 90
472 6.1 20.3 90
473 6.1 20.3 90
474 6.1 20.3 90
475 6.1 20.3 90
476 6.1 20.3 90
477 6.1 20.3 90
478 6.1 20.3 90
479 6.1 20.3 90
480 6.1 20.3 90
481 6.1 20.3 90
482 6.1 20.5 90
483 6.1 20.5 90
484 6.1 20.7 90
485 6.1 20.7 90
486 6.1 20.7 90
487 6.1 20.7 90
488 6.1 20.7 90
489 6.1 20.7 90
490 6.1 20.7 90
491 6.1 20.7 90
492 6.1 20.7 90
493 6.1 20.7 90
494 6.1 20.9 90
495 6.1 20.9 90
496 6.1 20.9 90
497 6.1 20.9 90
498 6.1 20.9 90
499 6.1 20.9 90
500 6.1 20.9 90
501 6.1 20.9 90
502 6.1 20.9 90
503 6.1 20.9 90
504 6.1 20.9 90
505 6.1 20.9 90
506 6.1 20.9 90
507 6.1 20.9 90
508 6.1 21.2 90
509 6.1 21.4 90
510 6.1 21.4 90
511 6.1 21.6 90
512 6.1 21.6 90
513 6.1 21.8 90
514 6.1 21.8 90
515 6.1 21.8 90
516 6.1 21.8 90
517 6.1 22.0 90
518 6.1 22.0 90
519 6.1 22.2 90
520 6.1 22.2 90
521 6.1 22.4 90
522 6.1 22.4 90
523 6.1 22.6 90
524 6.1 22.6 90
525 6.1 22.8 90
526 6.1 22.8 90
527 6.1 23.0 90
528 6.1 23.0 90
529 6.1 23.2 90
530 6.1 23.2 90
531 6.1 23.2 90
532 6.1 23.2 90
533 6.1 23.2 90
534 6.1 23.2 90
535 6.1 23.2 90
536 6.1 23.2 90
537 6.1 23.2 90
538 6.1 23.2 90
539 6.1 23.2 90
540 6.1 23.2 90
541 6.1 23.2 90
542 6.1 23.2 90
543 6.1 23.3 90
544 6.1 23.3 90
545 6.1 23.3 90
546 6.1 23.5 90
547 6.1 23.5 90
548 6.1 23.5 90
549 6.1 23.5 90
550 6.1 23.5 90
551 6.1 23.5 90
552 6.1 23.5 90
553 6.1 23.5 90
554 6.1 23.5 90
555 6.1 23.5 90
556 6.1 23.5 90
557 6.1 23.5 90
558 6.1 23.5 90
559 6.1 23.5 90
560 6.1 23.8 90
561 6.1 23.8 90
562 6.1 23.8 90
563 6.1 23.8 90
564 6.1 23.8 90
565 6.1 23.8 90
566 6.1 24.1 90
567 6.1 24.1 90
568 6.1 24.1 90
569 6.1 24.1 90
570 6.1 24.1 90
571 6.1 24.1 90
572 6.1 24.1 90
573 6.1 24.1 90
574 6.1 24.4 90
575 6.1 24.4 90
576 6.1 24.4 90
577 6.1 24.4 90
578 6.1 24.4 90
579 6.1 24.4 90
580 6.1 24.4 90
581 6.1 24.4 90
582 6.1 24.6 90
583 6.1 24.6 90
584 6.1 24.6 90
585 6.1 24.6 90
586 6.1 24.6 90
587 6.1 24.6 90
588 6.1 24.6 90
589 6.1 24.8 90
590 6.1 24.8 90
591 6.1 24.8 90
592 6.1 24.8 90
593 6.1 24.8 90
594 6.1 24.8 90
595 6.1 24.8 90
596 6.1 24.8 90
597 6.1 24.8 90
598 6.1 24.8 90
599 6.1 24.8 90
600 6.1 24.8 90
601 6.1 24.8 90
602 6.1 24.8 90
603 6.1 24.8 90
604 6.1 24.8 90
605 6.1 24.8 90
606 6.1 24.8 90
607 6.1 25.0 90
608 6.1 25.0 90
609 6.1 25.0 90
610 6.1 25.2 90
611 6.1 25.4 90
612 6.1 25.4 90
613 6.1 25.5 90
614 6.1 25.7 90
615 6.1 25.8 90
616 6.1 25.9 90
617 6.1 26.1 90
618 6.1 26.1 90
619 6.1 26.1 90
620 6.1 26.1 90
621 6.1 26.4 90
622 6.1 26.4 90
623 6.1 26.4 90
624 6.1 26.5 90
625 6.1 26.6 90
626 6.1 26.6 90
627 6.1 26.7 90
628 6.1 26.7 90
629 6.1 26.7 90
630 6.1 26.7 90
631 6.1 26.7 90
632 6.1 26.7 90
633 6.1 26.9 90
634 6.1 26.9 90
635 6.1 27.0 90
636 6.1 27.0 90
637 6.1 27.1 90
638 6.1 27.1 90
639 6.1 27.2 90
640 6.1 27.2 90
641 6.1 27.4 90
642 6.1 27.4 90
643 6.1 27.5 90
644 6.1 27.5 90
645 6.1 27.6 90
646 6.1 27.6 90
647 6.1 27.7 90
648 6.1 27.7 90
649 6.1 27.8 90
650 6.1 27.8 90
651 6.1 27.9 90
652 6.1 27.9 90
653 6.1 28.0 90
654 6.1 28.0 90
655 6.1 28.0 90
656 6.1 28.0 90
657 6.1 28.0 90
658 6.1 28.0 90
659 6.1 28.0 90
660 6.1 28.0 90
661 6.1 28.0 90
662 6.1 28.0 90
663 6.1 28.0 90
664 6.1 28.0 90
665 6.1 28.0 90
666 6.1 28.0 90
667 6.1 28.0 90
668 6.1 28.0 90
669 6.1 28.0 90
670 6.1 28.0 90
671 6.1 28.3 90
672 6.1 28.5 90
673 6.1 28.5 90
674 6.1 28.6 90
675 6.1 28.6 90
676 6.1 28.8 90
677 6.1 28.8 90
678 6.1 29.0 90
679 6.1 29.0 90
680 6.1 29.0 90
681 6.1 29.2 90
682 6.1 29.3 90
683 6.1 29.3 90
684 6.1 29.5 90
685 6.1 29.5 90
686 6.1 29.5 90
687 6.1 29.6 90
688 6.1 29.6 90
689 6.1 29.7 90
690 6.1 29.7 90
691 6.1 29.7 90
692 6.1 29.8 90
693 6.1 29.8 90
694 6.1 29.8 90
695 6.1 29.8 90
696 6.1 29.8 90
697 6.1 29.8 90
698 6.1 29.8 90
699 6.1 30.0 90
700 6.1 30.2 90
701 6.1 30.3 90
702 6.1 30.3 90
703 6.1 30.4 90
704 6.1 30.4 90
705 6.1 30.4 90
706 6.1 30.5 90
707 6.1 30.5 90
708 6.1 30.7 90
709 6.1 30.8 90
710 6.1 30.8 90
711 6.1 31.2 90
712 6.1 31.2 90
713 6.1 31.2 90
714 6.1 31.2 90
715 6.1 31.4 90
716 6.1 31.4 90
717 6.1 31.4 90
718 6.1 31.5 90
719 6.1 31.5 90
720 6.1 31.6 90
721 6.1 31.6 90
722 6.1 31.7 90
723 6.1 31.7 90
724 6.1 31.7 90
725 6.1 32.1 90
726 6.1 32.1 90
727 6.1 32.4 90
728 6.1 32.6 90
729 6.1 32.6 90
730 6.1 32.8 90
731 6.1 32.8 90
732 6.1 33.0 90
733 6.1 33.1 90
734 6.1 33.1 90
735 6.1 33.1 90
736 6.1 33.1 90
737 6.1 33.3 90
738 6.1 33.3 90
739 6.1 33.3 90
740 6.1 33.5 90
741 6.1 33.5 90
742 6.1 33.6 90
743 6.1 33.6 90
744 6.1 33.6 90
745 6.1 33.8 90
746 6.1 33.8 90
747 6.1 33.8 90
748 6.1 33.8 90
749 6.1 34.0 90
750 6.1 34.0 90
751 6.1 34.0 90
752 6.1 34.1 90
753 6.1 34.1 90
754 6.1 34.1 90
755 6.1 34.4 90
756 6.1 34.4 90
757 6.1 34.7 90
758 6.1 35.0 90
759 6.1 35.2 90
760 6.1 35.4 90
761 6.1 35.4 90
762 6.1 35.4 90
763 6.1 35.4 90
764 6.1 35.4 90
765 6.1 35.6 90
766 6.1 35.6 90
767 6.1 35.7 90
768 6.1 35.7 90
769 6.1 35.9 90
770 6.1 35.9 90
771 6.1 35.9 90
772 6.1 36.0 90
773 6.1 36.0 90
774 6.1 36.1 90
775 6.1 36.1 90
776 6.1 36.2 90
777 6.1 36.2 90
778 6.1 36.3 90
779 6.1 36.3 90
780 6.1 36.3 90
781 6.1 36.3 90
782 6.1 36.3 90
783 6.1 36.3 90
784 6.1 36.3 90
785 6.1 36.4 90
786 6.1 36.4 90
787 6.1 36.4 90
788 6.1 36.4 90
789 6.1 36.4 90
790 6.1 36.4 90
791 6.1 36.4 90
792 6.1 36.1 90
793 6.1 36.1 90
794 6.1 36.1 90
795 6.1 36.1 90
796 6.1 36.1 90
797 6.1 36.1 90
798 6.1 36.1 90
799 6.1 36.1 90
800 6.1 36.1 90
801 6.1 36.1 90
802 6.1 36.3 90
803 6.1 36.5 90
804 6.1 36.5 90
805 6.1 36.7 90
806 6.1 36.7 90
807 6.1 36.9 90
808 6.1 36.9 90
809 6.1 37.0 90
810 6.1 37.0 90
811 6.1 37.0 90
812 6.1 37.0 90
813 6.1 37.0 90
814 6.1 37.0 90
815 6.1 37.0 90
816 6.1 37.0 90
817 6.1 37.0 90
818 6.1 37.0 90
819 6.1 37.0 90
820 6.1 37.0 90
821 6.1 37.0 90
822 6.1 37.0 90
823 6.1 37.0 90
824 6.1 37.0 90
825 6.1 37.0 90
826 6.1 37.2 90
827 6.1 37.2 90
828 6.1 37.2 90
829 6.1 37.3 90
830 6.1 37.3 90
831 6.1 37.3 90
832 6.1 37.3 90
833 6.1 37.3 90
834 6.1 37.3 90
835 6.1 37.3 90
836 6.1 37.3 90
837 6.1 37.3 90
838 6.1 37.3 90
839 6.1 37.3 90
840 6.1 37.3 90
841 6.1 37.3 90
842 6.1 37.3 90
843 6.1 37.3 90
844 6.1 37.3 90
845 6.1 37.3 90
846 6.1 37.3 90
847 6.1 37.3 90
848 6.1 37.5 90
849 6.1 37.6 90
850 6.1 37.6 90
851 6.1 37.7 90
852 6.1 37.7 90
853 6.1 37.7 90
854 6.1 37.8 90
855 6.1 37.8 90
856 6.1 37.9 90
857 6.1 38.0 90
858 6.1 38.0 90
859 6.1 38.1 90
860 6.1 38.1 90
861 6.1 38.2 90
862 6.1 38.2 90
863 6.1 38.2 90
864 6.1 38.3 90
865 6.1 38.4 90
866 6.1 38.4 90
867 6.1 38.4 90
868 6.1 38.5 90
869 6.1 38.5 90
870 6.1 38.6 90
871 6.1 38.7 90
872 6.1 38.7 90
873 6.1 38.7 90
874 6.1 38.8 90
875 6.1 38.8 90
876 6.1 38.9 90
877 6.1 38.9 90
878 6.1 38.9 90
879 6.1 39.0 90
880 6.1 39.0 90
881 6.1 39.2 90
882 6.1 39.2 90
883 6.1 39.3 90
884 6.1 39.3 90
885 6.1 39.4 90
886 6.1 39.4 90
887 6.1 39.4 90
888 6.1 39.5 90
889 6.1 39.5 90
890 6.1 39.6 90
891 6.1 39.6 90
892 6.1 39.7 90
893 6.1 39.7 90
894 6.1 39.7 90
895 6.1 39.7 90
896 6.1 39.7 90
897 6.1 39.8 90
898 6.1 39.8 90
899 6.1 39.9 90
900 6.1 39.9 90
901 6.1 40.0 90
902 6.1 40.0 90
903 6.1 40.0 90
904 6.1 40.0 90
905 6.1 40.0 90
906 6.1 40.0 90
907 6.1 40.0 90
908 6.1 40.5 90
909 6.1 40.7 90
910 6.1 40.7 90
911 6.1 41.0 90
912 6.1 41.1 90
913 6.1 41.1 90
914 6.1 41.1 90
915 6.1 41.4 90
916 6.1 41.4 90
917 6.1 41.4 90
918 6.1 41.4 90
919 6.1 41.4 90
920 6.1 41.4 90
921 6.1 41.4 90
922 6.1 41.4 90
923 6.1 41.4 90
924 6.1 41.4 90
925 6.1 41.4 90
926 6.1 41.4 90
927 6.1 41.4 90
928 6.1 41.4 90
929 6.1 41.5 90
930 6.1 41.5 90
931 6.1 41.7 90
932 6.1 41.7 90
933 6.1 42.0 90
934 6.1 42.0 90
935 6.1 42.0 90
936 6.1 42.2 90
937 6.1 42.2 90
938 6.1 42.6 90
939 6.1 42.6 90
940 6.1 42.6 90
941 6.1 42.9 90
942 6.1 42.9 90
943 6.1 43.3 90
944 6.1 43.3 90
945 6.1 43.3 90
946 6.1 43.3 90
947 6.1 43.6 90
948 6.1 43.6 90
949 6.1 43.6 90
950 6.1 43.8 90
951 6.1 43.8 90
952 6.1 43.8 90
953 6.1 43.8 90
954 6.1 43.8 90
955 6.1 43.8 90
956 6.1 43.8 90
957 6.1 43.8 90
958 6.1 43.8 90
959 6.1 43.8 90
960 6.1 43.8 90
961 6.1 43.8 90
962 6.1 43.8 90
963 6.1 43.8 90
964 6.1 43.8 90
965 6.1 43.8 90
966 6.1 43.8 90
967 6.1 43.8 90
968 6.1 43.8 90
969 6.1 43.8 90
970 6.1 43.8 90
971 6.1 43.8 90
972 6.1 43.8 90
973 6.1 43.8 90
974 6.1 43.8 90
975 6.1 43.8 90
976 6.1 43.8 90
977 6.1 43.8 90
978 6.1 43.8 90
979 6.1 43.8 90
980 6.1 43.8 90
981 6.1 43.8 90
982 6.1 43.8 90
983 6.1 43.8 90
984 6.1 43.8 90
985 6.1 43.8 90
986 6.1 43.8 90
987 6.1 43.8 90
988 6.1 43.8 90
989 6.1 43.8 90
990 6.1 43.8 90
991 6.1 43.8 90
992 6.1 43.8 90
993 6.1 43.8 90
994 6.1 43.8 90
995 6.1 43.8 90
996 6.1 43.8 90
997 6.1 43.8 90
998 6.1 43.9 90
999 6.1 43.9 90
1000 6.1 43.9 90
1001 6.1 43.9 90
1002 6.1 43.9 90
1003 6.1 43.9 90
1004 6.1 43.9 90
1005 6.1 43.9 90
1006 6.1 43.9 90
1007 6.1 43.9 90
1008 6.1 43.9 90
1009 6.1 43.9 90
1010 6.1 43.9 90
1011 6.1 43.9 90
1012 6.1 43.9 90
1013 6.1 43.9 90
1014 6.1 43.9 45
1015 6.1 43.9 45
1016 6.1 43.9 45
1017 6.1 43.9 45
1018 6.1 43.9 45
1019 6.1 43.9 45
1020 6.1 43.9 45
1021 6.1 43.9 45
1022 6.1 43.9 45
1023 6.1 43.9 45
1024 6.1 43.9 45
1025 6.1 43.9 45
1026 6.1 43.9 45
1027 6.1 43.9 45
1028 6.1 43.9 45
1029 6.1 43.9 0
1030 6.1 43.9 0
1031 6.1 43.9 0
1032 6.1 43.9 0
1033 6.1 43.9 0
1034 6.1 43.9 0
1035 6.1 43.9 0
1036 6.1 43.9 0
1037 6.1 43.9 0
1038 6.1 43.9 0
1039 6.1 43.9 0
1040 6.1 43.9 0
1041 6.1 43.9 0
1042 6.1 43.9 0
1043 6.1 43.9 0
1044 6.1 43.9 0
1045 6.1 43.9 0
1046 6.1 43.9 0
1047 6.1 43.9 0
1048 6.1 43.9 0
1049 6.1 43.9 0
1050 6.1 43.9 0
1051 6.1 43.9 0
1052 6.1 43.9 0
1053 6.1 43.9 0
1054 6.1 43.9 0
1055 6.1 43.9 0
1056 6.1 43.9 0
1057 6.1 43.9 0
1058 6.2 43.9 0
1059 6.2 43.9 0
1060 6.2 43.9 0
1061 6.4 43.9 0
1062 6.4 43.9 0
1063 6.4 43.9 0
1064 6.4 43.9 0
1065 6.6 43.9 0
1066 6.7 43.9 0
1067 6.8 43.9 0
1068 7.1 43.9 0
1069 7.1 43.9 0
1070 7.3 43.9 0
1071 7.3 43.9 0
1072 7.5 43.9 0
1073 7.5 43.9 0
1074 7.7 43.9 0
1075 7.8 43.9 0
1076 7.8 43.9 0
1077 8.0 43.9 0
1078 8.1 43.9 0
1079 8.3 43.9 0
1080 8.3 43.9 0
1081 8.3 43.9 0
1082 8.5 43.9 0
1083 8.5 43.9 0
1084 8.8 43.9 0
1085 9.0 43.9 0
1086 9.1 43.9 0
1087 9.4 43.9 0
1088 9.4 43.9 0
1089 9.4 43.9 0
1090 9.4 43.9 0
1091 9.4 43.9 0
1092 9.4 43.9 0
1093 9.4 43.9 0
1094 9.6 43.9 0
1095 9.6 43.9 0
1096 9.6 43.9 0
1097 9.6 43.9 0
1098 9.8 43.9 0
1099 9.8 43.9 0
1100 10.1 43.9 0
1101 10.1 43.9 0
1102 10.4 43.9 0
1103 10.4 43.9 0
1104 10.7 43.9 0
1105 10.7 43.9 0
1106 11.0 43.9 0
1107 11.0 43.9 0
1108 11.3 43.9 0
1109 11.3 43.9 0
1110 11.6 43.9 0
1111 11.6 43.9 0
1112 11.9 43.9 0
1113 11.9 43.9 0
1114 11.9 43.9 0
1115 11.9 43.9 0
1116 11.9 43.9 0
1117 11.9 43.9 0
1118 11.9 43.9 0
1119 11.9 43.9 0
1120 11.9 43.9 0
1121 11.9 43.9 0
1122 11.9 43.9 0
1123 11.9 43.9 0
1124 12.1 43.9 0
1125 12.1 43.9 0
1126 12.3 43.9 0
1127 12.3 43.9 0
1128 12.5 43.9 0
1129 12.5 43.9 0
1130 12.7 43.9 0
1131 12.7 43.9 0
1132 12.9 43.9 0
1133 12.9 43.9 0
1134 13.1 43.9 0
1135 13.1 43.9 0
1136 13.3 43.9 0
1137 13.3 43.9 0
1138 13.5 43.9 0
1139 13.5 43.9 0
1140 13.7 43.9 0
1141 13.7 43.9 0
1142 13.9 43.9 0
1143 13.9 43.9 0
1144 13.9 43.9 0
1145 13.9 43.9 0
1146 13.9 43.9 0
1147 13.9 43.9 0
1148 13.9 43.9 0
1149 13.9 43.9 0
1150 13.9 43.9 0
1151 13.9 43.9 0
1152 13.9 43.9 0
1153 13.9 43.9 0
1154 13.9 43.9 0
1155 13.9 43.9 0
1156 13.9 43.9 0
1157 13.9 43.9 0
1158 13.9 43.9 0
1159 13.9 43.9 0
1160 13.9 43.9 0
1161 13.9 43.9 0
1162 13.9 43.9 0
1163 13.9 43.9 0
1164 13.9 43.9 0
1165 13.9 43.9 0
1166 13.9 43.9 0
1167 13.9 43.9 0
1168 13.9 43.9 0
1169 14.1 43.9 0
1170 14.1 43.9 0
1171 14.1 43.9 0
1172 14.2 43.9 0
1173 14.2 43.9 0
1174 14.2 43.9 0
1175 14.6 43.9 0
1176 14.6 43.9 0
1177 14.6 43.9 0
1178 14.6 43.9 0
1179 14.6 43.9 0
1180 14.6 43.9 0
1181 14.6 43.9 0
1182 14.6 43.9 0
1183 14.8 43.9 0
1184 14.8 43.9 0
1185 14.9 43.9 0
1186 14.9 43.9 0
1187 15.1 43.9 0
1188 15.1 43.9 0
1189 15.2 43.9 0
1190 15.3 43.9 0
1191 15.3 43.9 0
1192 15.4 43.9 0
1193 15.4 43.9 0
1194 15.4 43.9 0
1195 15.4 43.9 0
1196 15.4 43.9 0
1197 15.7 43.9 0
1198 15.7 43.9 0
1199 15.8 43.9 0
1200 15.8 43.9 0
1201 15.8 43.9 0
1202 15.9 43.9 0
1203 15.9 43.9 0
1204 15.9 43.9 0
1205 15.9 43.9 0
1206 16.2 43.9 0
1207 16.2 43.9 0
1208 16.6 43.9 0
1209 16.6 43.9 0
1210 16.7 43.9 0
1211 16.8 43.9 0
1212 16.8 43.9 0
1213 16.9 43.9 0
1214 16.9 43.9 0
1215 16.9 43.9 0
1216 17.1 43.9 0
1217 17.1 43.9 0
1218 17.1 43.9 0
1219 17.3 43.9 0
1220 17.3 43.9 0
1221 17.3 43.9 0
1222 17.3 43.9 0
1223 17.7 43.9 0
1224 17.7 43.9 0
1225 17.7 43.9 0
1226 17.9 43.9 0
1227 17.9 43.9 0
1228 18.1 43.9 0
1229 18.1 43.9 0
1230 18.1 43.9 0
1231 18.1 43.9 0
1232 18.1 43.9 0
1233 18.1 43.9 0
1234 18.1 43.9 0
1235 18.2 43.9 0
1236 18.2 43.9 0
1237 18.2 43.9 0
1238 18.2 43.9 0
1239 18.2 43.9 0
1240 18.3 43.9 0
1241 18.3 43.9 0
1242 18.3 43.9 0
1243 18.3 43.9 0
1244 18.3 43.9 0
1245 18.4 43.9 0
1246 18.4 43.9 0
1247 18.4 43.9 0
1248 18.4 43.9 0
1249 18.4 43.9 0
1250 18.4 43.9 0
1251 18.5 43.9 0
1252 18.5 43.9 315
1253 18.5 43.9 315
1254 18.5 43.9 315
1255 18.5 43.9 315
1256 18.55 43.55 315
1257 18.55 43.55 315
1258 18.55 43.55 315
1259 18.55 43.55 270
1260 18.55 43.55 270
1261 18.55 43.55 270
1262 18.55 43.55 270
1263 18.55 43.55 315
1264 18.55 43.55 315
1265 18.55 43.55 0
1266 18.55 43.55 0
1267 18.55 43.55 0
1268 18.55 43.55 0
1269 18.55 43.55 0
1270 18.55 43.55 0
1271 18.55 43.55 0
1272 18.85 43.55 0
1273 18.85 43.55 0
1274 18.85 43.55 0
1275 19.15 43.55 0
1276 19.15 43.55 0
1277 19.15 43.55 0
1278 19.15 43.55 0
1279 19.35 43.55 0
1280 19.35 43.55 0
1281 19.35 43.55 0
1282 19.35 43.55 0
1283 19.35 43.55 0
1284 19.35 43.55 0
1285 19.35 43.55 315
1286 19.35 43.55 315
1287 19.35 43.55 315
1288 19.35 43.55 315
1289 19.35 43.55 315
1290 19.35 43.55 315
1291 19.35 43.55 315
1292 19.35 43.55 315
1293 19.35 43.55 315
1294 19.35 43.55 315
1295 19.35 43.55 315
1296 19.35 43.55 315
1297 19.35 43.55 315
1298 19.35 43.55 270
1299 19.35 43.55 270
1300 19.35 43.55 270
1301 19.35 43.55 270
1302 19.35 43.55 270
1303 19.35 43.55 270
1304 19.35 43.55 270
1305 19.35 43.55 315
1306 19.35 43.55 315
1307 19.35 43.55 0
1308 19.35 43.55 0
1309 19.35 43.55 0
1310 19.35 43.55 0
1311 19.35 43.55 0
1312 19.35 43.55 0
1313 19.45 43.55 0
1314 19.45 43.55 0
1315 19.45 43.55 0
1316 19.45 43.55 0
1317 19.45 43.55 0
1318 19.45 43.55 0
1319 19.55 43.55 0
1320 19.75 43.55 0
1321 19.75 43.55 0
1322 19.75 43.55 0
1323 19.75 43.55 0
1324 19.75 43.55 0
1325 19.75 43.55 0
1326 19.75 43.55 0
1327 19.75 43.55 0
1328 19.75 43.55 0
1329 19.75 43.55 0
1330 19.75 43.55 0
1331 20.05 43.55 0
1332 20.05 43.55 0
1333 20.05 43.55 0
1334 20.25 43.55 0
1335 20.25 43.55 0
1336 20.25 43.55 0
1337 20.45 43.55 0
1338 20.45 43.55 0
1339 20.45 43.55 0
1340 20.65 43.55 0
1341 20.65 43.55 0
1342 20.65 43.55 0
1343 20.85 43.55 0
1344 20.85 43.55 0
1345 20.85 43.55 0
1346 21.05 43.55 0
1347 21.05 43.55 0
1348 21.05 43.55 0
1349 21.25 43.55 0
1350 21.25 43.55 0
1351 21.25 43.55 0
1352 21.25 43.55 0
1353 21.25 43.55 0
1354 21.55 43.55 0
1355 21.55 43.55 0
1356 21.55 43.55 0
1357 21.55 43.55 0
1358 21.55 43.55 0
1359 21.95 43.55 0
1360 21.95 43.55 0
1361 21.95 43.55 0
1362 21.95 43.55 0
1363 21.95 43.55 0
1364 21.95 43.55 0
1365 22.35 43.55 0
1366 22.35 43.55 0
1367 22.75 43.55 0
1368 22.75 43.55 0
1369 22.95 43.55 0
1370 22.95 43.55 0
1371 23.35 43.55 0
1372 23.35 43.55 0
1373 23.35 43.55 0
1374 23.35 43.55 0
1375 23.35 43.55 0
1376 23.75 43.55 0
1377 23.75 43.55 0
1378 24.15 43.55 0
1379 24.15 43.55 0
1380 24.55 43.55 0
1381 24.55 43.55 0
1382 24.55 43.55 0
1383 24.55 43.55 0
1384 24.55 43.55 0
1385 24.55 43.55 0
1386 24.55 43.55 0
1387 24.55 43.55 0
1388 24.85 43.95 0
1389 24.85 43.95 0
1390 24.85 43.95 0
1391 24.85 43.95 0
1392 24.85 43.95 0
1393 24.85 43.95 0
1394 24.85 43.95 0
1395 25.15 43.95 0
1396 25.15 43.95 0
1397 25.15 43.95 0
1398 25.45 43.95 0
1399 25.45 43.95 0
1400 25.45 43.95 0
1401 25.45 43.95 0
1402 25.75 43.95 0
1403 25.75 43.95 0
1404 25.75 43.95 0
1405 26.05 43.95 0
1406 26.05 43.95 0
1407 26.05 43.95 0
1408 26.85 43.95 0
1409 26.85 43.95 0
1410 26.85 43.95 0
1411 27.05 43.95 0
1412 27.05 43.95 0
1413 27.05 43.95 0
1414 27.25 43.95 0
1415 27.25 43.95 0
1416 27.25 43.95 0
1417 27.45 43.95 0
1418 27.45 43.95 0
1419 27.45 43.95 0
1420 27.65 43.95 0
1421 27.65 43.95 0
1422 27.65 43.95 0
1423 27.85 43.95 0
1424 27.85 43.95 0
1425 27.85 43.95 0
1426 28.05 43.95 0
1427 28.05 43.95 0
1428 28.05 43.95 0
1429 28.35 43.95 0
1430 28.35 43.95 0
1431 28.35 43.95 0
1432 28.55 43.95 0
1433 28.75 43.95 0
1434 28.75 43.95 0
1435 28.75 43.95 0
1436 28.75 43.95 0
1437 29.05 43.95 0
1438 29.05 43.95 0
1439 29.05 43.95 0
1440 29.55 43.95 0
1441 29.85 43.95 0
1442 29.85 43.95 0
1443 29.85 43.95 0
1444 30.15 43.95 0
1445 30.15 43.95 0
1446 30.15 43.95 0
1447 30.45 43.95 0
1448 30.45 43.95 0
1449 30.45 43.95 0
1450 30.45 43.95 0
1451 30.65 43.95 0
1452 30.95 43.95 0
1453 30.95 43.95 0
1454 30.95 43.95 0
1455 30.95 43.95 0
1456 30.95 43.95 0
1457 30.95 43.95 315
1458 30.95 43.95 270
1459 30.95 43.95 225
1460 30.95 43.95 225
1461 30.95 43.95 180
1462 30.95 43.95 180
1463 30.95 43.95 180
1464 30.95 43.95 180
1465 30.95 43.95 180
1466 30.95 43.95 180
1467 30.95 43.95 180
1468 30.95 43.95 180
1469 30.95 43.95 180
1470 30.95 43.95 180
1471 30.95 43.95 180
1472 30.95 43.95 180
1473 30.95 43.95 180
1474 30.95 43.95 180
1475 30.95 43.95 180
1476 30.95 43.95 180
1477 30.95 43.95 180
1478 30.95 43.95 180
1479 30.95 43.95 180
1480 30.95 43.95 180
1481 30.95 43.95 180
1482 30.95 43.95 180
1483 30.95 43.95 225
1484 30.95 43.95 225
1485 30.95 43.95 225
1486 30.95 43.95 225
1487 30.95 43.95 225
1488 30.95 43.95 225
1489 30.95 43.95 225
1490 30.95 43.95 225
1491 30.95 43.95 225
1492 30.95 43.95 270
1493 30.95 43.95 270
1494 30.95 43.95 270
1495 30.95 43.95 270
1496 30.95 43.95 270
1497 30.95 43.95 270
1498 30.95 43.95 270
1499 30.95 43.95 270
1500 30.95 43.95 270
1501 30.95 43.95 270
1502 30.95 43.95 270
1503 30.95 43.95 270
1504 30.95 43.95 270
1505 30.95 43.95 270
1506 30.95 43.95 270
1507 30.95 43.95 270
1508 30.95 43.95 270
1509 30.95 43.95 270
1510 30.95 43.95 270
1511 30.95 43.95 270
1512 30.95 43.95 270
1513 30.95 43.95 270
1514 30.95 43.95 270
1515 30.95 43.95 270
1516 30.95 43.95 270
1517 30.95 43.95 270
1518 30.95 43.95 270
1519 30.95 43.95 270
1520 30.95 43.95 270
1521 30.95 43.95 270
1522 30.95 43.95 270
1523 30.95 43.95 270
1524 30.95 43.95 270
1525 30.95 43.95 270
1526 30.95 43.95 270
1527 30.95 43.95 270
1528 30.95 43.95 270
1529 30.95 43.95 270
1530 30.95 43.95 270
1531 30.95 43.95 270
1532 30.95 43.95 270
1533 30.95 43.95 270
1534 30.95 43.95 270
1535 30.95 43.95 270
1536 30.95 43.95 270
1537 30.95 43.95 270
1538 30.95 43.95 270
1539 30.95 43.95 270
1540 30.95 43.95 270
1541 30.95 43.95 270
1542 30.95 43.95 270
1543 30.95 43.95 270
1544 30.95 43.95 270
1545 30.95 43.95 270
1546 30.95 43.95 270
1547 30.95 43.95 270
1548 30.95 43.95 270
1549 30.95 43.85 270
1550 30.95 43.85 270
1551 30.95 43.65 270
1552 30.95 43.65 270
1553 30.95 43.45 270
1554 30.95 43.45 270
1555 31.05 43.45 270
1556 31.05 43.25 270
1557 31.05 43.25 270
1558 31.05 43.25 270
1559 31.05 43.15 270
1560 31.05 43.15 270
1561 31.05 42.95 270
1562 31.05 42.95 270
1563 31.05 42.75 270
1564 31.05 42.75 270
1565 31.05 42.55 270
1566 31.05 42.55 270
1567 31.05 42.45 270
1568 31.05 42.45 270
1569 31.05 42.45 270
1570 31.05 42.45 270
1571 31.05 42.45 270
1572 31.05 42.45 270
1573 31.05 42.45 270
1574 31.05 42.45 270
1575 31.05 42.45 270
1576 31.05 42.45 270
1577 31.05 42.45 270
1578 31.05 42.45 270
1579 31.05 42.45 270
1580 31.05 42.45 270
1581 31.05 42.25 270
1582 31.05 42.25 270
1583 31.05 42.05 270
1584 31.05 42.05 270
1585 31.05 41.85 270
1586 31.05 41.85 270
1587 31.05 41.65 270
1588 31.05 41.65 270
1589 31.05 41.45 270
1590 31.05 41.45 270
1591 31.05 41.25 270
1592 31.05 41.25 270
1593 31.05 41.25 270
1594 31.05 41.25 270
1595 31.05 41.15 270
1596 31.05 41.15 270
1597 31.05 41.15 270
1598 31.05 41.15 270
1599 31.05 41.15 270
1600 31.05 41.15 270
1601 31.05 41.15 270
1602 31.05 41.15 270
1603 31.05 41.15 270
1604 31.05 41.15 270
1605 31.05 41.15 270
1606 31.05 41.15 270
1607 31.05 41.15 270
1608 31.05 41.15 270
1609 31.05 40.85 270
1610 31.05 40.85 270
1611 31.05 40.85 270
1612 31.05 40.85 270
1613 31.05 40.85 270
1614 31.05 40.85 270
1615 31.05 40.85 270
1616 31.05 40.85 270
1617 31.05 40.85 270
1618 31.05 40.85 270
1619 31.05 40.85 270
1620 31.05 40.85 270
1621 31.05 40.85 270
1622 31.05 40.85 270
1623 31.05 40.85 270
1624 31.05 40.85 270
1625 31.05 40.85 270
1626 31.05 40.85 270
1627 31.05 40.85 270
1628 31.05 40.75 270
1629 31.05 40.55 270
1630 31.05 40.55 270
1631 31.05 40.35 270
1632 31.05 40.35 270
1633 31.05 40.35 270
1634 31.05 40.35 270
1635 31.05 40.35 270
1636 31.05 40.35 270
1637 31.05 40.15 270
1638 31.05 40.15 270
1639 31.05 40.15 270
1640 31.05 40.15 270
1641 31.05 40.15 270
1642 31.05 40.15 270
1643 31.05 40.15 270
1644 31.05 40.15 270
1645 31.05 40.15 270
1646 31.05 40.15 270
1647 31.05 40.15 270
1648 31.05 40.15 270
1649 31.05 40.15 270
1650 31.05 40.15 270
1651 31.05 40.15 270
1652 31.05 40.15 270
1653 31.05 40.15 270
1654 31.05 40.15 270
