0 21.45 3.55 90
1 21.45 3.55 90
2 21.45 3.55 90
3 21.45 3.55 90
4 21.45 3.55 90
5 21.45 3.55 90
6 21.45 3.55 90
7 21.45 3.55 90
8 21.45 3.55 90
9 21.45 3.55 90
10 21.45 3.55 90
11 21.45 3.55 90
12 21.45 3.55 90
13 21.45 3.55 90
14 21.45 3.55 90
15 21.45 3.55 90
16 21.45 3.55 90
17 21.45 3.85 90
18 21.45 3.85 90
19 21.45 3.85 90
20 21.45 3.95 90
21 21.45 4.05 90
22 21.45 4.15 90
23 21.45 4.15 90
24 21.45 4.15 90
25 21.45 4.25 90
26 21.45 4.25 90
27 21.45 4.25 90
28 21.45 4.25 90
29 21.45 4.25 90
30 21.45 4.25 90
31 21.45 4.25 90
32 21.45 4.25 90
33 21.45 4.45 90
34 21.45 4.45 90
35 21.45 4.45 90
36 21.45 4.45 90
37 21.45 4.65 90
38 21.45 4.65 90
39 21.45 4.85 90
40 21.45 4.85 90
41 21.45 5.05 90
42 21.45 5.05 90
43 21.45 5.25 90
44 21.45 5.25 90
45 21.45 5.45 90
46 21.45 5.45 90
47 21.45 5.65 90
48 21.45 5.85 90
49 21.45 5.85 45
50 21.45 5.85 45
51 21.45 5.85 45
52 21.55 5.95 45
53 21.55 5.95 45
54 21.55 5.95 45
55 21.55 5.95 45
56 21.55 5.95 45
57 21.55 5.95 45
58 21.65 6.05 45
59 21.65 6.05 45
60 21.65 6.05 45
61 21.75 6.05 45
62 21.75 6.05 45
63 21.75 6.05 45
64 21.75 6.05 45
65 21.75 6.05 0
66 21.75 6.05 0
67 21.75 6.05 0
68 21.75 6.05 0
69 21.75 6.05 0
70 21.75 6.05 0
71 21.75 6.05 0
72 22.05 6.05 0
73 22.05 6.05 0
74 22.05 6.05 0
75 22.05 6.05 0
76 22.25 6.05 0
77 22.25 6.05 0
78 22.25 6.05 0
79 22.25 6.05 0
80 22.85 6.05 0
81 22.85 6.05 0
82 22.85 6.05 0
83 23.45 6.05 0
84 23.45 6.05 0
85 23.45 6.05 0
86 23.45 6.05 0
87 23.45 6.05 0
88 23.45 6.05 0
89 24.05 6.05 0
90 24.05 6.05 0
91 24.05 6.05 0
92 24.05 6.05 0
93 24.25 6.05 0
94 24.25 6.05 0
95 24.25 6.05 0
96 24.25 6.05 0
97 24.45 6.05 0
98 24.45 6.05 0
99 24.45 6.05 0
100 24.85 6.05 0
101 24.85 6.05 0
102 24.85 6.05 0
103 24.85 6.05 0
104 25.55 6.05 0
105 25.55 6.05 0
106 25.65 6.05 0
107 25.75 6.05 0
108 25.85 6.05 0
109 25.95 6.05 0
110 26.05 6.05 0
111 26.85 6.05 0
112 27.55 6.05 0
113 27.55 6.05 0
114 27.55 6.05 0
115 28.05 6.05 0
116 28.35 6.05 0
117 28.65 6.05 0
118 28.65 6.05 0
119 28.65 6.05 0
120 28.65 6.05 0
121 28.95 6.05 0
122 28.95 6.05 0
123 29.25 6.05 0
124 29.25 6.05 0
125 29.45 6.05 0
126 29.45 6.05 0
127 29.75 6.05 0
128 29.75 6.05 0
129 29.75 6.05 0
130 29.75 6.05 0
131 29.75 6.05 45
132 29.75 6.05 90
133 29.75 6.05 90
134 29.75 6.05 135
135 29.75 6.05 135
136 29.75 6.05 135
137 29.75 6.05 135
138 29.75 6.05 90
139 29.75 6.05 90
140 29.75 6.05 90
141 29.75 6.05 90
142 29.75 6.05 90
143 29.85 6.05 90
144 30.05 6.05 90
145 30.05 6.05 90
146 29.95 6.05 90
147 29.95 6.05 90
148 29.95 6.15 90
149 29.95 6.25 90
150 29.95 6.25 90
151 29.95 7.25 90
152 29.95 7.25 90
153 29.95 7.65 90
154 29.95 7.65 90
155 29.95 7.65 90
156 29.95 7.95 90
157 29.95 7.95 90
158 29.95 7.95 90
159 29.95 8.45 90
160 29.95 8.45 90
161 29.95 8.75 90
162 29.95 8.75 90
163 29.95 9.05 90
164 29.95 9.05 90
165 29.95 9.45 90
166 29.95 9.45 90
167 29.95 9.45 90
168 29.95 9.95 90
169 29.95 9.95 90
170 29.95 10.45 90
171 29.95 10.45 90
172 29.95 10.85 90
173 29.95 11.15 90
174 29.95 11.35 90
175 29.95 11.65 90
176 29.95 11.85 90
177 29.95 12.05 90
178 29.95 12.25 90
179 29.95 12.25 90
180 29.95 12.25 90
181 29.95 12.25 90
182 29.95 12.05 90
183 29.95 12.05 90
184 29.95 12.05 90
185 29.95 12.05 90
186 29.95 12.05 90
187 29.95 12.05 90
188 29.95 12.05 90
189 29.95 12.05 90
190 29.95 12.05 90
191 29.95 12.05 90
192 29.95 12.35 90
193 29.95 12.55 90
194 29.95 12.75 90
195 29.95 12.95 90
196 29.95 12.95 90
197 29.95 13.35 90
198 29.95 13.55 90
199 29.95 13.75 90
200 29.95 13.95 90
201 29.95 14.15 90
202 29.95 14.35 90
203 29.95 14.55 90
204 29.95 14.75 90
205 29.95 14.75 90
206 29.95 14.75 90
207 29.95 14.85 90
208 29.95 14.95 90
209 29.95 15.05 90
210 29.95 15.15 90
211 29.95 15.25 90
212 29.95 15.35 90
213 29.95 15.45 90
214 29.95 15.55 90
215 29.95 15.65 90
216 29.95 15.75 90
217 29.95 15.85 90
218 29.95 15.95 90
219 29.95 15.95 90
220 29.95 15.95 90
221 29.95 15.65 90
222 29.95 15.65 90
223 29.95 15.65 90
224 29.95 15.65 90
225 29.95 15.75 90
226 29.95 15.75 90
227 29.95 15.75 90
228 29.95 15.75 90
229 29.95 15.85 90
230 29.95 15.85 90
231 29.95 15.85 90
232 29.95 15.85 90
233 29.95 16.25 90
234 29.95 16.25 90
235 29.95 16.45 90
236 29.95 16.45 90
237 29.95 16.75 90
238 29.95 16.75 90
239 29.95 17.05 90
240 29.95 17.05 90
241 29.95 17.35 90
242 29.95 17.35 90
243 29.95 17.65 90
244 29.95 17.65 90
245 29.95 17.95 90
246 29.95 17.95 90
247 29.95 18.25 90
248 29.95 18.25 90
249 29.95 18.55 90
250 29.95 18.55 90
251 29.95 18.85 90
252 29.95 18.85 90
253 29.95 18.85 90
254 29.95 18.85 90
255 29.95 18.85 90
256 29.95 18.85 90
257 29.95 19.05 90
258 29.95 19.05 90
259 29.95 19.05 90
260 29.95 19.05 90
261 29.95 19.05 90
262 29.95 19.25 90
263 29.95 19.25 90
264 29.95 19.25 90
265 29.95 19.25 90
266 29.95 19.45 90
267 29.95 19.45 90
268 29.95 19.45 90
269 29.95 19.65 90
270 29.95 19.65 90
271 29.95 19.65 90
272 29.95 19.85 90
273 29.95 19.85 90
274 29.95 19.85 90
275 29.95 20.05 90
276 29.95 20.05 90
277 29.95 20.05 90
278 29.95 20.25 90
279 29.95 20.25 90
280 29.95 20.25 90
281 29.95 20.25 90
282 29.95 20.25 90
283 29.95 20.25 90
284 29.95 20.55 90
285 29.95 20.55 90
286 29.95 20.55 90
287 29.95 20.55 90
288 29.95 20.55 90
289 29.95 20.55 90
290 29.95 20.55 90
291 29.95 20.55 90
292 29.95 20.55 90
293 29.95 20.55 90
294 29.95 20.55 90
295 29.95 20.55 90
296 29.95 20.55 90
297 29.95 20.55 90
298 29.95 20.55 90
299 29.95 20.55 90
300 29.95 20.75 90
301 29.95 20.75 90
302 29.95 20.95 90
303 29.95 20.95 90
304 29.95 21.15 90
305 29.95 21.15 90
306 29.95 21.35 90
307 29.95 21.35 90
308 29.95 21.55 90
309 29.95 21.55 90
310 29.95 21.75 90
311 29.95 21.75 90
312 29.95 21.95 90
313 29.95 21.95 90
314 29.95 22.05 90
315 29.95 22.15 90
316 29.95 22.25 90
317 29.95 22.25 90
318 29.95 22.25 90
319 29.95 22.25 90
320 29.95 22.55 90
321 29.95 22.55 90
322 29.95 22.55 90
323 29.95 22.85 90
324 29.95 22.85 90
325 29.95 23.05 90
326 29.95 23.05 90
327 29.95 23.25 90
328 29.95 23.25 90
329 29.95 23.25 90
330 29.95 23.25 90
331 29.95 23.25 90
332 29.95 23.25 90
333 29.95 23.25 90
334 29.95 23.25 90
335 29.95 23.25 90
336 29.95 23.25 90
337 29.95 23.25 90
338 29.95 23.25 90
339 29.95 23.25 90
340 29.95 23.25 90
341 29.95 23.25 90
342 29.95 23.25 90
343 29.95 23.25 90
344 29.95 23.25 90
345 29.95 23.25 90
346 29.95 23.25 90
347 29.95 23.25 90
348 29.95 23.25 90
349 29.95 23.25 90
350 29.95 23.25 90
351 29.95 23.25 90
352 29.95 23.25 90
353 29.95 23.25 90
354 29.95 23.25 90
355 29.95 23.45 90
356 29.95 23.45 90
357 29.95 23.45 90
358 29.95 23.45 90
359 29.95 23.65 90
360 29.95 23.65 90
361 29.95 23.75 90
362 29.95 23.75 90
363 29.95 23.75 90
364 29.95 23.75 90
365 29.95 23.75 90
366 29.95 23.75 90
367 29.95 23.75 90
368 29.95 23.75 90
369 29.95 23.75 90
370 29.95 23.75 90
371 29.95 23.75 90
372 29.95 23.95 90
373 29.95 23.95 90
374 29.95 23.95 90
375 29.95 23.95 90
376 29.95 23.95 90
377 29.95 23.95 90
378 29.95 23.95 90
379 29.95 23.95 90
380 29.95 23.95 90
381 29.95 23.95 90
382 29.95 23.95 90
383 29.95 23.95 90
384 29.95 24.15 90
385 29.95 24.15 90
386 29.95 24.15 90
387 29.95 24.35 90
388 29.95 24.35 90
389 29.95 24.35 90
390 29.95 24.35 90
391 29.95 24.35 90
392 29.95 24.35 90
393 29.95 24.35 90
394 29.95 24.55 90
395 29.95 24.55 90
396 29.95 24.55 90
397 29.95 24.55 90
398 29.95 24.55 90
399 29.95 24.75 90
400 29.95 24.75 90
401 29.95 24.75 90
402 29.95 24.95 90
403 29.95 24.95 90
404 29.95 24.95 90
405 29.95 25.15 90
406 29.95 25.15 90
407 29.95 25.15 90
408 29.95 25.35 90
409 29.95 25.35 90
410 29.95 25.35 90
411 29.95 25.35 90
412 29.95 25.35 90
413 29.95 25.35 90
414 29.95 25.35 90
415 29.95 25.35 90
416 29.95 25.35 90
417 29.95 25.35 90
418 29.95 25.35 90
419 29.95 25.35 90
420 29.95 25.55 90
421 29.95 25.55 90
422 29.95 25.55 90
423 29.95 25.55 90
424 29.95 25.75 90
425 29.95 25.75 90
426 29.95 25.75 90
427 29.95 25.75 90
428 29.95 25.95 90
429 29.95 25.95 90
430 29.95 25.95 90
431 29.95 26.25 90
432 29.95 26.25 90
433 29.95 26.25 90
434 29.95 26.25 90
435 29.95 26.25 90
436 29.95 26.25 90
437 29.95 26.55 90
438 29.95 26.55 90
439 29.95 26.95 90
440 29.95 26.95 90
441 29.95 26.95 90
442 29.95 26.95 90
443 29.95 26.95 90
444 29.95 26.95 90
445 29.95 26.95 90
446 29.95 26.95 90
447 29.95 26.95 90
448 29.95 26.95 90
449 30.05 27.05 90
450 30.05 27.05 90
451 30.05 27.05 90
452 30.05 27.05 90
453 30.05 27.05 90
454 30.05 27.05 90
455 30.05 27.05 90
456 30.05 27.05 90
457 30.05 27.25 90
458 30.05 27.25 90
459 30.05 27.55 90
460 30.05 27.55 90
461 30.05 27.55 90
462 30.05 27.55 90
463 30.05 27.55 90
464 30.05 28.15 90
465 30.05 28.15 90
466 30.05 28.15 90
467 30.05 28.35 90
468 30.05 28.35 90
469 30.05 28.55 90
470 30.05 28.55 90
471 30.05 28.75 90
472 30.05 28.75 90
473 30.05 28.95 90
474 30.05 28.95 90
475 30.05 29.15 90
476 30.05 29.15 90
477 30.05 29.35 90
478 30.05 29.35 90
479 30.05 29.55 90
480 30.05 29.55 90
481 30.05 29.75 90
482 30.05 29.75 90
483 30.05 29.75 90
484 30.05 29.75 90
485 30.05 29.75 90
486 30.05 29.95 90
487 30.05 29.95 90
488 30.05 30.15 90
489 30.05 30.15 90
490 30.05 30.35 90
491 30.05 30.35 90
492 30.05 30.55 90
493 30.05 30.55 90
494 30.05 30.75 90
495 30.05 30.75 90
496 30.05 30.95 90
497 30.05 30.95 90
498 30.05 31.15 90
499 30.05 31.15 90
500 30.05 31.15 90
501 30.05 31.15 90
502 30.05 31.15 90
503 30.05 31.15 90
504 30.05 31.15 90
505 30.05 31.15 90
506 30.05 31.15 90
507 30.05 31.15 90
508 30.05 31.15 90
509 30.05 31.15 90
510 30.05 31.15 90
511 30.05 31.15 90
512 30.05 31.35 90
513 30.05 31.35 90
514 30.05 31.45 90
515 30.05 31.45 90
516 30.05 31.45 90
517 30.05 31.45 90
518 30.05 31.45 90
519 30.05 31.55 90
520 30.05 31.55 90
521 30.05 31.55 90
522 30.05 31.55 90
523 30.05 31.55 90
524 30.05 31.55 90
525 30.05 31.55 90
526 30.05 31.55 90
527 30.05 31.55 90
528 30.05 31.55 90
529 30.05 31.55 90
530 30.05 31.55 90
531 30.05 31.55 90
532 30.05 31.55 90
533 30.05 31.55 90
534 30.05 31.55 90
535 30.05 31.55 90
536 30.05 31.55 90
537 30.05 31.55 90
538 30.05 31.55 90
539 30.05 31.55 90
540 30.05 31.55 90
541 30.05 31.55 90
542 30.05 31.55 90
543 30.05 31.55 90
544 30.05 31.55 90
545 30.05 31.75 90
546 30.05 31.75 90
547 30.05 31.95 90
548 30.05 31.95 90
549 30.05 32.15 90
550 30.05 32.15 90
551 30.05 32.35 90
552 30.05 32.35 90
553 30.05 32.55 90
554 30.05 32.55 90
555 30.05 32.75 90
556 30.05 32.75 90
557 30.05 32.85 90
558 30.05 32.95 90
559 30.05 33.05 90
560 30.05 33.15 90
561 30.05 33.25 90
562 30.05 33.35 90
563 30.05 33.45 90
564 30.05 33.55 90
565 30.05 33.65 90
566 30.05 33.75 90
567 30.05 33.75 90
568 30.05 33.75 90
569 30.05 33.75 90
570 30.05 33.75 90
571 30.05 33.75 90
572 30.05 33.75 90
573 30.05 33.75 90
574 30.05 33.75 90
575 30.05 33.75 90
576 30.05 33.75 90
577 30.05 33.75 90
578 30.05 33.75 90
579 30.05 33.75 90
580 30.05 33.75 90
581 30.05 33.75 90
582 30.05 33.75 90
583 30.05 33.75 90
584 30.05 33.75 90
585 30.05 33.75 90
586 30.05 33.75 90
587 30.05 33.75 90
588 30.05 33.75 90
589 30.05 33.75 90
590 30.05 33.75 90
591 30.05 33.75 90
592 30.05 33.75 90
593 30.05 33.85 90
594 30.05 33.85 90
595 30.05 33.95 90
596 30.05 34.05 90
597 30.05 34.05 90
598 30.05 34.15 90
599 30.05 34.15 90
600 30.05 34.25 90
601 30.05 34.25 90
602 30.05 34.55 90
603 30.05 34.55 90
604 30.05 34.65 90
605 30.05 34.75 90
606 30.05 34.85 90
607 30.05 34.95 90
608 30.05 35.05 90
609 30.05 35.15 90
610 30.05 35.25 90
611 30.05 35.35 90
612 30.05 35.45 90
613 30.05 35.55 90
614 30.05 35.65 90
615 30.05 35.75 90
616 30.05 35.85 90
617 30.05 35.95 90
618 30.05 36.05 90
619 30.05 36.15 90
620 30.05 36.25 90
621 30.05 36.35 90
622 30.05 36.45 90
623 30.05 36.55 90
624 30.05 36.55 90
625 30.05 36.55 90
626 30.05 36.55 90
627 30.05 36.55 90
628 30.05 36.55 90
629 30.05 36.55 90
630 30.05 36.65 90
631 30.05 36.65 90
632 30.05 36.65 90
633 30.05 36.65 90
634 30.05 36.65 90
635 30.05 36.65 90
636 30.05 36.65 90
637 30.05 36.65 90
638 30.05 36.65 90
639 30.05 36.65 90
640 30.05 36.65 90
641 30.05 36.65 90
642 30.05 36.65 90
643 30.05 36.65 90
644 30.05 36.65 90
645 30.05 36.65 90
646 30.05 36.65 90
647 30.05 36.65 90
648 30.05 36.65 90
649 30.05 36.85 90
650 30.05 36.85 90
651 30.05 36.85 90
652 30.05 36.95 90
653 30.05 36.95 90
654 30.05 36.95 90
655 30.05 37.05 90
656 30.05 37.05 90
657 30.05 37.15 90
658 30.05 37.15 90
659 30.05 37.35 90
660 30.05 37.35 90
661 30.05 37.35 90
662 30.05 37.55 90
663 30.05 37.55 90
664 30.05 37.75 90
665 30.05 37.75 90
666 30.05 37.95 90
667 30.05 37.95 90
668 30.05 38.15 90
669 30.05 38.15 90
670 30.05 38.35 90
671 30.05 38.35 90
672 30.05 38.55 90
673 30.05 38.55 90
674 30.05 38.75 90
675 30.05 38.75 90
676 30.05 38.75 90
677 30.05 38.75 90
678 30.05 38.75 90
679 30.05 38.75 90
680 30.05 38.75 90
681 30.05 38.75 90
682 30.05 38.75 90
683 30.05 38.75 90
684 30.05 38.75 90
685 30.05 38.75 90
686 30.05 38.75 90
687 30.05 38.75 90
688 30.05 38.75 90
689 30.05 38.75 90
690 30.05 38.75 90
691 30.05 38.75 90
692 30.05 38.75 90
693 30.05 38.75 90
694 30.05 38.75 90
695 30.05 38.75 135
696 30.05 38.75 135
697 30.05 38.75 135
698 30.05 38.75 180
699 30.05 38.75 180
700 30.05 38.75 180
701 30.05 38.75 180
702 30.05 38.75 180
703 30.05 38.75 225
704 30.05 38.75 270
705 30.05 38.75 270
706 30.05 38.75 270
707 30.05 38.75 270
708 30.05 38.75 270
709 30.05 38.75 270
710 30.05 38.75 270
711 30.05 38.75 270
712 30.05 38.75 270
713 30.05 38.75 270
714 30.05 38.75 270
715 30.05 38.75 270
716 30.05 38.75 270
717 30.05 38.75 270
718 30.05 38.85 270
719 30.05 38.85 270
720 30.05 38.85 270
721 30.05 38.85 270
722 30.05 38.85 270
723 30.05 38.65 270
724 30.05 38.65 270
725 30.05 38.05 270
726 30.05 38.05 270
727 30.05 38.05 270
728 30.05 37.75 270
729 30.05 37.75 270
730 30.05 37.75 270
731 30.05 37.75 270
732 30.05 37.75 270
733 30.05 37.15 270
734 30.05 37.15 270
735 30.05 37.15 270
736 30.05 36.85 270
737 30.05 36.85 270
738 30.05 36.65 270
739 30.05 36.05 270
740 30.05 36.05 270
741 30.05 35.65 270
742 30.05 35.65 270
743 30.05 35.25 270
744 30.05 35.25 270
745 30.05 35.25 270
746 30.05 35.25 270
747 30.05 35.05 270
748 30.05 35.05 270
749 30.05 34.95 270
750 30.05 34.95 270
751 30.05 34.85 270
752 30.05 34.85 270
753 30.05 34.85 270
754 30.05 34.75 270
755 30.05 34.75 270
756 30.05 34.75 270
757 30.05 34.55 270
758 30.05 34.55 270
759 30.05 34.55 270
760 30.05 34.55 270
761 30.05 34.55 270
762 30.05 34.55 270
763 30.05 34.55 270
764 30.05 34.55 270
765 30.05 34.55 270
766 30.05 34.55 270
767 30.05 34.55 270
768 30.05 34.55 270
769 30.05 34.55 270
770 30.05 34.55 270
771 30.05 34.55 270
772 30.05 34.55 270
773 30.05 34.55 270
774 30.05 34.55 270
775 30.05 34.55 270
776 30.05 34.55 270
777 30.05 34.55 270
778 30.05 34.55 270
779 30.05 34.55 270
780 30.05 34.55 270
781 30.05 34.55 270
782 30.05 34.55 270
783 30.05 34.25 270
784 30.05 34.25 270
785 30.05 34.25 270
786 30.05 34.25 270
787 30.05 34.25 270
788 30.05 33.95 270
789 30.05 33.95 270
790 30.05 33.65 270
791 30.05 33.65 270
792 30.05 33.65 270
793 30.05 33.65 270
794 30.05 33.65 270
795 30.05 33.35 270
796 30.05 33.35 270
797 30.05 33.35 270
798 30.05 33.35 270
799 30.05 33.35 270
800 30.05 33.35 270
801 30.05 33.35 270
802 30.05 33.15 270
803 30.05 33.15 270
804 30.05 33.15 270
805 30.05 33.15 270
806 30.05 33.15 270
807 30.05 33.15 270
808 30.05 33.15 270
809 30.05 32.95 270
810 30.05 32.95 270
811 30.05 32.95 270
812 30.05 32.95 270
813 30.05 32.95 270
814 30.05 32.95 270
815 30.05 32.95 270
816 30.05 32.75 270
817 30.05 32.75 270
818 30.05 32.75 270
819 30.05 32.75 270
820 30.05 32.75 270
821 30.05 32.75 270
822 30.05 32.75 270
823 30.05 32.55 270
824 30.05 32.55 270
825 30.05 32.55 270
826 30.05 32.55 270
827 30.05 32.55 270
828 30.05 32.55 270
829 30.05 32.55 270
830 30.05 32.35 270
831 30.05 32.35 270
832 30.05 32.35 270
833 30.05 32.15 270
834 30.05 32.15 270
835 30.05 31.95 270
836 30.05 31.95 270
837 30.05 31.65 270
838 30.05 31.35 270
839 30.05 31.05 270
840 30.05 30.75 270
841 30.05 30.45 270
842 30.05 30.15 270
843 30.05 29.85 270
844 30.05 29.55 270
845 30.05 29.55 270
846 30.05 29.45 270
847 30.05 29.35 270
848 30.05 29.15 270
849 30.05 29.15 270
850 30.05 29.15 270
851 30.05 29.15 270
852 30.05 29.15 270
853 30.05 29.15 270
854 30.05 29.15 270
855 30.05 29.15 270
856 30.05 29.05 270
857 30.05 29.05 270
858 30.05 28.75 270
859 30.05 28.75 270
860 30.05 28.55 270
861 30.05 28.55 270
862 30.05 28.25 270
863 30.05 28.25 270
864 30.05 28.25 270
865 30.05 28.25 270
866 30.05 28.05 270
867 30.05 28.05 270
868 30.05 28.05 270
869 30.05 27.95 270
870 30.05 27.95 270
871 30.05 27.95 270
872 30.05 27.85 270
873 30.05 27.85 270
874 30.05 27.85 270
875 30.05 27.75 270
876 30.05 27.75 270
877 30.05 27.75 270
878 30.05 27.65 270
879 30.05 27.65 270
880 30.05 27.65 270
881 30.05 27.55 270
882 30.05 27.55 270
883 30.05 27.55 270
884 30.05 27.45 270
885 30.05 27.45 270
886 30.05 27.45 270
887 30.05 27.35 270
888 30.05 27.35 270
889 30.05 27.35 270
890 30.05 27.25 270
891 30.05 27.25 270
892 30.05 27.25 270
893 30.05 27.15 270
894 30.05 27.15 270
895 30.05 27.15 270
896 30.05 27.05 270
897 30.05 27.05 270
898 30.05 27.05 270
899 30.05 26.85 270
900 30.05 26.85 270
901 30.05 26.85 270
902 30.05 26.75 270
903 30.05 26.75 270
904 30.05 26.75 270
905 30.05 26.65 270
906 30.05 26.65 270
907 30.05 26.65 270
908 30.05 26.55 270
909 30.05 26.55 270
910 30.05 26.55 270
911 30.05 26.45 270
912 30.05 26.45 270
913 30.05 26.45 270
914 30.05 26.35 270
915 30.05 26.35 270
916 30.05 26.35 270
917 30.05 26.25 270
918 30.05 26.25 270
919 30.05 26.25 270
920 30.05 26.05 270
921 30.05 26.05 270
922 30.05 26.05 270
923 30.05 25.85 270
924 30.05 25.85 270
925 30.05 25.85 270
926 30.05 25.65 270
927 30.05 25.65 270
928 30.05 25.65 270
929 30.05 25.45 270
930 30.05 25.45 270
931 30.05 25.45 270
932 30.05 25.25 270
933 30.05 25.25 270
934 30.05 25.25 270
935 30.05 25.05 270
936 30.05 25.05 270
937 30.05 25.05 270
938 30.05 24.85 270
939 30.05 24.85 270
940 30.05 24.85 270
941 30.05 24.65 270
942 30.05 24.65 270
943 30.05 24.65 270
944 30.05 24.35 270
945 30.05 24.35 270
946 30.05 24.35 270
947 30.05 24.05 270
948 30.05 24.05 270
949 30.05 24.05 270
950 30.05 23.75 270
951 30.05 23.75 270
952 30.05 23.75 270
953 30.05 23.55 270
954 30.05 23.55 270
955 30.05 23.55 270
956 30.05 23.35 270
957 30.05 23.35 270
958 30.05 23.35 270
959 30.05 23.15 270
960 30.05 23.15 270
961 30.05 23.15 270
962 30.05 22.95 270
963 30.05 22.95 270
964 30.05 22.95 270
965 30.05 22.75 270
966 30.05 22.75 270
967 30.05 22.75 270
968 30.05 22.55 270
969 30.05 22.55 270
970 30.05 22.55 270
971 30.05 22.35 270
972 30.05 22.35 270
973 30.05 22.35 270
974 30.05 22.15 270
975 30.05 22.15 270
976 30.05 22.15 270
977 30.05 21.95 270
978 30.05 21.95 270
979 30.05 21.95 270
980 30.05 21.75 270
981 30.05 21.75 270
982 30.05 21.75 270
983 30.05 21.55 270
984 30.05 21.55 270
985 30.05 21.55 270
986 30.05 21.55 270
987 30.05 21.35 270
988 30.05 21.35 270
989 30.05 21.35 270
990 30.05 21.35 270
991 30.05 21.35 270
992 30.05 21.35 270
993 30.05 21.35 270
994 30.05 21.35 270
995 30.05 21.15 270
996 30.05 21.15 270
997 30.05 21.15 270
998 30.05 21.15 270
999 30.05 21.05 270
1000 30.05 21.05 270
1001 30.05 21.05 270
1002 30.05 21.05 270
1003 30.05 21.05 270
1004 30.05 20.95 270
1005 30.05 20.95 270
1006 30.05 20.95 270
1007 30.05 20.95 270
1008 30.05 20.95 270
1009 30.05 20.85 270
1010 30.05 20.85 270
1011 30.05 20.85 270
1012 30.05 20.85 270
1013 30.05 20.85 270
1014 30.05 20.75 270
1015 30.05 20.75 270
1016 30.05 20.75 270
1017 30.05 20.75 270
1018 30.05 20.75 270
1019 30.05 20.65 270
1020 30.05 20.65 270
1021 30.05 20.65 270
1022 30.05 20.55 270
1023 30.05 20.55 270
1024 30.05 20.55 270
1025 30.05 20.35 270
1026 30.05 20.35 270
1027 30.05 20.35 270
1028 30.05 20.15 270
1029 30.05 20.15 270
1030 30.05 20.15 270
1031 30.05 19.95 270
1032 30.05 19.95 270
1033 30.05 19.95 270
1034 30.05 19.75 270
1035 30.05 19.75 270
1036 30.05 19.75 270
1037 30.05 19.55 270
1038 30.05 19.55 270
1039 30.05 19.55 270
1040 30.05 19.25 270
1041 30.05 19.25 270
1042 30.05 19.25 270
1043 30.05 18.95 270
1044 30.05 18.95 270
1045 30.05 18.95 270
1046 30.05 18.65 270
1047 30.05 18.55 270
1048 30.05 18.25 270
1049 30.05 17.95 270
1050 30.05 17.65 270
1051 30.05 17.55 270
1052 30.05 17.55 270
1053 30.05 17.55 225
1054 30.05 17.55 225
1055 30.05 17.55 225
1056 29.95 17.35 225
1057 29.95 17.35 225
1058 29.95 17.35 225
1059 29.95 17.15 225
1060 29.95 17.15 225
1061 29.95 17.15 225
1062 29.95 16.95 225
1063 29.95 16.95 225
1064 29.95 16.95 225
1065 29.95 16.85 225
1066 29.95 16.85 270
1067 29.95 16.85 270
1068 29.95 16.85 270
1069 29.95 15.95 270
1070 29.95 15.65 270
1071 29.95 15.35 270
1072 29.95 15.05 270
1073 29.95 14.75 270
1074 29.95 14.45 270
1075 29.95 14.45 270
1076 29.95 14.45 270
1077 29.95 14.25 270
1078 29.95 14.25 270
1079 29.95 14.25 270
1080 29.95 13.85 270
1081 29.95 13.55 270
1082 29.95 13.25 270
1083 29.95 13.25 270
1084 29.95 13.25 270
1085 29.95 13.25 270
1086 29.95 13.25 270
1087 29.95 13.05 270
1088 29.95 13.05 270
1089 29.95 13.05 270
1090 29.95 13.05 270
1091 29.95 13.05 270
1092 29.95 13.05 270
1093 29.95 13.05 270
1094 29.95 13.05 270
1095 29.95 12.85 270
1096 29.95 12.85 270
1097 29.95 12.65 270
1098 29.95 12.65 270
1099 29.95 12.45 270
1100 29.95 12.45 270
1101 29.95 12.25 270
1102 29.95 12.25 270
1103 29.95 12.05 270
1104 29.95 12.05 270
1105 29.95 11.85 270
1106 29.95 11.85 270
1107 29.95 11.55 270
1108 29.95 11.55 270
1109 29.95 11.55 270
1110 29.95 11.55 270
1111 29.95 11.55 270
1112 29.95 11.55 270
1113 29.95 11.35 270
1114 29.95 11.35 270
1115 29.95 11.35 270
1116 29.95 11.35 270
1117 29.95 11.15 270
1118 29.95 11.15 270
1119 29.95 11.15 270
1120 29.95 11.15 270
1121 29.95 11.15 270
1122 29.95 11.15 270
1123 29.95 10.95 270
1124 29.95 10.95 270
1125 29.95 10.75 270
1126 29.95 10.75 270
1127 29.95 10.55 270
1128 29.95 10.55 270
1129 29.95 10.35 270
1130 29.95 10.35 270
1131 29.95 10.35 270
1132 29.95 10.35 270
1133 29.95 10.15 270
1134 29.95 10.15 270
1135 29.95 9.95 270
1136 29.95 9.95 270
1137 29.95 9.75 270
1138 29.95 9.75 270
1139 29.95 9.55 270
1140 29.95 9.55 270
1141 29.95 9.35 270
1142 29.95 9.35 270
1143 29.95 9.15 270
1144 29.95 9.15 270
1145 29.95 8.95 270
1146 29.95 8.95 270
1147 29.95 8.95 270
1148 29.95 8.95 270
1149 29.95 8.75 270
1150 29.95 8.75 270
1151 29.95 8.55 270
1152 29.95 8.55 270
1153 29.95 8.35 270
1154 29.95 8.35 270
1155 29.95 8.15 270
1156 29.95 8.15 270
1157 29.95 7.95 270
1158 29.95 7.95 270
1159 29.95 7.75 270
1160 29.95 7.75 270
1161 29.95 7.55 270
1162 29.95 7.55 270
1163 29.95 7.55 270
1164 29.95 7.55 270
1165 29.95 7.35 270
1166 29.95 7.35 270
1167 29.95 7.15 270
1168 29.95 7.15 270
1169 29.95 6.95 270
1170 29.95 6.95 270
1171 29.95 6.75 270
1172 29.95 6.75 270
1173 29.95 6.55 270
1174 29.95 6.55 270
1175 29.95 6.35 270
1176 29.95 6.35 270
1177 29.95 6.25 270
1178 29.95 6.25 270
1179 29.95 6.05 270
1180 29.95 6.05 270
1181 29.95 5.95 270
1182 29.95 5.95 270
1183 29.95 5.85 270
1184 29.95 5.85 270
1185 29.95 5.85 270
1186 29.95 5.85 270
1187 29.95 5.85 270
1188 29.95 5.85 270
1189 29.95 5.85 270
1190 29.95 5.85 270
1191 29.95 5.85 270
1192 29.95 5.85 270
1193 29.95 5.85 270
1194 29.95 5.85 270
1195 29.95 5.85 270
1196 29.95 5.85 225
1197 29.95 5.85 225
1198 29.95 5.85 225
1199 29.95 5.85 225
1200 29.95 5.85 225
1201 29.95 5.85 225
1202 29.85 5.85 225
1203 29.85 5.85 225
1204 29.75 5.85 225
1205 29.75 5.85 225
1206 29.65 5.75 225
1207 29.65 5.75 180
1208 29.65 5.75 180
1209 29.65 5.75 180
1210 29.65 5.75 180
1211 29.65 5.75 180
1212 29.65 5.75 180
1213 29.65 5.75 180
1214 29.45 5.95 180
1215 29.45 5.95 180
1216 29.45 5.95 180
1217 29.15 5.95 180
1218 29.15 5.95 180
1219 28.75 5.95 180
1220 28.75 5.95 180
1221 28.25 5.95 180
1222 28.25 5.95 180
1223 27.85 5.95 180
1224 27.85 5.95 180
1225 27.55 5.95 180
1226 27.55 5.95 180
1227 27.15 5.95 180
1228 27.15 5.95 180
1229 27.15 5.95 180
1230 26.85 5.95 180
1231 26.85 5.95 180
1232 26.65 5.95 180
1233 26.65 5.95 180
1234 26.45 5.95 180
1235 26.45 5.95 180
1236 26.25 5.95 180
1237 26.25 5.95 180
1238 26.05 5.95 180
1239 26.05 5.95 180
1240 25.85 5.95 180
1241 25.85 5.95 180
1242 25.65 5.95 180
1243 25.65 5.95 180
1244 25.45 5.95 180
1245 25.45 5.95 180
1246 25.45 5.95 180
1247 25.45 5.95 180
1248 25.25 5.95 180
1249 25.25 5.95 180
1250 25.05 5.95 180
1251 25.05 5.95 180
1252 24.75 5.95 180
1253 24.75 5.95 180
1254 24.45 5.95 180
1255 24.45 5.95 180
1256 24.25 5.95 180
1257 24.25 5.95 180
1258 24.05 5.95 180
1259 24.05 5.95 180
1260 23.85 5.95 180
1261 23.85 5.95 180
1262 23.85 5.95 180
1263 23.85 5.95 180
1264 23.65 5.95 180
1265 23.65 5.95 180
1266 23.65 5.95 180
1267 23.65 5.95 180
1268 23.35 5.95 180
1269 23.35 5.95 180
1270 23.35 5.95 180
1271 23.35 5.95 180
1272 23.15 5.95 180
1273 23.15 5.95 180
1274 23.15 5.95 180
1275 23.15 5.95 180
1276 22.95 5.95 180
1277 22.95 5.95 180
1278 22.95 5.95 180
1279 22.95 5.95 180
1280 22.75 5.95 180
1281 22.75 5.95 180
1282 22.75 5.95 180
1283 22.75 5.95 180
1284 22.55 5.95 180
1285 22.55 5.95 180
1286 22.55 5.95 180
1287 22.55 5.95 180
1288 22.35 5.95 180
1289 22.35 5.95 180
1290 22.35 5.95 180
1291 22.35 5.95 180
1292 22.05 6.05 180
1293 22.05 6.05 180
1294 22.05 6.05 180
1295 22.05 6.05 180
1296 22.05 6.05 180
1297 21.95 6.05 180
1298 21.95 6.05 180
1299 21.95 6.05 180
1300 21.95 6.05 180
1301 21.85 6.05 180
1302 21.85 6.05 180
1303 21.85 6.05 180
1304 21.85 6.05 180
1305 21.65 6.05 180
1306 21.65 6.05 180
1307 21.65 6.05 180
1308 21.65 6.05 180
1309 21.55 6.05 180
1310 21.55 6.05 180
1311 21.55 6.05 180
1312 21.55 6.05 180
1313 21.35 6.25 180
1314 21.35 6.25 180
1315 21.35 6.25 180
1316 21.35 6.25 180
1317 21.35 6.25 180
1318 21.25 6.25 180
1319 21.25 6.25 180
1320 21.25 6.25 180
1321 21.25 6.25 180
1322 21.25 6.25 180
1323 21.25 6.25 180
1324 21.25 6.25 180
1325 21.25 6.25 180
1326 21.25 6.25 180
1327 21.25 6.25 180
1328 21.25 6.25 180
1329 21.25 6.25 180
1330 21.25 6.25 180
1331 21.25 6.25 180
1332 21.25 6.25 180
1333 21.25 6.25 180
1334 21.25 6.25 180
1335 21.25 6.25 180
1336 21.25 6.25 180
1337 21.25 6.25 180
1338 21.25 6.25 180
1339 21.25 6.25 180
1340 21.25 6.25 180
1341 21.25 6.25 180
1342 21.15 6.25 180
1343 20.95 6.25 180
1344 20.95 6.25 180
1345 20.95 6.25 180
1346 20.95 6.25 180
1347 20.85 6.25 180
1348 20.85 6.25 180
1349 20.65 6.35 180
1350 20.65 6.35 180
1351 20.45 6.45 180
1352 20.35 6.55 180
1353 20.15 6.55 180
1354 19.95 6.55 180
1355 19.95 6.55 180
1356 19.75 6.55 180
1357 19.75 6.55 180
1358 19.75 6.55 180
1359 19.75 6.55 180
1360 19.65 6.55 180
1361 19.65 6.55 180
1362 19.65 6.55 180
1363 19.65 6.55 180
1364 19.55 6.55 180
1365 19.55 6.55 180
1366 19.45 6.55 180
1367 19.45 6.55 180
1368 19.25 6.65 180
1369 19.25 6.65 180
1370 19.15 6.65 180
1371 19.15 6.65 180
1372 19.05 6.65 180
1373 19.05 6.65 180
1374 19.05 6.65 135
1375 19.05 6.65 135
1376 19.05 6.65 135
1377 19.05 6.65 135
1378 19.05 6.65 90
1379 19.05 6.65 90
1380 19.05 6.65 45
1381 19.05 6.65 45
1382 19.05 6.65 45
1383 19.05 6.65 45
1384 19.05 6.65 90
1385 19.05 6.65 90
1386 19.05 6.65 90
1387 19.05 6.65 90
1388 19.05 6.85 90
1389 19.05 6.85 90
1390 19.05 6.85 90
1391 19.05 7.15 90
1392 19.05 7.15 90
1393 19.05 7.45 90
1394 19.05 7.45 90
1395 19.05 7.75 90
1396 19.05 7.75 90
1397 19.05 8.05 90
1398 19.05 8.05 90
1399 19.05 8.05 90
1400 19.05 8.35 90
1401 19.05 8.35 90
1402 19.05 8.65 90
1403 19.05 8.65 90
1404 19.05 8.85 90
1405 19.05 8.85 90
1406 19.05 8.85 90
1407 19.05 8.85 90
1408 19.05 8.85 90
1409 19.05 8.85 90
1410 19.05 8.85 90
1411 19.05 8.85 90
1412 19.05 8.85 90
1413 19.05 8.85 90
1414 19.15 8.95 90
1415 19.15 8.95 90
1416 19.15 8.95 90
1417 19.15 9.15 90
1418 19.15 9.15 90
1419 19.15 9.15 90
1420 19.15 9.35 90
1421 19.15 9.35 90
1422 19.15 9.35 90
1423 19.15 9.35 90
1424 19.15 9.35 90
1425 19.15 9.35 90
1426 19.15 9.35 90
1427 19.15 9.35 90
1428 19.15 9.35 90
1429 19.15 9.35 90
1430 19.15 9.35 90
1431 19.15 9.35 90
1432 19.15 9.35 90
1433 19.15 9.35 90
1434 19.15 9.35 90
1435 19.15 9.35 90
1436 19.15 9.35 90
1437 19.15 9.35 90
1438 19.15 9.35 90
1439 19.15 9.35 90
1440 19.15 9.35 90
1441 19.15 9.35 90
1442 19.15 9.35 90
1443 19.15 9.35 90
1444 19.15 9.35 90
1445 19.15 9.35 90
1446 19.15 9.35 90
1447 19.15 9.35 90
1448 19.15 9.35 90
1449 19.15 9.35 90
1450 19.15 9.55 90
1451 19.15 9.55 90
1452 19.15 9.55 90
1453 19.15 9.75 90
1454 19.25 9.85 90
1455 19.25 9.85 90
1456 19.25 10.05 90
1457 19.25 10.05 90
1458 19.25 10.05 90
1459 19.25 10.15 90
1460 19.25 10.15 90
1461 19.25 10.15 90
1462 19.25 10.25 90
1463 19.25 10.25 90
1464 19.25 10.25 90
1465 19.25 10.35 90
1466 19.25 10.35 90
1467 19.25 10.35 90
1468 19.25 10.35 90
1469 19.25 10.35 90
1470 19.25 10.45 90
1471 19.25 10.45 90
1472 19.25 10.45 90
1473 19.25 10.45 90
1474 19.25 10.45 90
1475 19.25 10.55 90
1476 19.25 10.55 90
1477 19.25 10.55 90
1478 19.25 10.55 90
1479 19.25 10.55 90
1480 19.35 10.85 90
1481 19.35 10.85 90
1482 19.35 10.85 90
1483 19.35 10.85 90
1484 19.35 10.85 90
1485 19.35 10.95 90
1486 19.35 10.95 90
1487 19.35 10.95 90
1488 19.35 10.95 90
1489 19.35 10.95 90
1490 19.35 11.05 90
1491 19.35 11.05 90
1492 19.35 11.05 90
1493 19.35 11.05 90
1494 19.35 11.05 90
1495 19.35 11.35 90
1496 19.35 11.55 90
1497 19.35 11.75 90
1498 19.35 11.95 90
1499 19.35 12.15 90
1500 19.35 12.35 90
1501 19.35 12.55 90
1502 19.35 12.75 90
1503 19.35 12.95 90
1504 19.35 13.15 90
1505 19.35 13.35 90
1506 19.35 13.55 90
1507 19.35 13.75 90
1508 19.35 13.95 90
1509 19.35 14.15 90
1510 19.35 14.35 90
1511 19.35 14.55 90
1512 19.35 14.75 90
1513 19.35 14.95 90
1514 19.35 15.15 90
1515 19.35 15.15 90
1516 19.35 15.15 90
1517 19.35 15.15 90
1518 19.35 15.15 90
1519 19.35 15.15 90
1520 19.35 15.15 90
1521 19.35 15.15 90
1522 19.35 15.15 90
1523 19.35 15.15 90
1524 19.35 15.35 90
1525 19.35 15.35 90
1526 19.35 15.35 90
1527 19.35 15.35 90
1528 19.35 15.35 90
1529 19.35 15.35 90
1530 19.35 15.35 90
1531 19.35 15.55 90
1532 19.25 15.55 90
1533 19.25 15.55 90
1534 19.25 15.55 90
1535 19.25 15.55 90
1536 19.25 15.55 90
1537 19.25 15.55 90
1538 19.25 15.65 90
1539 19.25 15.65 90
1540 19.25 15.65 90
1541 19.25 15.65 90
1542 19.25 15.65 90
1543 19.25 15.75 90
1544 19.25 15.75 90
1545 19.25 15.75 90
1546 19.25 15.75 90
1547 19.25 15.75 90
1548 19.25 15.75 90
1549 19.25 15.85 90
1550 19.25 15.95 90
1551 19.25 15.95 90
1552 19.25 15.95 90
1553 19.25 16.05 90
1554 19.25 16.15 90
1555 19.25 16.15 90
1556 19.25 16.15 90
1557 19.25 16.25 90
1558 19.25 16.35 90
1559 19.25 16.35 90
1560 19.25 16.45 90
1561 19.25 16.45 90
1562 19.25 16.55 90
1563 19.25 16.55 90
1564 19.25 16.65 90
1565 19.25 16.65 90
1566 19.25 16.65 90
1567 19.25 16.65 90
1568 19.25 16.65 90
1569 19.25 16.65 90
1570 19.25 16.65 90
1571 19.25 16.65 90
1572 19.25 16.65 90
1573 19.25 16.65 90
1574 19.25 16.65 90
1575 19.25 16.65 90
1576 19.25 16.65 90
1577 19.25 16.65 90
1578 19.25 16.65 90
1579 19.25 16.65 90
1580 19.25 16.65 90
1581 19.25 16.65 90
1582 19.25 16.65 90
1583 19.25 16.65 90
1584 19.25 16.65 90
1585 19.25 16.65 90
1586 19.25 16.65 90
1587 19.25 16.65 90
1588 19.25 16.75 90
1589 19.25 16.75 90
1590 19.25 16.75 90
1591 19.25 16.75 90
1592 19.25 16.85 90
1593 19.25 16.85 90
1594 19.25 16.85 90
1595 19.25 16.95 90
1596 19.25 16.95 90
1597 19.25 17.05 90
1598 19.25 17.05 90
1599 19.25 17.05 90
1600 19.25 17.15 90
1601 19.25 17.15 90
1602 19.25 17.25 90
1603 19.25 17.25 90
1604 19.25 17.25 90
1605 19.25 17.35 90
1606 19.25 17.35 90
1607 19.25 17.45 90
1608 19.25 17.45 90
1609 19.25 17.45 90
1610 19.25 17.55 90
1611 19.25 17.55 90
1612 19.25 17.65 90
1613 19.25 17.65 90
1614 19.25 17.65 90
1615 19.25 17.75 90
1616 19.25 17.75 90
1617 19.25 17.85 90
1618 19.25 17.85 90
1619 19.25 17.85 90
1620 19.25 17.95 90
1621 19.25 17.95 90
1622 19.25 18.05 90
1623 19.25 18.15 90
1624 19.25 18.25 90
1625 19.25 18.35 90
1626 19.25 18.45 90
1627 19.25 18.55 90
1628 19.25 18.65 90
1629 19.25 18.75 90
1630 19.25 18.85 90
1631 19.05 19.15 90
1632 19.05 19.25 90
1633 19.05 19.25 90
1634 19.05 19.35 90
1635 19.05 19.45 90
1636 19.05 19.55 90
1637 19.05 19.65 90
1638 19.05 19.75 90
1639 19.05 19.85 90
1640 18.95 19.95 90
1641 18.95 20.05 90
1642 18.95 20.15 90
1643 18.95 20.25 90
1644 18.95 20.35 90
1645 18.95 20.45 90
1646 18.95 20.45 90
1647 18.95 20.45 90
1648 18.95 20.45 90
1649 18.95 20.55 90
1650 18.95 20.55 90
1651 18.95 20.55 90
1652 18.95 20.65 90
1653 18.95 20.65 90
1654 18.85 20.75 90
1655 18.85 20.75 90
1656 18.85 20.75 90
1657 18.85 20.85 90
1658 18.85 20.85 90
1659 18.85 20.85 90
1660 18.85 20.95 90
1661 18.85 20.95 90
1662 18.85 20.95 90
1663 18.85 21.05 90
1664 18.85 21.05 90
1665 18.85 21.05 90
1666 18.85 21.05 90
1667 18.85 21.05 90
1668 18.85 21.05 90
1669 18.85 21.05 90
1670 18.85 21.05 90
1671 18.85 21.05 90
1672 18.85 21.05 90
1673 18.85 21.05 90
1674 18.85 21.05 90
1675 18.85 21.05 90
1676 18.85 21.05 90
1677 18.85 21.05 90
1678 18.95 21.25 90
1679 18.95 21.25 90
1680 18.95 21.35 90
1681 18.95 21.45 90
1682 18.95 21.45 90
1683 18.95 21.55 90
1684 18.95 21.75 90
1685 18.95 21.75 90
1686 18.95 21.75 90
1687 18.95 21.75 90
1688 18.95 22.05 90
1689 18.95 22.15 90
1690 18.95 22.25 90
1691 18.95 22.45 90
1692 18.95 22.45 90
1693 18.95 22.65 90
1694 18.95 22.85 90
1695 18.95 22.85 90
1696 18.95 23.05 90
1697 18.95 23.15 90
1698 18.95 23.15 90
1699 18.95 23.35 90
1700 18.95 23.45 90
1701 18.95 23.45 90
1702 18.95 23.65 90
1703 18.95 23.75 90
1704 18.95 23.75 90
1705 18.95 23.85 90
1706 18.95 23.95 90
1707 18.95 23.95 90
1708 18.95 24.05 90
1709 18.95 24.15 90
1710 18.95 24.15 90
1711 18.95 24.15 90
1712 18.95 24.15 90
1713 18.95 24.15 90
1714 18.95 24.15 90
1715 18.95 24.35 90
1716 18.95 24.35 90
1717 18.95 24.55 90
1718 18.95 24.55 90
1719 18.95 24.55 90
1720 18.95 24.55 90
1721 18.95 24.55 90
1722 18.95 24.55 90
1723 18.95 24.55 90
1724 18.95 24.55 90
1725 18.95 24.55 90
1726 18.95 24.55 90
1727 18.95 24.65 90
1728 18.95 24.65 90
1729 18.95 24.65 90
1730 18.95 24.65 90
1731 18.95 24.65 90
1732 18.95 24.65 45
1733 18.95 24.65 45
1734 18.95 24.65 0
1735 18.95 24.65 0
1736 18.95 24.65 0
1737 18.95 24.65 0
1738 18.95 24.65 0
1739 18.95 24.65 0
1740 18.95 24.65 0
1741 18.95 24.65 0
1742 18.95 24.65 0
1743 18.95 24.65 45
1744 18.95 24.65 45
1745 18.95 24.65 90
1746 18.95 24.65 90
1747 18.95 24.65 135
1748 18.95 24.65 135
1749 18.95 24.65 180
1750 18.95 24.65 180
1751 18.95 24.65 180
1752 18.95 24.65 180
1753 18.95 24.65 180
1754 18.95 24.65 180
1755 18.95 24.65 180
1756 18.95 24.65 180
1757 18.95 24.65 180
1758 18.95 24.65 180
1759 18.95 24.65 180
1760 18.95 24.65 180
1761 18.95 24.65 180
1762 18.95 24.65 180
1763 18.95 24.65 180
1764 18.95 24.65 180
1765 18.95 24.65 180
1766 18.95 24.65 180
1767 18.95 24.65 180
1768 18.95 24.65 180
1769 18.95 24.65 180
1770 18.95 24.65 180
1771 18.95 24.65 180
1772 18.95 24.65 180
1773 18.95 24.65 180
1774 18.95 24.65 180
1775 18.95 24.65 180
1776 18.95 24.65 180
1777 18.95 24.65 180
1778 18.95 24.65 135
1779 18.95 24.65 135
1780 18.95 24.65 90
1781 18.95 24.65 90
1782 18.95 24.65 90
1783 18.95 24.65 90
1784 18.95 24.65 90
1785 18.95 24.65 90
1786 18.95 24.65 90
1787 18.95 24.65 90
1788 18.95 24.65 90
1789 18.95 24.65 90
1790 18.95 24.65 90
1791 18.95 24.65 90
1792 18.95 24.65 90
1793 18.95 24.65 90
1794 18.95 24.65 90
1795 18.95 24.65 90
1796 18.95 24.65 90
1797 18.95 24.65 90
1798 18.95 24.65 90
1799 18.95 24.65 90
1800 18.95 24.65 90
1801 18.95 24.65 90
1802 18.95 24.65 90
1803 18.95 24.65 90
1804 18.95 24.65 90
1805 18.95 24.65 90
1806 18.95 24.65 90
1807 18.95 24.65 90
1808 18.95 24.65 90
1809 18.95 24.65 90
1810 18.95 24.65 90
1811 18.95 24.65 90
1812 18.95 24.65 90
1813 18.95 24.65 90
1814 18.95 24.65 90
1815 18.95 24.65 90
1816 18.95 24.65 90
1817 18.95 24.65 90
1818 18.95 24.65 90
1819 18.95 24.65 90
1820 18.95 24.65 90
1821 18.95 23.95 90
1822 18.95 23.95 90
1823 18.95 23.95 90
1824 18.95 23.95 90
1825 18.95 23.95 90
1826 18.95 23.95 90
1827 18.95 23.95 90
1828 18.95 23.95 90
1829 18.95 23.95 90
1830 18.95 23.95 90
1831 18.95 23.95 90
1832 18.95 23.95 90
1833 18.95 23.95 90
1834 18.95 23.95 90
1835 18.95 23.95 90
1836 18.95 23.95 90
1837 18.95 23.95 90
1838 18.95 23.95 90
1839 18.95 23.95 90
1840 18.95 23.95 45
1841 18.95 23.95 45
1842 18.95 23.95 45
1843 18.95 23.95 45
1844 18.95 23.95 45
1845 18.95 23.95 45
1846 18.95 23.95 45
1847 18.95 23.95 45
1848 19.05 24.05 45
1849 19.05 24.05 45
1850 19.35 24.35 45
1851 19.35 24.35 45
1852 19.35 24.35 45
1853 19.35 24.55 45
1854 19.35 24.55 45
1855 19.35 24.65 45
1856 19.35 24.65 45
1857 19.35 24.65 45
1858 19.35 24.65 45
1859 19.35 24.65 45
1860 19.35 24.75 45
1861 19.35 24.75 45
1862 19.35 24.75 45
1863 19.35 24.75 45
1864 19.35 24.85 45
1865 19.35 24.85 45
1866 19.35 24.95 45
1867 19.35 25.05 45
1868 19.35 25.15 90
1869 19.35 25.15 90
1870 19.35 25.15 90
1871 19.35 25.15 90
1872 19.35 25.15 90
1873 19.35 25.15 90
1874 19.35 25.25 90
1875 19.35 25.35 90
1876 19.35 25.35 90
1877 19.35 25.35 90
1878 19.35 25.45 90
1879 19.35 25.45 90
1880 19.35 25.55 90
1881 19.35 25.65 90
1882 19.35 25.65 90
1883 19.35 25.65 90
1884 19.35 25.75 90
1885 19.35 25.75 90
1886 19.35 25.75 90
1887 19.35 25.85 90
1888 19.35 25.85 90
1889 19.35 25.85 90
1890 19.35 25.95 90
1891 19.35 26.05 90
1892 19.35 26.15 90
1893 19.35 26.15 90
1894 19.35 26.25 90
1895 19.35 26.35 90
1896 19.35 26.35 90
1897 19.35 26.35 90
1898 19.35 26.35 90
1899 19.35 26.35 90
1900 19.35 26.35 90
1901 19.35 26.35 90
1902 19.35 26.35 90
1903 19.35 26.35 90
1904 19.35 26.45 90
1905 19.35 26.45 90
1906 19.35 26.45 90
1907 19.35 26.55 90
1908 19.35 26.55 90
1909 19.35 26.55 90
1910 19.35 26.55 90
1911 19.35 26.55 90
1912 19.35 26.55 90
1913 19.35 26.55 90
1914 19.35 26.55 90
1915 19.35 26.55 90
1916 19.35 26.75 90
1917 19.35 26.75 90
1918 19.35 26.85 90
1919 19.35 26.85 90
1920 19.35 26.85 90
1921 19.35 26.85 90
1922 19.35 26.85 90
1923 19.35 26.95 90
1924 19.35 26.95 90
1925 19.35 26.95 90
1926 19.35 27.05 90
1927 19.35 27.05 90
1928 19.35 27.15 90
1929 19.35 27.15 90
1930 19.35 27.15 90
1931 19.35 27.15 90
1932 19.35 27.15 90
1933 19.35 27.25 90
1934 19.35 27.25 90
1935 19.35 27.25 90
1936 19.35 27.25 90
1937 19.35 27.25 90
1938 19.35 27.45 90
1939 19.35 27.55 90
1940 19.35 27.75 90
1941 19.35 27.85 90
1942 19.35 27.85 90
1943 19.35 27.95 90
1944 19.35 28.05 90
1945 19.35 28.05 90
1946 19.35 28.15 90
1947 19.35 28.15 90
1948 19.35 28.35 90
1949 19.35 28.55 90
1950 19.35 28.65 90
1951 19.35 28.85 90
1952 19.35 29.05 90
1953 19.35 29.05 90
1954 19.35 29.15 90
1955 19.35 29.25 90
1956 19.35 29.25 90
1957 19.35 29.35 90
1958 19.35 29.45 90
1959 19.35 29.45 90
1960 19.35 29.55 90
1961 19.35 29.65 90
1962 19.35 29.65 90
1963 19.35 29.75 90
1964 19.35 29.95 90
1965 19.35 30.15 90
1966 19.35 30.35 90
1967 19.35 30.55 90
1968 19.35 30.75 90
1969 19.35 30.95 90
1970 19.35 31.15 90
1971 19.35 31.35 90
1972 19.35 31.55 90
1973 19.35 31.75 90
1974 19.35 31.95 90
1975 19.35 32.15 90
1976 19.35 32.35 90
1977 19.35 32.55 90
1978 19.35 32.75 90
1979 19.35 32.95 90
1980 19.35 33.15 90
1981 19.35 33.35 90
1982 19.35 33.35 90
1983 19.35 33.45 90
1984 19.35 33.45 90
1985 19.35 33.55 90
1986 19.35 33.55 90
1987 19.35 33.65 90
1988 19.35 33.65 90
1989 19.35 33.75 90
1990 19.35 33.75 90
1991 19.35 33.85 90
1992 19.35 33.85 90
1993 19.35 33.95 90
1994 19.35 33.95 90
1995 19.35 34.05 90
1996 19.35 34.05 90
1997 19.35 34.15 90
1998 19.35 34.15 90
1999 19.35 34.25 90
2000 19.35 34.25 90
2001 19.35 34.35 90
2002 19.35 34.35 90
2003 19.35 34.45 90
2004 19.35 34.45 90
2005 19.35 34.55 90
2006 19.35 34.55 90
2007 19.35 34.65 90
2008 19.35 34.65 90
2009 19.35 34.65 90
2010 19.35 34.75 90
2011 19.35 34.75 90
2012 19.35 34.75 90
2013 19.35 34.85 90
2014 19.35 34.85 90
2015 19.35 34.85 90
2016 19.35 34.95 90
2017 19.35 34.95 90
2018 19.35 34.95 90
2019 19.35 35.05 90
2020 19.35 35.05 90
2021 19.35 35.05 90
2022 19.35 35.15 90
2023 19.35 35.15 90
2024 19.35 35.15 90
2025 19.35 35.25 90
2026 19.35 35.25 90
2027 19.35 35.25 90
2028 19.35 35.35 90
2029 19.35 35.35 90
2030 19.35 35.35 90
2031 19.35 35.45 90
2032 19.35 35.45 90
2033 19.35 35.45 90
2034 19.35 35.55 90
2035 19.35 35.55 90
2036 19.35 35.55 90
2037 19.35 35.65 90
2038 19.35 35.65 45
2039 19.35 35.65 45
2040 19.35 35.65 0
2041 19.35 35.65 0
2042 19.35 35.65 0
2043 19.35 35.65 0
2044 19.35 35.65 0
2045 19.35 35.65 0
2046 19.35 35.65 315
2047 19.35 35.65 315
2048 19.35 35.65 315
2049 19.35 35.65 315
2050 19.35 35.65 315
2051 19.35 35.65 315
2052 19.35 35.65 315
2053 19.35 35.65 315
2054 19.35 35.65 270
2055 19.35 35.65 270
2056 19.35 35.65 270
2057 19.15 35.65 270
2058 19.15 35.65 270
2059 19.15 35.65 270
2060 19.15 35.65 270
2061 19.15 35.45 270
2062 19.15 35.45 270
2063 19.15 35.45 270
2064 19.15 35.25 270
2065 19.15 35.25 270
2066 19.15 35.25 270
2067 19.15 35.05 270
2068 19.15 35.05 270
2069 19.15 35.05 270
2070 19.15 34.85 270
2071 19.15 34.85 270
2072 19.15 34.85 270
2073 19.15 34.65 270
2074 19.15 34.65 270
2075 19.15 34.65 270
2076 19.15 34.65 270
2077 19.15 34.65 270
2078 19.15 34.45 270
2079 19.15 34.45 270
2080 19.15 34.45 270
2081 19.15 34.25 270
2082 19.15 34.25 270
2083 19.15 34.25 270
2084 19.15 33.85 270
2085 19.15 33.85 270
2086 19.15 33.85 270
2087 19.15 33.65 270
2088 19.15 33.65 270
2089 19.15 33.65 270
2090 19.15 33.35 270
2091 19.15 33.35 270
2092 19.15 33.05 270
2093 19.15 33.05 270
2094 19.15 32.75 270
2095 19.15 32.75 270
2096 19.15 32.45 270
2097 19.15 32.45 270
2098 19.15 32.15 270
2099 19.15 32.15 270
2100 19.15 31.85 270
2101 19.15 31.85 270
2102 19.15 31.55 270
2103 19.15 31.55 270
2104 19.15 31.25 270
2105 19.15 31.25 270
2106 19.15 30.95 270
2107 19.15 30.95 270
2108 19.15 30.65 270
2109 19.15 30.65 270
2110 19.15 30.35 270
2111 19.15 30.35 270
2112 19.15 30.05 270
2113 19.15 30.05 270
2114 19.15 29.75 270
2115 19.15 29.75 270
2116 19.15 29.45 270
2117 19.15 29.45 270
2118 19.15 29.15 270
2119 19.15 29.15 270
2120 19.15 28.85 270
2121 19.15 28.85 270
2122 19.15 28.55 270
2123 19.15 28.55 270
2124 19.15 28.25 270
2125 19.15 28.25 270
2126 19.15 27.95 270
2127 19.15 27.95 270
2128 19.15 27.95 270
2129 19.15 27.95 270
2130 19.15 27.75 270
2131 19.15 27.75 270
2132 19.15 27.75 270
2133 19.15 27.75 270
2134 19.15 27.55 270
2135 19.15 27.55 270
2136 19.15 27.55 270
2137 19.15 27.55 270
2138 19.15 27.35 270
2139 19.15 27.35 270
2140 19.15 27.35 270
2141 19.15 27.35 270
2142 19.15 27.15 270
2143 19.15 27.15 270
2144 19.15 27.15 270
2145 19.15 27.15 270
2146 19.15 26.95 270
2147 19.15 26.95 270
2148 19.15 26.95 270
2149 19.15 26.95 270
2150 19.15 26.75 270
2151 19.15 26.75 270
2152 19.15 26.75 270
2153 19.15 26.75 270
2154 19.15 26.55 270
2155 19.15 26.55 270
2156 19.15 26.55 270
2157 19.15 26.55 270
2158 19.15 26.35 270
2159 19.15 26.35 270
2160 19.15 26.35 270
2161 19.15 26.35 270
2162 19.15 26.15 270
2163 19.15 26.15 270
2164 19.15 26.15 270
2165 19.15 26.15 270
2166 19.15 25.95 270
2167 19.15 25.95 270
2168 19.15 25.95 270
2169 19.15 25.95 270
2170 19.15 25.75 270
2171 19.15 25.75 270
2172 19.15 25.75 270
2173 19.15 25.75 270
2174 19.15 25.55 270
2175 19.15 25.55 270
2176 19.15 25.55 270
2177 19.15 25.55 270
2178 19.15 25.35 270
2179 19.15 25.35 270
2180 19.15 24.85 270
2181 19.15 24.75 270
2182 19.15 24.55 270
2183 19.15 24.35 270
2184 19.15 24.25 270
2185 19.15 23.75 270
2186 19.15 23.65 270
2187 19.15 23.45 270
2188 19.15 23.25 270
2189 19.15 23.15 270
2190 19.15 22.95 270
2191 19.15 22.75 270
2192 19.15 22.65 270
2193 19.15 22.45 270
2194 19.15 22.25 270
2195 19.15 22.15 270
2196 19.15 21.95 270
2197 19.15 21.95 270
2198 19.15 21.95 270
2199 19.15 21.95 270
2200 19.15 21.65 270
2201 19.15 21.45 270
2202 19.15 21.35 270
2203 19.15 21.25 270
2204 19.15 21.05 270
2205 19.15 20.95 270
2206 19.15 20.75 270
2207 19.15 20.55 270
2208 19.15 20.45 270
2209 19.15 20.25 270
2210 19.15 20.05 270
2211 19.15 19.95 270
2212 19.15 19.75 270
2213 19.15 19.55 270
2214 19.15 19.45 270
2215 19.15 19.25 270
2216 19.15 19.05 270
2217 19.15 18.95 270
2218 19.15 18.75 270
2219 19.15 18.75 270
2220 19.15 18.75 270
2221 19.15 18.75 270
2222 19.15 18.65 270
2223 19.15 18.45 270
2224 19.15 18.45 270
2225 19.15 18.35 270
2226 19.15 18.15 270
2227 19.15 18.15 270
2228 19.15 18.05 270
2229 19.15 17.85 270
2230 19.15 17.85 270
2231 19.15 17.75 270
2232 19.15 17.75 270
2233 19.15 17.75 270
2234 19.15 17.65 270
2235 19.15 17.65 270
2236 19.15 17.65 270
2237 19.15 17.55 270
2238 19.15 17.55 270
2239 19.15 17.55 270
2240 19.15 17.45 270
2241 19.15 17.45 270
2242 19.15 17.45 270
2243 19.15 17.35 270
2244 19.15 17.35 270
2245 19.15 17.35 270
2246 19.15 17.25 270
2247 19.15 17.25 270
2248 19.15 17.25 270
2249 19.15 17.15 270
2250 19.15 17.15 270
2251 19.15 17.15 270
2252 19.15 17.15 270
2253 19.15 17.15 270
2254 19.15 17.15 270
2255 19.15 17.15 270
2256 19.15 17.15 270
2257 19.15 17.15 270
2258 19.15 17.15 270
2259 19.15 17.15 270
2260 19.15 17.15 270
2261 19.15 17.15 270
2262 19.15 17.15 270
2263 19.15 17.15 270
2264 19.15 16.95 270
2265 19.15 16.95 270
2266 19.15 16.85 270
2267 19.15 16.75 270
2268 19.15 16.65 270
2269 19.15 16.65 270
2270 19.15 16.65 270
2271 19.15 16.55 270
2272 19.15 16.45 270
2273 19.15 16.35 270
2274 19.15 16.35 270
2275 19.15 16.35 270
2276 19.15 16.25 270
2277 19.15 16.15 270
2278 19.15 16.05 270
2279 19.15 16.05 270
2280 19.15 16.05 270
2281 19.15 15.95 270
2282 19.15 15.85 270
2283 19.15 15.75 270
2284 19.15 15.75 270
2285 19.15 15.75 270
2286 19.15 15.65 270
2287 19.15 15.55 270
2288 19.15 15.25 270
2289 19.15 14.95 270
2290 19.15 14.65 270
2291 19.15 14.35 270
2292 19.15 14.15 270
2293 19.15 13.95 270
2294 19.15 13.65 270
2295 19.15 13.35 270
2296 19.15 13.05 270
2297 19.15 12.75 270
2298 19.15 12.45 270
2299 19.15 12.45 270
2300 19.15 12.25 270
2301 19.15 12.25 270
2302 19.15 12.05 270
2303 19.15 12.05 270
2304 19.15 11.85 270
2305 19.15 11.85 270
2306 19.15 11.65 270
2307 19.15 11.65 270
2308 19.15 11.45 270
2309 19.15 11.45 270
2310 19.15 11.25 270
2311 19.15 11.25 270
2312 19.15 11.05 270
2313 19.15 11.05 270
2314 19.15 11.05 270
2315 19.15 11.05 270
2316 19.15 11.05 270
2317 19.15 11.05 270
2318 19.15 10.95 270
2319 19.15 10.95 270
2320 19.15 10.95 270
2321 19.15 10.95 270
2322 19.15 10.95 270
2323 19.15 10.95 270
2324 19.15 10.95 270
2325 19.15 10.85 270
2326 19.15 10.85 270
2327 19.15 10.85 270
2328 19.15 10.85 270
2329 19.15 10.85 270
2330 19.15 10.85 270
2331 19.15 10.85 270
2332 19.15 10.75 270
2333 19.15 10.75 270
2334 19.15 10.75 270
2335 19.15 10.75 270
2336 19.15 10.75 270
2337 19.15 10.75 270
2338 19.15 10.75 270
2339 19.15 10.65 270
2340 19.15 10.65 270
2341 19.15 10.65 270
2342 19.15 10.65 270
2343 19.15 10.65 270
2344 19.15 10.65 270
2345 19.15 10.65 270
2346 19.15 10.55 270
2347 19.15 10.55 270
2348 19.25 10.65 270
2349 19.25 10.65 270
2350 19.25 10.65 270
2351 19.25 10.65 270
2352 19.25 10.55 270
2353 19.25 10.55 270
2354 19.25 10.55 270
2355 19.25 10.55 270
2356 19.25 10.45 270
2357 19.25 10.45 270
2358 19.25 10.45 270
2359 19.25 10.45 270
2360 19.25 10.35 270
2361 19.25 10.35 270
2362 19.25 10.35 270
2363 19.25 10.35 270
2364 19.25 10.25 270
2365 19.25 10.25 270
2366 19.25 10.25 270
2367 19.25 10.25 270
2368 19.25 10.15 270
2369 19.25 10.15 270
2370 19.25 10.15 270
2371 19.25 10.15 270
2372 19.25 10.05 270
2373 19.25 10.05 270
2374 19.25 10.05 270
2375 19.25 10.05 270
2376 19.25 9.95 270
2377 19.25 9.95 270
2378 19.25 9.95 270
2379 19.25 9.95 270
2380 19.25 9.85 270
2381 19.25 9.85 270
2382 19.25 9.85 270
2383 19.25 9.85 270
2384 19.25 9.75 270
2385 19.25 9.75 270
2386 19.25 9.75 270
2387 19.25 9.75 270
2388 19.25 9.65 270
2389 19.25 9.65 270
2390 19.25 9.65 270
2391 19.25 9.65 270
2392 19.25 9.65 270
2393 19.25 9.65 270
2394 19.25 9.65 270
2395 19.25 9.65 270
2396 19.25 9.65 270
2397 19.25 9.65 270
2398 19.25 9.65 270
2399 19.25 9.65 270
2400 19.25 9.65 270
2401 19.25 9.65 270
2402 19.25 9.65 270
2403 19.25 9.65 270
2404 19.25 9.65 270
2405 19.25 9.65 270
2406 19.25 9.65 270
2407 19.25 9.65 270
2408 19.25 9.65 270
2409 19.25 9.65 270
2410 19.25 9.65 270
2411 19.25 9.65 270
2412 19.25 9.65 270
2413 19.25 9.65 270
2414 19.25 9.65 270
2415 19.25 9.65 270
2416 19.25 9.65 270
2417 19.25 9.65 270
2418 19.25 9.65 270
2419 19.25 9.65 270
2420 19.25 9.65 270
2421 19.25 9.65 270
2422 19.25 9.65 270
2423 19.25 9.65 270
2424 19.25 9.65 270
2425 19.25 9.65 270
2426 19.25 9.65 270
2427 19.25 9.65 270
2428 19.25 9.65 270
2429 19.25 9.65 270
2430 19.25 9.65 270
2431 19.25 9.55 270
2432 19.25 9.55 270
2433 19.25 9.55 270
2434 19.25 9.45 270
2435 19.25 9.45 270
2436 19.25 9.45 270
2437 19.25 9.35 270
2438 19.25 9.35 270
2439 19.25 9.35 270
2440 19.25 9.25 270
2441 19.25 9.25 270
2442 19.25 9.25 270
2443 19.25 9.15 270
2444 19.25 9.15 270
2445 19.25 9.15 270
2446 19.25 9.05 270
2447 19.25 9.05 270
2448 19.25 9.05 270
2449 19.25 8.95 270
2450 19.25 8.95 270
2451 19.25 8.95 270
2452 19.25 8.85 270
2453 19.25 8.85 270
2454 19.25 8.85 270
2455 19.25 8.75 270
2456 19.25 8.75 270
2457 19.25 8.75 270
2458 19.25 8.65 270
2459 19.25 8.65 270
2460 19.25 8.65 270
2461 19.25 8.55 270
2462 19.25 8.55 270
2463 19.25 8.55 270
2464 19.25 8.45 270
2465 19.25 8.45 270
2466 19.25 8.45 270
2467 19.25 8.35 270
2468 19.25 8.35 270
2469 19.25 8.35 270
2470 19.25 8.25 270
2471 19.25 8.25 270
2472 19.25 8.25 270
2473 19.25 8.15 270
2474 19.25 8.15 270
2475 19.25 8.15 270
2476 19.25 8.05 270
2477 19.25 8.05 270
2478 19.25 8.05 270
2479 19.25 7.95 270
2480 19.25 7.95 270
2481 19.25 7.95 270
2482 19.25 7.85 270
2483 19.25 7.85 270
2484 19.25 7.85 270
2485 19.25 7.75 270
2486 19.25 7.75 270
2487 19.25 7.75 270
2488 19.25 7.65 270
2489 19.25 7.65 270
2490 19.25 7.65 270
2491 19.25 7.55 270
2492 19.25 7.55 270
2493 19.25 7.55 270
2494 19.25 7.45 270
2495 19.25 7.45 270
2496 19.25 7.45 270
2497 19.25 7.35 270
2498 19.25 7.35 270
2499 19.25 7.35 270
2500 19.25 7.25 270
2501 19.25 7.25 270
2502 19.25 7.25 270
2503 19.25 7.15 270
2504 19.25 7.15 270
2505 19.25 7.15 270
2506 19.25 7.05 270
2507 19.25 7.05 270
2508 19.25 7.05 270
2509 19.25 6.95 270
2510 19.25 6.95 270
2511 19.25 6.95 270
2512 19.15 6.95 270
2513 19.15 6.95 270
2514 19.15 6.95 270
2515 19.15 6.85 270
2516 19.15 6.85 270
2517 19.15 6.85 270
2518 19.15 6.75 270
2519 19.15 6.75 270
2520 19.15 6.75 270
2521 19.15 6.65 270
2522 19.15 6.65 270
2523 19.15 6.65 270
2524 19.15 6.55 270
2525 19.15 6.55 270
2526 19.15 6.55 270
2527 19.15 6.45 270
2528 19.15 6.45 270
2529 19.15 6.45 270
2530 19.15 6.35 270
2531 19.15 6.35 270
2532 19.15 6.35 270
2533 19.15 6.25 270
2534 19.15 6.25 270
2535 19.15 6.25 270
2536 19.15 6.15 270
2537 19.15 6.15 270
2538 19.15 6.15 270
2539 19.15 6.05 270
2540 19.15 6.05 270
2541 19.15 6.05 270
2542 19.15 5.95 270
2543 19.15 5.95 270
2544 19.15 5.95 270
2545 19.15 5.85 270
2546 19.15 5.85 270
2547 19.15 5.85 270
2548 19.15 5.85 270
2549 19.15 5.85 270
2550 19.15 5.85 270
2551 19.15 5.95 270
2552 19.15 5.95 270
2553 19.15 5.95 270
2554 19.15 5.95 270
2555 19.15 5.95 270
2556 19.15 5.95 270
2557 19.15 5.95 270
2558 19.15 5.95 270
2559 19.15 5.95 270
2560 19.15 5.95 270
2561 19.15 5.95 270
2562 19.15 5.95 270
2563 19.15 5.95 270
2564 19.15 5.95 270
2565 19.15 5.95 270
2566 19.15 5.95 270
2567 19.15 5.95 270
2568 19.15 5.95 270
2569 19.15 5.95 270
2570 19.15 5.95 270
2571 19.15 5.85 270
2572 19.15 5.85 270
2573 19.15 5.85 270
2574 19.15 5.85 270
2575 19.15 5.85 270
2576 19.15 5.85 270
2577 19.15 5.85 270
2578 19.15 5.85 270
2579 19.15 5.85 270
2580 19.15 5.85 270
2581 19.15 5.85 270
2582 19.15 5.85 270
2583 19.15 5.75 270
2584 19.15 5.75 270
2585 19.15 5.75 270
2586 19.15 5.75 270
2587 19.15 5.75 270
2588 19.15 5.75 270
2589 19.15 5.75 270
2590 19.15 5.65 270
2591 19.15 5.65 270
2592 19.15 5.65 270
2593 19.15 5.65 270
2594 19.15 5.65 270
2595 19.15 5.65 270
2596 19.15 5.65 270
2597 19.15 5.65 270
2598 19.15 5.65 270
2599 19.15 5.65 270
2600 19.15 5.65 270
2601 19.15 5.65 270
2602 19.15 5.65 225
2603 19.15 5.65 225
2604 19.15 5.65 180
2605 19.15 5.65 180
2606 19.15 5.65 180
2607 19.15 5.65 180
2608 19.15 5.65 135
2609 19.15 5.65 135
2610 19.15 5.65 135
2611 19.05 5.75 135
2612 18.95 5.75 135
2613 18.95 5.75 180
2614 18.95 5.75 180
2615 18.95 5.75 180
2616 18.95 5.75 180
2617 18.95 5.75 180
2618 18.95 5.75 180
2619 18.95 5.75 180
2620 18.95 5.75 180
2621 18.95 5.75 180
2622 18.85 5.75 180
2623 18.75 5.75 180
2624 18.35 5.75 180
2625 18.25 5.75 180
2626 17.95 5.75 180
2627 17.65 5.75 180
2628 17.35 5.75 180
2629 17.05 5.75 180
2630 16.95 5.85 180
2631 16.95 5.85 180
2632 16.95 5.85 180
2633 16.85 5.85 180
2634 16.85 5.85 180
2635 16.85 5.85 180
2636 16.55 5.85 180
2637 16.55 5.85 180
2638 16.55 5.85 180
2639 16.25 5.85 180
2640 16.25 5.85 180
2641 16.15 5.85 180
2642 16.05 5.85 180
2643 15.95 5.85 180
2644 15.85 5.85 180
2645 15.75 5.85 180
2646 15.65 5.85 180
2647 15.55 5.85 180
2648 15.45 5.85 180
2649 15.45 5.85 180
2650 15.25 5.85 180
2651 15.15 5.85 180
2652 15.15 5.85 180
2653 14.95 5.85 180
2654 14.85 5.85 180
2655 14.85 5.85 180
2656 14.85 5.85 180
2657 14.85 5.85 180
2658 14.85 5.85 180
2659 14.85 5.85 180
2660 14.85 5.85 180
2661 14.85 5.85 180
2662 14.85 5.85 180
2663 14.85 5.85 180
2664 14.85 5.85 180
2665 14.55 5.85 180
2666 14.55 5.85 180
2667 14.45 5.85 180
2668 14.45 5.85 180
2669 14.45 5.85 180
2670 14.35 5.85 180
2671 14.35 5.85 180
2672 14.35 5.85 180
2673 14.25 5.85 180
2674 14.25 5.85 180
2675 14.25 5.85 180
2676 14.15 5.85 180
2677 14.15 5.85 180
2678 14.15 5.85 180
2679 14.05 5.85 180
2680 14.05 5.85 180
2681 14.05 5.85 180
2682 13.95 5.85 180
2683 13.95 5.85 180
2684 13.95 5.85 180
2685 13.95 5.85 180
2686 13.95 5.85 180
2687 13.85 5.85 180
2688 13.85 5.85 180
2689 13.85 5.85 180
2690 13.75 5.85 180
2691 13.75 5.85 180
2692 13.75 5.85 180
2693 13.55 5.85 180
2694 13.55 5.85 180
2695 13.55 5.85 180
2696 13.35 5.85 180
2697 13.35 5.85 180
2698 13.35 5.85 180
2699 13.05 5.85 180
2700 13.05 5.85 180
2701 12.85 5.85 180
2702 12.75 5.65 180
2703 12.45 5.65 180
2704 12.25 5.65 180
2705 12.05 5.65 180
2706 12.05 5.65 180
2707 11.95 5.55 180
2708 11.85 5.55 180
2709 11.75 5.55 180
2710 11.75 5.55 180
2711 11.65 5.55 180
2712 11.65 5.55 180
2713 11.55 5.55 180
2714 11.55 5.55 180
2715 11.45 5.55 180
2716 11.45 5.55 180
2717 11.35 5.55 180
2718 11.35 5.55 180
2719 11.25 5.55 180
2720 11.25 5.55 180
2721 11.15 5.55 180
2722 11.15 5.55 180
2723 11.05 5.55 180
2724 11.05 5.55 180
2725 11.05 5.55 180
2726 11.05 5.55 180
2727 11.05 5.55 180
2728 11.05 5.55 180
2729 11.05 5.55 180
2730 11.05 5.55 180
2731 11.05 5.55 180
2732 11.05 5.55 180
2733 10.95 5.55 180
2734 10.75 5.55 180
2735 10.55 5.55 180
2736 10.55 5.55 180
2737 10.45 5.55 180
2738 10.45 5.55 180
2739 10.45 5.55 180
2740 10.35 5.55 180
2741 10.35 5.55 180
2742 10.35 5.55 180
2743 10.35 5.55 180
2744 10.25 5.55 180
2745 10.25 5.55 180
2746 10.25 5.55 180
2747 10.25 5.55 180
2748 10.15 5.55 180
2749 10.15 5.55 180
2750 10.15 5.55 180
2751 9.85 5.55 180
2752 9.85 5.55 180
2753 9.65 5.55 180
2754 9.65 5.55 180
2755 9.65 5.55 180
2756 9.65 5.55 180
2757 9.65 5.55 180
2758 9.65 5.55 180
2759 9.65 5.55 180
2760 9.65 5.55 180
2761 9.65 5.55 180
2762 9.65 5.55 180
2763 9.65 5.55 180
2764 9.65 5.55 180
2765 9.65 5.55 180
2766 9.65 5.55 180
2767 9.65 5.55 180
2768 9.65 5.55 180
2769 9.65 5.55 180
2770 9.65 5.55 180
2771 9.65 5.55 180
2772 9.65 5.55 180
2773 9.65 5.55 180
2774 9.55 5.55 180
2775 9.55 5.55 180
2776 9.55 5.55 180
2777 9.45 5.55 180
2778 9.45 5.55 180
2779 9.25 5.55 180
2780 9.05 5.55 180
2781 8.85 5.55 180
2782 8.85 5.55 180
2783 8.85 5.55 180
2784 8.65 5.55 180
2785 8.45 5.55 180
2786 8.25 5.55 180
2787 8.25 5.55 180
2788 8.15 5.55 180
2789 8.15 5.55 180
2790 8.15 5.55 180
2791 8.15 5.55 180
2792 8.05 5.55 180
2793 7.95 5.55 180
2794 7.95 5.55 180
2795 7.95 5.55 180
2796 7.85 5.55 180
2797 7.75 5.55 180
2798 7.75 5.55 180
2799 7.75 5.55 180
2800 7.75 5.55 180
2801 7.75 5.55 180
2802 7.75 5.55 180
2803 7.75 5.55 135
2804 7.75 5.55 135
2805 7.75 5.55 135
2806 7.75 5.55 135
2807 7.75 5.55 90
2808 7.75 5.55 90
2809 7.75 5.55 90
2810 7.75 5.55 45
2811 7.75 5.55 45
2812 7.75 5.55 45
2813 7.75 5.55 45
2814 7.75 5.55 45
2815 7.75 5.55 45
2816 7.75 5.55 45
2817 7.75 5.55 45
2818 7.75 5.55 45
2819 7.75 5.55 45
2820 7.75 5.55 45
2821 7.75 5.55 45
2822 7.75 5.55 45
2823 7.75 5.55 45
2824 7.75 5.55 45
2825 7.75 5.55 45
2826 7.75 5.55 45
2827 7.75 5.55 45
2828 7.75 5.55 45
2829 7.75 5.55 0
2830 7.75 5.55 0
2831 7.75 5.55 0
2832 7.75 5.55 315
2833 7.75 5.55 315
2834 7.75 5.55 315
2835 7.75 5.55 315
2836 7.75 5.55 315
2837 7.75 5.55 0
2838 7.75 5.55 0
2839 7.75 5.55 0
2840 7.75 5.55 0
2841 7.75 5.55 0
2842 7.75 5.55 0
2843 7.75 5.55 0
2844 7.75 5.55 0
2845 7.75 5.55 0
2846 7.75 5.55 0
2847 7.75 5.55 0
2848 7.75 5.55 0
2849 7.75 5.55 0
2850 7.75 5.55 0
2851 7.75 5.55 0
2852 7.75 5.55 0
2853 7.75 5.55 0
2854 7.75 5.55 0
2855 7.75 5.55 0
2856 7.75 5.55 0
2857 7.75 5.55 0
2858 7.75 5.55 0
2859 7.75 5.55 0
2860 7.75 5.55 0
2861 7.75 5.55 0
2862 7.75 5.55 0
2863 7.75 5.55 0
2864 7.75 5.55 0
2865 7.75 5.55 0
2866 7.75 5.55 0
2867 7.75 5.55 0
2868 7.75 5.55 0
2869 7.75 5.55 0
2870 8.15 5.55 0
2871 8.15 5.55 0
2872 8.15 5.55 0
2873 8.15 5.55 0
2874 8.15 5.55 0
2875 8.45 5.55 0
2876 8.45 5.55 0
2877 8.45 5.55 0
2878 8.45 5.55 0
2879 8.45 5.55 0
2880 8.45 5.55 0
2881 8.45 5.55 0
2882 8.65 5.55 0
2883 8.65 5.55 0
2884 8.65 5.55 0
2885 8.65 5.55 0
2886 8.65 5.55 0
2887 8.65 5.55 0
2888 8.65 5.55 0
2889 8.65 5.55 0
2890 8.65 5.55 0
2891 8.65 5.55 0
2892 8.75 5.55 0
2893 8.75 5.55 0
2894 8.85 5.55 0
2895 9.05 5.55 0
2896 9.15 5.55 0
2897 9.15 5.55 0
2898 9.25 5.55 0
2899 9.35 5.55 0
2900 9.45 5.55 0
2901 9.45 5.55 0
2902 9.45 5.55 0
2903 9.55 5.55 0
2904 9.65 5.55 0
2905 9.65 5.55 0
2906 9.65 5.55 0
2907 9.75 5.55 0
2908 9.85 5.55 0
2909 9.85 5.55 0
2910 9.85 5.55 0
2911 9.95 5.55 0
2912 9.95 5.55 0
2913 9.95 5.55 0
2914 9.95 5.55 0
2915 9.95 5.55 0
2916 9.95 5.55 0
2917 9.95 5.55 0
2918 9.95 5.55 0
2919 9.95 5.55 0
2920 9.95 5.55 0
2921 9.95 5.55 0
2922 9.95 5.55 0
2923 9.95 5.55 0
2924 9.95 5.55 0
2925 9.95 5.55 0
2926 9.95 5.55 0
2927 9.95 5.55 0
2928 9.95 5.55 0
2929 9.95 5.55 0
2930 9.95 5.55 0
2931 10.15 5.55 0
2932 10.15 5.55 0
2933 10.15 5.55 0
2934 10.15 5.55 0
2935 10.15 5.55 0
2936 10.15 5.55 0
2937 10.15 5.55 0
2938 10.15 5.55 0
2939 10.15 5.55 0
2940 10.15 5.55 0
2941 10.15 5.55 0
2942 10.15 5.55 0
2943 10.15 5.55 0
2944 10.15 5.55 0
2945 10.15 5.55 0
2946 10.15 5.55 0
2947 10.15 5.55 0
2948 10.15 5.55 0
2949 10.15 5.55 0
2950 10.25 5.55 0
2951 10.35 5.55 0
2952 10.35 5.55 0
2953 10.45 5.55 0
2954 10.65 5.55 0
2955 10.75 5.55 0
2956 10.75 5.55 0
2957 10.75 5.55 0
2958 10.85 5.55 0
2959 10.95 5.55 0
2960 11.05 5.55 0
2961 11.15 5.55 0
2962 11.25 5.55 0
2963 11.25 5.55 0
2964 11.25 5.55 0
2965 11.35 5.55 0
2966 11.45 5.55 0
2967 11.65 5.55 0
2968 11.85 5.55 0
2969 12.05 5.55 0
2970 12.25 5.55 0
2971 12.45 5.55 0
2972 12.65 5.55 0
2973 12.85 5.55 0
2974 13.05 5.55 0
2975 13.25 5.55 0
2976 13.25 5.55 0
2977 13.25 5.55 0
2978 13.35 5.55 0
2979 13.35 5.55 0
2980 13.55 5.55 0
2981 13.55 5.55 0
2982 13.55 5.55 0
2983 13.55 5.55 0
2984 13.65 5.55 0
2985 13.85 5.55 0
2986 13.85 5.55 0
2987 14.05 5.55 0
2988 14.05 5.55 0
2989 14.05 5.55 0
2990 14.05 5.55 0
2991 14.15 5.55 0
2992 14.15 5.55 0
2993 14.25 5.55 0
2994 14.25 5.55 0
2995 14.35 5.55 0
2996 14.35 5.55 0
2997 14.35 5.55 0
2998 14.55 5.55 0
2999 14.55 5.55 0
3000 14.65 5.55 0
3001 14.65 5.55 0
3002 14.75 5.55 0
3003 14.75 5.55 0
3004 14.85 5.55 0
3005 14.95 5.55 0
3006 15.15 5.55 0
3007 15.25 5.55 0
3008 15.35 5.55 0
3009 15.35 5.55 0
3010 15.45 5.55 0
3011 15.45 5.55 0
3012 15.65 5.55 0
3013 15.75 5.55 0
3014 15.85 5.55 0
3015 15.95 5.55 0
3016 16.15 5.55 0
3017 16.15 5.55 0
3018 16.15 5.55 0
3019 16.15 5.55 0
3020 16.15 5.55 0
3021 16.25 5.55 0
3022 16.25 5.55 0
3023 16.25 5.55 0
3024 16.35 5.55 0
3025 16.35 5.55 0
3026 16.35 5.55 0
3027 16.45 5.55 0
3028 16.45 5.55 0
3029 16.45 5.55 0
3030 16.55 5.55 0
3031 16.55 5.55 0
3032 16.55 5.55 0
3033 16.65 5.55 0
3034 16.75 5.55 0
3035 16.95 5.55 0
3036 17.15 5.55 0
3037 17.15 5.55 0
3038 17.15 5.55 0
3039 17.25 5.65 0
3040 17.25 5.65 0
3041 17.25 5.65 0
3042 17.25 5.65 0
3043 17.35 5.65 0
3044 17.35 5.65 0
3045 17.45 5.65 0
3046 17.55 5.65 0
3047 17.55 5.65 0
3048 17.55 5.65 0
3049 17.55 5.65 0
3050 17.55 5.65 0
3051 17.55 5.65 0
3052 17.65 5.65 0
3053 17.65 5.65 0
3054 17.75 5.65 0
3055 17.75 5.65 0
3056 17.75 5.65 0
3057 17.75 5.65 0
3058 17.85 5.65 0
3059 17.85 5.65 0
3060 17.95 5.65 0
3061 18.15 5.65 0
3062 18.35 5.65 0
3063 18.55 5.65 0
3064 18.75 5.65 0
3065 18.95 5.65 0
3066 19.15 5.65 0
3067 19.35 5.75 0
3068 19.35 5.75 0
3069 19.35 5.75 0
3070 19.55 5.75 0
3071 19.55 5.75 0
3072 19.55 5.75 0
3073 19.55 5.75 0
3074 19.55 5.75 0
3075 19.55 5.75 0
3076 19.55 5.75 0
3077 19.55 5.75 0
3078 19.55 5.75 0
3079 19.55 5.75 0
3080 19.55 5.75 0
3081 19.55 5.75 0
3082 19.55 5.75 0
3083 19.55 5.75 0
3084 19.55 5.75 0
3085 19.55 5.75 0
3086 19.55 5.75 0
3087 19.65 5.75 0
3088 19.65 5.75 0
3089 19.65 5.75 0
3090 19.65 5.75 0
3091 19.75 5.75 0
3092 19.85 5.75 0
3093 19.85 5.75 0
3094 19.85 5.75 0
3095 19.85 5.75 0
3096 19.85 5.75 0
3097 19.85 5.75 0
3098 19.85 5.75 0
3099 19.85 5.75 0
3100 19.85 5.75 0
3101 19.95 5.75 0
3102 19.95 5.75 0
3103 19.95 5.75 0
3104 19.95 5.75 0
3105 19.95 5.75 0
3106 19.95 5.75 0
3107 19.95 5.75 0
3108 19.95 5.75 0
3109 19.95 5.75 0
3110 19.95 5.75 0
3111 19.95 5.75 0
3112 19.95 5.75 0
3113 20.05 5.75 0
3114 20.05 5.75 0
3115 20.05 5.75 0
3116 20.05 5.75 0
3117 20.05 5.75 0
3118 20.05 5.75 0
3119 20.05 5.75 0
3120 20.05 5.75 0
3121 20.05 5.75 0
3122 20.05 5.75 0
3123 20.05 5.75 0
3124 20.05 5.75 0
3125 20.05 5.75 0
3126 20.05 5.75 45
3127 20.05 5.75 45
3128 20.05 5.75 45
3129 20.05 5.75 45
3130 20.05 5.75 45
3131 20.05 5.75 45
3132 20.05 5.75 90
3133 18.85 5.75 90
3134 18.85 5.75 90
3135 18.85 5.75 90
3136 18.85 5.75 135
3137 18.85 5.75 135
3138 18.85 5.75 135
3139 18.85 5.75 135
3140 18.85 5.75 135
3141 18.85 5.75 135
3142 18.85 5.75 135
3143 18.85 5.75 135
3144 18.85 5.75 135
3145 18.85 5.75 135
3146 18.85 5.75 135
3147 18.85 5.75 135
3148 18.85 5.75 135
3149 18.85 5.75 135
3150 18.85 5.75 135
3151 18.85 5.75 135
3152 18.85 5.75 135
3153 18.85 5.75 135
3154 18.85 5.75 135
3155 18.85 5.75 135
3156 18.85 5.75 135
3157 18.85 5.75 135
3158 18.85 5.75 135
3159 18.85 5.75 135
3160 18.85 5.75 135
3161 18.85 5.75 135
3162 18.85 5.75 135
3163 18.85 5.75 135
3164 18.85 5.75 135
3165 18.85 5.75 135
3166 18.85 5.75 135
3167 18.85 5.75 135
3168 18.85 5.75 135
3169 18.85 5.75 135
3170 18.85 5.75 135
3171 18.85 5.75 135
3172 18.85 5.75 135
3173 18.85 5.75 135
3174 18.85 5.75 135
3175 18.85 5.75 135
3176 18.85 5.75 135
3177 18.85 5.75 135
3178 18.85 5.75 135
3179 18.85 5.75 135
3180 18.85 5.75 135
3181 18.85 5.75 135
3182 18.85 5.75 135
3183 18.85 5.75 135
3184 18.85 5.75 135
3185 18.85 5.75 135
3186 18.85 5.75 135
3187 18.85 5.75 135
3188 18.85 5.75 135
3189 18.85 5.75 135
3190 18.85 5.75 135
3191 18.85 5.75 90
3192 18.85 5.75 90
3193 18.85 5.75 90
3194 18.85 5.75 90
3195 18.85 5.75 90
3196 18.85 5.75 90
3197 18.85 5.75 90
3198 18.85 5.75 90
3199 18.85 5.75 90
3200 18.85 5.75 90
3201 18.85 5.75 90
3202 18.85 5.75 90
3203 18.85 5.75 90
3204 18.85 5.75 90
3205 18.85 5.75 90
3206 18.85 5.75 90
3207 18.85 5.75 90
3208 18.85 5.75 90
3209 18.85 5.75 45
3210 18.85 5.75 45
3211 18.85 5.75 45
3212 18.85 5.75 45
3213 18.85 5.75 45
3214 18.85 5.75 45
3215 18.85 5.75 45
3216 18.85 5.75 45
3217 18.85 5.75 45
3218 18.85 5.75 45
3219 18.85 5.75 45
3220 18.85 5.75 45
3221 18.85 5.75 45
3222 18.85 5.75 45
3223 18.85 5.75 45
3224 18.85 5.75 45
3225 18.85 5.75 45
3226 18.85 5.75 45
3227 18.85 5.75 45
3228 18.85 5.75 45
3229 18.85 5.75 45
3230 18.85 5.75 45
3231 18.85 5.75 45
3232 18.85 5.75 45
3233 18.85 5.75 45
3234 18.85 5.75 45
3235 18.85 5.75 45
3236 18.85 5.75 45
3237 18.85 5.75 45
3238 18.85 5.75 45
3239 18.85 5.75 45
3240 18.85 5.75 45
3241 18.85 5.75 45
3242 18.85 5.75 45
3243 18.85 5.75 45
3244 18.85 5.75 45
3245 18.85 5.75 45
3246 18.85 5.75 45
3247 18.85 5.75 45
3248 18.85 5.75 45
3249 18.85 5.75 45
3250 18.85 5.75 45
3251 18.85 5.75 45
3252 18.85 5.75 45
3253 18.85 5.75 45
3254 18.85 5.75 45
3255 18.85 5.75 45
3256 18.85 5.75 45
3257 18.85 5.75 45
3258 18.85 5.75 45
3259 18.85 5.75 45
3260 18.85 5.75 45
3261 18.85 5.75 45
3262 18.85 5.75 45
3263 18.85 5.75 45
3264 18.85 5.75 45
3265 18.85 5.75 45
3266 18.85 5.75 45
3267 18.85 5.75 45
3268 18.85 5.75 45
3269 18.85 5.75 45
3270 18.85 5.75 45
3271 18.85 5.75 45
3272 18.85 5.75 45
3273 18.85 5.75 45
3274 18.85 5.75 45
3275 18.85 5.75 45
3276 18.85 5.75 45
3277 18.85 5.75 45
3278 18.85 5.75 45
3279 18.85 5.75 45
3280 18.85 5.75 45
3281 18.85 5.75 45
3282 18.85 5.75 45
3283 18.85 5.75 45
3284 18.85 5.75 45
3285 18.85 5.75 45
3286 18.85 5.75 45
3287 18.85 5.75 45
3288 18.85 5.75 45
3289 18.85 5.75 45
3290 18.85 5.75 45
3291 18.85 5.75 45
3292 18.85 5.75 45
3293 18.85 5.75 45
3294 18.85 5.75 45
3295 18.85 5.75 45
3296 18.85 5.75 45
3297 18.85 5.75 45
3298 18.85 5.75 45
3299 18.85 5.75 45
3300 18.85 5.75 45
3301 18.85 5.75 45
3302 18.85 5.75 45
3303 18.85 5.75 45
3304 18.85 5.75 45
3305 18.85 5.75 45
3306 18.85 5.75 45
3307 18.85 5.75 45
3308 18.85 5.75 45
3309 18.85 5.75 45
3310 18.85 5.75 45
3311 18.85 5.75 45
3312 18.85 5.75 45
3313 18.85 5.75 45
3314 18.85 5.75 45
3315 18.85 5.75 45
3316 18.85 5.75 45
3317 18.85 5.75 45
3318 18.85 5.75 45
3319 18.85 5.75 45
3320 18.85 5.75 45
3321 18.85 5.75 45
3322 18.85 5.75 45
3323 18.85 5.75 45
3324 18.85 5.75 45
3325 18.85 5.75 45
3326 18.85 5.75 45
3327 18.85 5.75 45
3328 18.85 5.75 45
3329 18.85 5.75 45
3330 18.85 5.75 45
3331 18.85 5.75 45
3332 18.85 5.75 45
3333 18.85 5.75 0
3334 18.85 5.75 0
3335 18.85 5.75 0
3336 18.85 5.75 0
3337 18.85 5.75 0
3338 18.85 5.75 0
3339 18.85 5.75 0
3340 18.85 5.75 0
3341 18.85 5.75 315
3342 18.85 5.75 315
3343 18.85 5.75 315
3344 18.85 5.75 315
3345 18.85 5.75 315
3346 18.85 5.75 315
3347 18.85 5.75 315
3348 18.85 5.75 315
3349 18.85 5.75 315
3350 18.85 5.75 315
3351 18.85 5.75 315
3352 18.85 5.75 315
3353 18.85 5.75 315
3354 18.85 5.75 315
3355 18.85 5.75 0
3356 18.85 5.75 0
3357 18.85 5.75 0
3358 18.85 5.75 0
3359 18.85 5.75 0
3360 18.85 5.75 0
3361 18.85 5.75 0
3362 18.85 5.75 0
3363 18.85 5.75 0
3364 18.85 5.75 0
3365 18.85 5.75 0
3366 18.85 5.75 0
3367 18.85 5.75 0
3368 18.85 5.75 0
3369 18.85 5.75 0
3370 18.85 5.75 0
3371 18.85 5.75 0
3372 18.85 5.75 0
3373 18.85 5.75 0
3374 18.85 5.75 0
3375 18.85 5.75 0
3376 18.85 5.75 0
3377 18.85 5.75 0
3378 18.85 5.75 0
3379 18.85 5.75 0
3380 18.85 5.75 0
3381 18.85 5.75 0
3382 18.85 5.75 0
3383 18.85 5.75 0
3384 19.15 5.75 0
3385 19.15 5.75 0
3386 19.15 5.75 0
3387 19.45 5.75 0
3388 19.45 5.75 0
3389 19.45 5.75 0
3390 19.75 5.75 0
3391 19.75 5.75 0
3392 19.75 5.75 0
3393 20.05 5.75 0
3394 20.05 5.75 0
3395 20.05 5.75 0
3396 20.25 5.75 0
3397 20.25 5.75 0
3398 20.25 5.75 0
3399 20.25 5.75 0
3400 20.25 5.75 0
3401 20.25 5.75 0
3402 20.25 5.75 0
3403 20.25 5.75 0
3404 20.25 5.75 0
3405 20.25 5.75 0
3406 20.35 5.75 0
3407 20.35 5.75 0
3408 20.45 5.75 0
3409 20.45 5.75 0
3410 20.55 5.75 0
3411 20.55 5.75 0
3412 20.65 5.75 0
3413 20.65 5.75 0
3414 20.65 5.75 0
3415 20.65 5.75 0
3416 20.65 5.75 0
3417 20.75 5.75 0
3418 20.75 5.75 0
3419 20.75 5.75 0
3420 20.75 5.75 0
3421 20.85 5.75 0
3422 20.85 5.75 0
3423 20.95 5.75 0
3424 20.95 5.75 0
3425 20.95 5.75 0
3426 21.15 5.75 0
3427 21.15 5.75 0
3428 21.15 5.75 0
3429 21.25 5.75 0
3430 21.25 5.75 0
3431 21.35 5.75 0
3432 21.35 5.75 0
3433 21.35 5.75 0
3434 21.35 5.75 0
3435 21.35 5.75 0
3436 21.35 5.75 0
3437 21.35 5.75 0
3438 21.35 5.75 0
3439 21.35 5.75 0
3440 21.35 5.75 0
3441 21.35 5.75 0
3442 21.35 5.75 0
3443 21.35 5.75 0
3444 21.35 5.75 0
3445 21.35 5.75 0
3446 21.35 5.75 0
3447 21.35 5.75 0
3448 21.35 5.75 0
3449 21.35 5.75 0
3450 21.35 5.75 0
3451 21.35 5.75 315
3452 21.35 5.75 315
3453 21.35 5.75 315
3454 21.35 5.75 270
3455 21.35 5.75 270
3456 21.35 5.75 270
3457 21.35 5.75 270
3458 21.35 5.75 270
3459 21.35 5.75 270
3460 21.35 5.75 270
3461 21.35 5.75 270
3462 21.35 5.75 270
3463 21.35 5.75 270
3464 21.35 5.75 270
3465 21.35 5.75 270
3466 21.35 5.75 270
3467 21.35 5.75 270
3468 21.35 5.75 270
3469 21.35 5.75 270
3470 21.35 5.75 270
3471 21.35 5.75 270
3472 21.35 5.75 270
3473 21.35 5.75 270
3474 21.35 5.75 270
3475 21.35 5.75 270
3476 21.35 5.75 270
3477 21.35 5.75 270
3478 21.35 5.75 270
3479 21.35 5.75 270
3480 21.35 5.75 270
3481 21.35 5.75 270
3482 21.35 5.75 270
3483 21.35 5.75 270
3484 21.35 5.75 270
3485 21.35 5.75 270
3486 21.35 5.75 270
3487 21.35 5.75 270
3488 21.35 5.75 270
3489 21.35 5.75 270
3490 21.35 5.75 270
3491 21.35 5.75 270
3492 21.45 5.55 270
3493 21.45 5.55 270
3494 21.45 5.35 270
3495 21.45 5.35 270
3496 21.45 5.15 270
3497 21.45 5.15 270
3498 21.45 4.85 270
3499 21.45 4.85 270
3500 21.45 4.55 270
3501 21.45 4.55 270
3502 21.45 4.25 270
3503 21.45 4.25 270
3504 21.45 3.95 270
3505 21.45 3.95 270
3506 21.45 3.65 270
3507 21.45 3.65 270
3508 21.45 3.65 270
3509 21.45 3.65 270
3510 21.45 3.55 270
3511 21.45 3.55 270
3512 21.45 3.35 270
3513 21.45 3.35 270
3514 21.45 3.25 270
3515 21.45 3.25 270
3516 21.45 3.15 270
3517 21.45 3.15 270
3518 21.45 3.15 270
3519 21.45 3.15 270
3520 21.45 3.15 270
3521 21.45 3.15 270
3522 21.45 3.05 270
3523 21.45 3.05 270
3524 21.45 3.05 270
3525 21.45 2.95 270
3526 21.45 2.95 270
3527 21.45 2.95 270
3528 21.45 2.95 270
3529 21.45 2.95 225
3530 21.45 2.95 225
3531 21.45 2.95 225
3532 21.45 2.95 225
3533 21.45 2.95 180
3534 21.45 2.95 180
3535 21.45 2.95 180
3536 21.45 2.95 135
3537 21.45 2.95 135
3538 21.45 2.95 135
3539 21.45 2.95 135
3540 21.45 2.95 135
3541 21.45 2.95 135
3542 21.45 2.95 135
3543 21.45 2.95 135
3544 21.45 2.95 135
3545 21.45 2.95 135
3546 21.45 2.95 135
3547 21.45 2.95 135
3548 21.45 2.95 135
3549 21.45 2.95 135
3550 21.45 2.95 180
3551 21.45 2.95 180
3552 21.45 2.95 180
3553 21.45 2.95 225
3554 21.45 2.95 225
3555 21.45 2.95 225
3556 21.45 2.95 225
3557 21.45 2.95 225
3558 21.45 2.95 225
3559 21.45 2.95 225
3560 21.45 2.95 225
3561 21.45 2.95 225
3562 21.45 2.95 225
3563 21.45 2.95 225
3564 21.45 2.95 225
3565 21.45 2.95 225
3566 21.45 2.95 225
3567 21.45 2.95 225
3568 21.45 2.95 225
3569 21.45 2.95 225
3570 21.45 2.95 225
3571 21.45 2.95 225
3572 21.45 2.95 225
3573 21.45 2.95 225
3574 21.45 2.95 225
3575 21.45 2.95 225
3576 21.45 2.95 225
3577 21.45 2.95 225
