0 22.05 4.35 90
1 22.05 4.55 90
2 22.05 4.65 90
3 22.05 4.85 90
4 22.05 4.95 90
5 22.05 5.05 90
6 22.05 5.15 90
7 22.05 5.25 90
8 22.05 5.35 90
9 22.05 5.45 90
10 22.05 5.55 90
11 22.05 5.65 90
12 22.05 5.75 90
13 22.05 5.85 90
14 22.05 5.95 90
15 22.05 6.05 90
16 22.05 6.15 90
17 22.05 6.25 90
18 22.05 6.35 90
19 22.05 6.35 135
20 22.05 6.35 180
21 22.05 6.35 135
22 22.05 6.35 180
23 21.95 6.35 180
24 21.05 6.35 180
25 19.95 6.4 180
26 19.55 6.4 180
27 19.05 6.4 180
28 18.55 6.40 180
29 17.95 6.40 180
30 17.25 6.40 180
31 16.85 6.40 180
32 16.35 6.40 180
33 15.45 6.40 180
34 15.05 6.40 180
35 14.35 6.40 180
36 13.85 6.40 180
37 13.35 6.40 180
38 13.15 6.40 180
39 12.75 6.40 180
40 12.35 6.40 180
41 11.95 6.30 180
42 11.35 6.20 180
43 10.85 6.20 180
44 10.55 6.20 180
45 10.25 6.20 180
46 10.05 6.20 180
47 9.95 6.20 180
48 9.65 6.20 135
49 9.65 6.20 135
50 9.65 6.20 135
51 9.35 6.50 135
52 9.35 6.50 135
53 9.05 6.80 135
54 9.05 6.80 180
55 8.55 6.80 180
56 8.25 6.80 180
57 7.95 6.80 180
58 7.95 6.80 135
59 7.95 6.80 135
60 7.65 7.20 135
61 7.35 7.40 135
62 7.05 7.60 135
63 6.85 7.10 135
64 6.65 7.40 135
65 6.45 7.50 135
66 6.35 7.60 135
67 6.25 7.60 135
68 6.05 7.60 135
69 6.05 7.60 180
70 6.05 7.60 180
71 6.05 7.60 90
72 6.05 7.80 90
73 6.05 8.10 90
74 6.05 8.10 90
75 6.05 8.40 90
76 6.05 8.80 90
77 6.05 9.10 90
78 6.05 9.40 90
79 6.05 9.60 90
80 6.05 9.60 90
81 6.05 9.90 90
82 6.05 10.10 90
83 6.05 10.30 90
84 6.05 10.50 90
85 6.05 10.60 90
86 6.05 10.80 90
87 6.05 11.00 90
88 6.05 11.20 90
89 6.05 11.40 90
90 6.05 11.60 90
91 6.05 11.60 90
92 6.05 11.80 90
93 6.05 12.00 90
94 6.05 12.00 90
95 6.05 12.20 90
96 6.05 12.40 90
97 6.05 12.40 90
98 6.05 12.70 90
99 6.05 13.10 90
100 6.05 13.40 90
101 6.05 13.60 90
102 6.05 13.80 90
103 6.05 14.00 90
104 6.05 14.10 90
105 6.05 14.20 90
106 6.05 14.30 90
107 6.05 14.40 90
108 6.05 14.70 90
109 6.05 15.10 90
110 6.05 15.30 90
111 6.05 15.50 90
112 6.05 15.60 90
113 6.05 15.80 90
114 6.05 16.00 90
115 6.05 16.20 90
116 6.05 16.50 90
117 6.05 16.70 90
118 6.05 17.00 90
119 6.05 17.60 90
120 6.05 17.70 90
121 6.05 17.70 90
122 6.05 17.90 90
123 6.05 18.20 90
124 6.05 18.30 90
125 6.05 18.80 90
126 6.05 19.30 90
127 6.05 19.90 90
128 6.05 20.00 90
129 6.05 20.00 90
130 6.05 20.10 90
131 6.05 20.40 90
132 6.05 20.70 90
133 6.05 20.90 90
134 6.05 20.90 90
135 6.05 21.20 90
136 6.05 21.40 90
137 6.05 21.80 90
138 6.05 22.00 90
139 6.05 22.30 90
140 6.05 22.50 90
141 6.05 23.10 90
142 6.05 23.40 90
143 6.05 23.70 90
144 6.05 24.00 90
145 6.05 24.30 90
146 6.05 24.60 90
147 6.05 24.70 90
148 6.05 25.10 90
149 6.05 25.40 90
150 6.05 25.80 90
151 6.05 26.20 90
152 6.05 26.30 90
153 6.05 26.40 90
154 6.05 26.60 90
155 6.05 26.70 90
156 6.05 26.90 90
157 6.05 27.10 90
158 6.05 27.30 90
159 6.05 27.50 90
160 6.05 27.70 90
161 6.05 28.00 90
162 6.05 28.20 90
163 6.05 28.50 90
164 6.05 28.80 90
165 6.05 29.10 90
166 6.05 29.30 90
167 6.05 29.30 90
168 6.05 29.40 90
169 6.05 29.50 90
170 6.05 29.60 90
171 6.05 29.70 90
172 6.05 29.80 90
173 6.05 29.90 90
174 6.05 30.00 90
175 6.05 30.10 90
176 6.05 30.20 90
177 6.05 30.20 90
178 6.05 30.30 90
179 6.05 30.50 90
180 6.05 30.80 90
181 6.05 30.90 90
182 6.05 31.10 90
183 6.05 31.30 90
184 6.05 31.50 90
185 6.05 31.60 90
186 6.05 31.70 90
187 6.05 31.90 90
188 6.05 32.10 90
189 6.05 32.20 90
190 6.05 32.30 90
191 6.05 32.50 90
192 6.05 32.60 90
193 6.05 32.70 90
194 6.05 32.80 90
195 6.05 33.00 90
196 6.05 33.10 90
197 6.05 33.20 90
198 6.05 33.20 90
199 6.05 33.70 90
200 6.05 34.00 90
201 6.05 34.20 90
202 6.05 34.50 90
203 6.05 34.60 90
204 6.05 34.90 90
205 6.05 35.20 90
206 6.05 35.40 90
207 6.05 35.70 90
208 6.05 35.90 90
209 6.05 36.20 90
210 6.05 36.50 90
211 6.05 36.80 90
212 6.05 36.90 90
213 6.05 37.30 90
214 6.05 37.60 90
215 6.05 37.80 90
216 6.05 38.10 90
217 6.05 38.30 90
218 6.05 38.50 90
219 6.05 38.70 90
220 6.05 38.90 90
221 6.05 39.10 90
222 6.05 39.40 90
223 6.05 39.70 90
224 6.05 40.00 90
225 6.05 40.20 90
226 6.05 40.40 90
227 6.05 40.70 90
228 6.05 41.00 90
229 6.05 41.30 90
230 6.05 41.50 90
231 6.05 41.80 90
232 6.05 42.00 90
233 6.05 42.20 90
234 6.05 42.20 90
235 6.05 42.20 90
236 6.05 42.40 90
237 6.05 42.50 90
238 6.05 42.60 90
239 6.05 42.60 45
240 6.05 42.60 45
241 6.05 42.60 0
242 6.05 42.60 0
243 6.05 42.60 315
244 6.05 42.60 45
245 6.05 42.60 90
246 6.05 42.60 90
247 6.15 42.60 90
248 6.15 42.70 90
249 6.15 42.80 90
250 6.15 42.90 90
251 6.15 43.10 90
252 6.15 43.20 45
253 6.15 43.20 45
254 6.15 43.20 0
255 6.15 43.20 0
256 6.45 43.20 0
257 6.75 43.20 0
258 7.05 43.20 0
259 7.35 43.20 0
260 7.35 43.20 45
261 7.35 43.20 45
262 7.35 43.20 135
263 7.05 43.20 135
264 6.85 43.20 135
265 6.85 43.20 135
266 6.85 43.20 135
267 6.85 43.20 90
268 6.85 43.20 90
269 6.85 43.20 90
270 6.85 43.20 90
271 6.85 43.40 90
272 6.85 43.60 90
273 6.85 43.60 90
274 6.85 43.60 45
275 6.85 43.60 45
276 6.85 43.60 45
277 7.75 43.60 270
278 7.75 43.60 225
279 7.75 43.60 135
280 7.75 43.60 180
281 7.75 43.60 225
282 7.75 43.60 270
283 7.75 43.60 0
284 7.75 43.60 0
285 8.05 43.60 0
286 8.45 43.60 0
287 8.85 43.60 0
288 9.15 43.60 0
289 8.55 43.60 315
290 8.55 43.60 0
291 9.05 43.60 0
292 9.45 43.60 0
293 9.95 43.60 0
294 10.25 43.60 0
295 10.65 43.60 0
296 11.15 43.60 0
297 11.55 43.60 0
298 11.95 43.60 0
299 12.35 43.60 0
300 12.75 43.60 0
301 13.15 43.60 0
302 13.15 43.60 0
303 13.45 43.60 0
304 13.75 43.60 0
305 13.95 43.60 0
306 13.95 43.60 0
307 14.25 43.60 0
308 14.25 43.60 0
309 14.45 43.60 0
310 14.45 43.60 45
311 14.55 43.60 0
312 14.55 43.60 0
313 15.15 43.60 0
314 15.45 43.60 0
315 15.75 43.60 0
316 15.95 43.60 0
317 16.25 43.60 0
318 16.05 43.60 0
319 16.05 43.60 0
320 16.65 43.60 0
321 16.95 43.60 0
322 17.45 43.60 0
323 18.45 43.60 0
324 18.75 43.60 0
325 18.85 43.60 0
326 19.05 43.60 0
327 18.85 43.60 0
328 19.25 43.60 0
329 19.45 43.60 0
330 19.65 43.60 0
331 19.65 43.60 0
332 19.95 43.60 0
333 20.25 43.60 0
334 20.35 43.60 0
335 20.65 43.60 0
336 20.95 43.60 0
337 21.25 43.60 0
338 21.65 43.60 0
339 21.75 43.60 0
340 22.05 43.60 0
341 22.35 43.60 0
342 22.55 43.60 0
343 22.75 43.60 0
344 22.95 43.60 0
345 23.15 43.60 0
346 23.35 43.60 0
347 24.15 43.70 0
348 24.85 43.70 0
349 26.55 43.75 0
350 27.15 43.75 0
351 27.35 43.75 0
352 27.95 43.75 0
353 28.55 43.75 0
354 29.35 43.75 0
355 29.75 43.75 0
356 29.95 43.75 0
357 29.95 43.75 315
358 29.95 43.75 315
359 29.95 43.75 315
360 29.95 43.75 0
361 30.15 43.75 0
362 30.15 43.75 0
363 30.15 43.75 0
364 30.15 43.75 315
365 30.15 43.75 270
366 30.15 43.75 225
367 30.15 43.75 90
368 30.15 43.75 135
369 30.15 43.75 180
370 29.85 43.75 180
371 29.55 43.75 180
372 29.25 43.75 180
373 28.95 43.75 180
374 28.55 43.75 180
375 28.15 43.75 180
376 27.65 43.75 180
377 27.25 43.75 180
378 26.85 43.75 180
379 26.45 43.75 180
380 26.05 43.75 180
381 25.65 43.75 180
382 25.25 43.75 180
383 24.85 43.75 180
384 24.45 43.75 180
385 24.05 43.75 180
386 23.35 43.75 180
387 22.05 43.75 180
388 21.45 43.75 180
389 21.55 43.75 180
390 21.15 43.75 180
391 21.05 43.75 180
392 20.95 43.75 180
393 20.95 43.75 180
394 20.65 43.75 180
395 20.55 43.75 180
396 20.65 43.75 180
397 20.65 43.75 180
398 20.65 43.75 180
399 20.65 43.75 180
400 20.65 43.75 180
401 20.65 43.75 180
402 20.35 43.75 180
403 19.95 43.75 180
404 19.55 43.75 180
405 19.25 43.75 180
406 19.05 43.75 180
407 18.65 43.75 180
408 18.25 43.75 180
409 18.05 43.75 180
410 18.05 43.75 180
411 17.85 43.75 180
412 17.75 43.75 180
413 17.25 43.75 180
414 16.85 43.75 180
415 16.85 43.75 180
416 16.65 43.75 180
417 15.65 43.75 180
418 15.35 43.75 180
419 15.05 43.75 180
420 14.75 43.75 180
421 14.45 43.75 180
422 14.35 43.75 180
423 14.15 43.75 180
424 13.65 43.85 180
425 13.45 43.85 180
426 13.15 43.85 180
427 12.65 43.85 180
428 12.25 43.85 180
429 11.55 43.85 180
430 11.05 43.85 180
431 10.25 43.85 180
432 9.75 43.85 180
433 9.55 43.85 180
434 8.95 43.85 180
435 8.85 43.85 180
436 8.45 43.85 180
437 8.45 43.85 180
438 8.35 43.85 180
439 7.95 43.85 180
440 7.55 43.85 180
441 7.25 43.85 180
442 7.15 43.85 180
443 7.05 43.85 180
444 7.05 43.85 180
445 6.95 43.85 180
446 6.85 43.85 180
447 6.75 43.85 180
448 6.65 43.85 180
449 6.55 43.85 180
450 6.45 43.85 180
451 6.45 43.85 180
452 6.45 43.85 180
453 6.45 43.85 180
454 6.45 43.85 180
455 6.45 43.85 180
456 6.45 43.85 270
457 6.55 43.85 270
458 6.45 43.65 270
459 6.45 43.65 270
460 6.35 43.55 270
461 6.35 43.35 270
462 6.35 43.15 270
463 6.35 42.95 270
464 6.35 42.55 270
465 6.35 42.25 270
466 6.35 42.05 270
467 6.35 42.05 270
468 6.25 41.95 270
469 6.25 41.85 270
470 6.25 41.75 270
471 6.25 41.45 270
472 6.25 41.25 270
473 6.25 41.15 270
474 6.25 41.05 270
475 6.25 40.95 270
476 6.25 40.85 270
477 6.25 40.75 270
478 6.25 40.65 270
479 6.25 40.55 270
480 6.25 40.45 270
481 6.25 40.35 270
482 6.25 40.25 270
483 6.25 39.55 270
484 6.25 39.25 270
485 6.25 39.25 270
486 6.25 38.85 270
487 6.25 38.65 270
488 5.95 38.35 270
489 5.95 38.35 270
490 5.95 38.05 270
491 5.95 37.65 270
492 5.95 37.35 270
493 5.95 36.85 270
494 5.95 36.45 270
495 5.95 36.15 270
496 5.95 35.75 270
497 5.95 35.55 270
498 5.95 35.15 270
499 5.95 34.75 270
500 5.95 34.45 270
501 5.95 34.15 270
502 5.95 34.15 270
503 5.95 33.95 270
504 5.95 33.05 270
505 5.95 32.25 270
506 5.95 31.85 270
507 5.95 31.35 270
508 5.95 30.75 270
509 5.95 30.15 270
510 5.95 29.65 270
511 5.95 29.05 270
512 5.95 28.85 270
513 5.95 28.75 270
514 5.95 28.65 270
515 5.95 28.35 270
516 5.95 28.15 270
517 5.95 27.75 270
518 5.95 27.55 270
519 5.95 27.15 270
520 5.95 26.65 270
521 5.95 26.25 270
522 5.95 25.85 270
523 5.95 25.45 270
524 5.95 25.15 270
525 5.95 24.85 270
526 5.95 24.55 270
527 5.95 24.35 270
528 5.95 24.35 270
529 5.95 24.05 270
530 5.95 23.35 270
531 5.95 22.85 270
532 5.95 22.65 270
533 5.95 22.45 270
534 5.95 22.25 270
535 5.95 21.95 270
536 5.95 21.75 270
537 5.95 21.55 270
538 5.95 21.45 270
539 5.95 21.15 270
540 5.95 20.95 270
541 5.95 20.75 270
542 5.95 20.45 270
543 5.95 20.15 270
544 5.95 19.85 270
545 5.95 19.55 270
546 5.95 19.15 270
547 5.95 19.05 270
548 5.95 18.85 270
549 5.95 18.85 270
550 5.95 18.65 270
551 5.95 18.35 270
552 5.95 18.15 270
553 5.95 17.85 270
554 5.95 17.55 270
555 5.95 17.45 270
556 5.95 17.25 270
557 5.95 17.05 270
558 5.95 16.95 270
559 5.95 16.85 270
560 5.95 16.75 270
561 5.95 16.75 270
562 5.95 16.05 270
563 5.95 15.35 270
564 5.95 14.85 270
565 5.95 14.05 270
566 5.95 13.65 270
567 5.95 13.25 270
568 5.95 12.65 270
569 5.95 12.25 270
570 5.95 12.05 270
571 5.95 11.95 270
572 5.95 11.95 270
573 5.95 11.75 270
574 5.95 11.55 270
575 5.95 11.25 270
576 5.95 11.05 270
577 5.95 10.95 270
578 5.95 10.15 270
579 5.95 10.15 270
580 5.95 9.95 270
581 5.95 9.95 270
582 5.95 9.95 270
583 5.95 9.75 270
584 6.05 9.55 270
585 6.05 9.25 270
586 6.05 9.05 270
587 6.05 8.85 270
588 6.05 8.65 270
589 6.05 8.55 270
590 6.05 8.35 270
591 6.05 8.15 270
592 6.05 7.95 270
593 6.05 7.65 270
594 6.05 7.45 270
595 6.05 7.25 270
596 6.05 7.15 270
597 6.05 7.15 270
598 6.05 7.05 270
599 6.05 6.95 270
600 6.05 6.95 270
601 6.05 6.95 270
602 6.05 6.85 270
603 6.05 6.75 270
604 6.05 6.75 270
605 6.05 6.65 270
606 6.05 6.65 270
607 6.05 6.65 270
608 6.05 6.55 270
609 6.05 6.55 270
610 6.05 6.55 270
611 6.05 6.55 270
612 6.05 6.55 270
613 6.05 6.55 270
614 6.05 6.55 270
615 6.05 6.55 270
616 6.05 6.55 270
617 6.05 6.55 270
618 6.05 6.55 270
619 6.05 6.55 270
620 6.05 6.55 270
621 6.05 6.55 0
622 6.05 6.55 0
623 6.05 6.55 0
624 6.05 6.55 0
625 6.05 6.55 0
626 6.05 6.55 0
627 6.65 6.55 0
628 6.95 6.55 315
629 6.95 6.55 315
630 6.95 6.55 315
631 7.55 6.35 315
632 7.95 6.15 315
633 8.35 6.15 315
634 8.35 6.15 0
635 8.95 6.15 0
636 9.35 6.15 0
637 9.55 6.15 0
638 9.85 6.15 0
639 10.35 6.25 0
640 10.75 6.25 0
641 11.15 6.05 0
642 11.75 6.05 0
643 12.15 6.05 0
644 12.55 6.05 0
645 12.85 6.05 0
646 13.15 6.05 0
647 13.55 6.05 0
648 13.85 6.05 0
649 14.55 6.05 0
650 16.25 6.15 0
651 16.95 6.15 0
652 18.55 6.15 0
653 19.75 6.15 0
654 20.75 6.15 0
