0 31.0 37.55 90
1 31.0 37.55 90
2 31.0 37.55 90
3 31.0 37.55 90
4 31.0 37.55 90
5 31.0 37.55 90
6 31.0 37.55 90
7 31.0 37.55 90
8 31.0 37.55 90
9 31.0 37.65 90
10 31.0 37.65 90
11 31.0 37.85 90
12 31.0 37.85 90
13 31.0 37.95 90
14 31.0 38.05 90
15 31.0 38.25 90
16 31.0 38.25 90
17 31.0 38.25 90
18 31.0 38.55 90
19 31.0 38.55 90
20 31.0 38.75 90
21 31.0 38.75 90
22 31.0 38.95 90
23 31.0 38.95 90
24 31.0 38.95 90
25 31.0 38.95 90
26 31.0 38.95 90
27 31.0 38.95 90
28 31.0 39.15 90
29 31.0 39.35 90
30 31.0 39.35 90
31 31.0 39.35 90
32 31.0 39.55 90
33 31.0 39.55 90
34 31.0 39.55 90
35 31.0 39.55 90
36 31.0 39.75 90
37 31.0 39.75 90
38 31.0 39.95 90
39 31.0 39.95 90
40 31.0 39.95 90
41 31.0 39.95 90
42 31.0 40.15 90
43 31.0 40.15 90
44 31.0 40.15 90
45 31.0 40.25 90
46 31.0 40.25 90
47 31.0 40.25 90
48 31.0 40.25 90
49 31.0 40.25 90
50 31.0 40.25 90
51 31.0 40.25 90
52 31.0 40.25 90
53 31.0 40.25 90
54 31.0 40.25 90
55 31.0 40.25 90
56 31.0 40.25 90
57 31.0 40.25 90
58 31.0 40.45 90
59 31.0 40.45 90
60 31.0 40.45 90
61 31.0 40.45 90
62 31.0 40.45 90
63 31.0 40.55 90
64 31.0 40.55 90
65 31.0 40.55 90
66 31.0 40.55 90
67 31.0 40.55 90
68 31.0 40.55 90
69 31.0 40.55 90
70 31.0 40.75 90
71 31.0 40.95 90
72 31.0 40.95 90
73 31.0 40.95 90
74 31.0 40.95 90
75 31.0 40.95 90
76 31.0 41.15 90
77 31.0 41.15 90
78 31.0 41.15 90
79 31.0 41.15 90
80 31.0 41.35 90
81 31.0 41.45 90
82 31.0 41.45 90
83 31.0 41.45 90
84 31.0 41.45 90
85 31.0 41.65 90
86 31.0 41.65 90
87 31.0 41.65 90
88 31.0 41.65 90
89 31.0 41.95 90
90 31.0 41.95 90
91 31.0 41.95 90
92 31.0 41.95 90
93 31.0 41.95 90
94 31.0 41.95 90
95 31.0 41.95 90
96 31.0 41.95 90
97 31.0 41.95 90
98 31.0 41.95 90
99 31.0 41.95 90
100 31.0 41.95 90
101 31.0 42.05 90
102 31.0 42.05 90
103 31.0 42.05 90
104 31.0 42.05 90
105 31.0 42.05 90
106 31.0 42.05 90
107 31.0 42.25 90
108 31.0 42.25 90
109 31.0 42.25 90
110 31.0 42.25 90
111 31.0 42.45 90
112 31.0 42.45 90
113 31.0 42.65 90
114 31.0 42.65 90
115 31.0 42.65 90
116 31.0 42.65 90
117 31.0 42.65 90
118 31.0 42.65 135
119 31.0 42.65 135
120 31.0 42.65 135
121 31.0 42.65 180
122 31.0 42.65 180
123 31.0 42.65 180
124 31.0 42.65 180
125 31.0 42.65 180
126 31.0 42.65 180
127 31.0 42.65 180
128 31.0 42.65 180
129 31.0 42.65 180
130 31.0 42.65 180
131 31.0 42.65 180
132 31.0 42.65 180
133 31.0 42.65 180
134 31.0 42.65 180
135 31.0 42.65 180
136 30.8 42.75 180
137 30.8 42.75 180
138 30.6 42.75 180
139 30.6 42.85 180
140 30.6 42.85 180
141 30.4 42.95 180
142 30.4 42.95 180
143 30.4 42.95 180
144 30.4 42.95 135
145 30.4 42.95 135
146 30.4 42.95 135
147 30.3 43.05 135
148 30.2 43.15 135
149 30.0 43.15 135
150 29.9 43.25 135
151 29.9 43.25 135
152 29.8 43.25 135
153 29.8 43.25 135
154 29.7 43.25 135
155 29.7 43.25 135
156 29.6 43.25 135
157 29.6 43.25 135
158 29.5 43.25 135
159 29.4 43.35 135
160 29.4 43.35 135
161 29.3 43.45 135
162 29.3 43.45 135
163 29.1 43.45 135
164 29.1 43.45 135
165 28.9 43.45 135
166 28.9 43.45 135
167 28.8 43.55 135
168 28.8 43.55 135
169 28.8 43.55 180
170 28.8 43.55 180
171 28.8 43.55 180
172 28.8 43.55 180
173 28.8 43.55 180
174 28.8 43.55 180
175 28.8 43.55 180
176 28.8 43.55 180
177 28.8 43.55 180
178 28.8 43.55 180
179 28.8 43.55 180
180 28.8 43.55 135
181 28.2 43.75 135
182 28.2 43.75 135
183 28.2 43.75 180
184 28.2 43.75 180
185 28.2 43.75 180
186 28.2 43.75 180
187 28.2 43.75 180
188 28.2 43.75 180
189 27.8 43.75 180
190 27.6 43.75 180
191 27.6 43.75 180
192 27.2 43.75 180
193 27.2 43.75 180
194 27.2 43.75 180
195 27.2 43.75 180
196 26.7 43.75 180
197 26.7 43.75 180
198 26.1 43.75 180
199 26.1 43.75 180
200 25.9 43.75 180
201 25.9 43.75 180
202 25.6 43.75 180
203 25.6 43.75 180
204 25.6 43.75 180
205 25.6 43.75 180
206 25.6 43.75 180
207 25.6 43.75 180
208 25.2 43.75 180
209 25.2 43.75 180
210 24.6 43.75 180
211 24.6 43.75 180
212 23.8 43.75 180
213 23.8 43.75 180
214 23.4 43.75 180
215 23.4 43.75 180
216 23.2 43.75 180
217 23.2 43.75 180
218 23.2 43.75 180
219 23.2 43.75 180
220 23.2 43.75 180
221 22.9 43.75 180
222 22.9 43.75 180
223 22.9 43.75 180
224 22.9 43.75 180
225 22.9 43.75 180
226 22.9 43.75 180
227 22.9 43.75 180
228 22.9 43.75 180
229 22.6 43.75 180
230 22.6 43.75 180
231 22.6 43.75 180
232 22.3 43.75 180
233 22.3 43.75 180
234 22.3 43.75 180
235 21.9 43.75 180
236 21.9 43.75 180
237 21.9 43.75 180
238 21.9 43.75 180
239 21.6 43.75 180
240 21.6 43.75 180
241 21.6 43.75 180
242 21.6 43.75 180
243 21.6 43.75 180
244 21.4 43.75 180
245 21.4 43.75 180
246 21.4 43.75 180
247 21.4 43.75 180
248 21.4 43.75 180
249 21.4 43.75 180
250 21.2 43.75 180
251 21.2 43.75 180
252 21.2 43.75 180
253 21.2 43.75 180
254 21.2 43.75 180
255 20.7 43.75 180
256 20.7 43.75 180
257 20.3 43.75 180
258 20.3 43.75 180
259 20.3 43.75 180
260 20.3 43.75 180
261 19.9 43.75 180
262 19.1 43.75 180
263 19.1 43.75 180
264 19.1 43.75 180
265 18.7 43.75 180
266 18.7 43.75 180
267 18.7 43.75 180
268 18.3 43.75 180
269 18.3 43.75 180
270 17.9 43.75 180
271 17.9 43.75 180
272 17.5 43.75 180
273 17.5 43.75 180
274 17.1 43.75 180
275 17.1 43.75 180
276 16.9 43.75 180
277 16.9 43.75 180
278 16.9 43.75 180
279 16.4 43.75 180
280 16.4 43.75 180
281 16.1 43.75 180
282 16.1 43.75 180
283 16.1 43.75 180
284 15.7 43.75 180
285 15.7 43.75 180
286 15.4 43.75 180
287 15.4 43.75 180
288 15.4 43.75 180
289 15.4 43.75 180
290 15.4 43.75 180
291 15.1 43.75 180
292 15.1 43.75 180
293 15.1 43.75 180
294 14.6 43.75 180
295 14.2 43.75 180
296 14.2 43.75 180
297 14.2 43.75 180
298 13.7 43.75 180
299 13.7 43.75 180
300 13.2 43.75 180
301 13.2 43.75 180
302 12.8 43.75 180
303 12.8 43.75 180
304 12.8 43.75 180
305 12.3 43.75 180
306 9.8 43.8 180
307 8.5 43.9 180
308 8.5 43.9 180
309 8.5 43.9 180
310 8.5 43.9 180
311 8.5 43.9 180
312 8.5 43.9 180
313 8.5 43.9 180
314 8.5 43.9 180
315 8.5 43.9 180
316 8.5 43.9 180
317 8.5 43.9 180
318 8.5 43.9 180
319 8.5 43.9 180
320 8.5 43.9 180
321 8.5 43.9 180
322 8.5 43.9 180
323 8.5 43.9 180
324 8.3 43.9 180
325 8.3 43.9 180
326 7.9 43.9 180
327 7.9 43.9 180
328 7.7 43.9 180
329 7.7 43.9 180
330 7.3 43.9 180
331 7.3 43.9 180
332 7.3 43.9 180
333 7.3 43.9 180
334 7.3 43.9 180
335 7.3 43.9 180
336 7.1 43.9 180
337 7.1 43.9 180
338 7.1 43.9 180
339 7.1 43.9 180
340 6.9 43.9 180
341 6.7 43.9 180
342 6.7 43.9 180
343 6.7 43.9 180
344 6.5 43.9 180
345 6.5 43.9 180
346 6.5 43.9 180
347 6.5 43.9 180
348 6.5 43.9 180
349 6.2 43.9 180
350 6.2 43.9 180
351 6.2 43.9 180
352 6.2 43.9 180
353 6.2 43.9 180
354 6.2 43.9 180
355 6.2 43.9 180
356 6.2 43.9 180
357 6.2 43.9 180
358 6.2 43.9 180
359 6.1 43.9 180
360 6.1 43.9 180
361 6.1 43.9 180
362 6.1 43.9 180
363 6.1 43.9 180
364 6.1 43.9 180
365 6.1 43.9 180
366 6.1 43.9 180
367 6.1 43.9 180
368 6.1 43.9 180
369 6.1 43.9 180
370 6.1 43.9 180
371 6.1 43.9 180
372 6.1 43.9 180
373 6.1 43.9 180
374 6.1 43.9 180
375 6.1 43.9 180
376 6.1 43.9 180
377 6.1 43.9 180
378 6.1 43.9 180
379 6.1 43.9 180
380 6.1 43.9 180
381 6.1 43.9 180
382 6.1 43.9 225
383 6.1 43.9 225
384 6.1 43.9 225
385 6.1 43.9 225
386 6.1 43.9 225
387 6.1 43.9 225
388 6.1 43.9 225
389 6.1 43.9 225
390 6.1 43.9 225
391 6.1 43.9 225
392 6.1 43.9 225
393 6.1 43.9 225
394 6.1 43.9 225
395 6.1 43.9 225
396 6.1 43.9 225
397 6.1 43.9 225
398 6.1 43.9 225
399 6.1 43.9 225
400 6.1 43.9 225
401 6.1 43.9 225
402 6.1 43.9 225
403 6.1 43.9 225
404 6.1 43.9 225
405 6.1 43.9 225
406 6.1 43.9 225
407 6.1 43.9 225
408 6.1 43.9 225
409 6.1 43.9 225
410 6.1 43.9 225
411 6.1 43.9 225
412 6.1 43.9 225
413 6.1 43.9 225
414 6.1 43.9 225
415 6.1 43.9 225
416 6.1 43.9 225
417 6.1 43.9 225
418 6.1 43.9 225
419 6.1 43.9 225
420 6.1 43.9 225
421 6.1 43.9 225
422 6.1 43.9 225
423 6.1 43.9 225
424 6.1 43.9 225
425 6.1 43.9 225
426 6.1 43.9 225
427 6.1 43.9 225
428 6.1 43.9 225
429 6.1 43.9 225
430 6.1 43.9 225
431 6.1 43.9 225
432 6.1 43.9 225
433 6.1 43.9 225
434 6.1 43.9 225
435 6.1 43.9 225
436 6.1 43.9 270
437 6.1 43.9 270
438 6.1 43.9 270
439 6.1 43.9 270
440 6.1 43.9 270
441 6.1 43.9 270
442 6.1 43.9 270
443 6.1 43.9 270
444 6.1 43.9 270
445 6.1 43.9 270
446 6.1 43.9 270
447 6.1 43.9 270
448 6.1 43.9 270
449 6.1 43.9 270
450 6.1 43.9 270
451 6.1 43.9 270
452 6.1 43.9 270
453 6.1 43.9 270
454 6.1 43.9 270
455 6.2 43.4 270
456 6.2 43.4 270
457 6.2 43.4 270
458 6.2 43.4 270
459 6.2 41.35 270
460 6.2 41.35 270
461 6.2 41.35 270
462 6.2 41.15 270
463 6.2 41.15 270
464 6.2 41.15 270
465 6.2 41.15 270
466 6.2 40.45 270
467 6.2 40.45 270
468 6.2 40.45 270
469 6.2 40.45 270
470 6.2 40.35 270
471 6.2 40.35 270
472 6.2 40.35 270
473 6.2 40.35 270
474 6.2 40.35 270
475 6.2 40.35 270
476 6.2 40.35 270
477 6.2 40.35 270
478 6.2 40.35 270
479 6.2 40.35 270
480 6.2 40.35 270
481 6.2 40.05 270
482 6.2 40.05 270
483 6.2 40.05 270
484 6.2 40.05 270
485 6.2 40.05 270
486 6.2 40.05 270
487 6.2 39.85 270
488 6.2 39.75 270
489 6.2 39.75 270
490 6.2 39.75 270
491 6.2 39.75 270
492 6.2 39.75 270
493 6.2 39.75 270
494 6.2 39.75 270
495 6.2 39.35 270
496 6.2 39.35 270
497 6.2 38.95 270
498 6.2 38.95 270
499 6.2 38.95 270
500 6.2 38.95 270
501 6.2 38.95 270
502 6.2 38.95 270
503 6.2 38.95 270
504 6.2 38.95 270
505 6.2 38.95 270
506 6.2 38.95 270
507 6.2 38.95 270
508 6.2 38.95 270
509 6.2 38.95 270
510 6.2 38.95 270
511 6.2 38.95 270
512 6.2 38.95 270
513 6.2 38.95 270
514 6.2 38.95 270
515 6.2 38.55 270
516 6.2 38.55 270
517 6.2 38.35 270
518 6.2 38.35 270
519 6.2 38.15 270
520 6.2 38.15 270
521 6.2 37.95 270
522 6.2 37.95 270
523 6.2 37.95 270
524 6.2 37.95 270
525 6.2 37.95 270
526 6.2 37.95 270
527 6.2 37.75 270
528 6.2 37.75 270
529 6.2 37.55 270
530 6.2 37.55 270
531 6.2 37.55 270
532 6.2 37.55 270
533 6.2 37.55 270
534 6.2 37.55 270
535 6.2 37.55 270
536 6.2 37.55 270
537 6.2 37.15 270
538 6.2 37.15 270
539 6.2 36.95 270
540 6.2 36.95 270
541 6.2 36.75 270
542 6.2 36.75 270
543 6.2 36.75 270
544 6.2 36.75 270
545 6.2 36.55 270
546 6.2 36.55 270
547 6.2 36.55 270
548 6.2 36.55 270
549 6.2 36.35 270
550 6.2 36.35 270
551 6.2 36.35 270
552 6.2 36.35 270
553 6.2 36.15 270
554 6.2 36.15 270
555 6.2 35.95 270
556 6.2 35.95 270
557 6.2 35.75 270
558 6.2 35.75 270
559 6.2 35.55 270
560 6.2 35.55 270
561 6.2 35.35 270
562 6.2 35.35 270
563 6.2 35.15 270
564 6.2 35.15 270
565 6.2 34.95 270
566 6.2 34.95 270
567 6.2 34.75 270
568 6.2 34.75 270
569 6.2 34.55 270
570 6.2 34.55 270
571 6.2 34.15 270
572 6.2 34.15 270
573 6.2 33.95 270
574 6.2 33.95 270
575 6.2 33.75 270
576 6.2 33.35 270
577 6.2 33.35 270
578 6.2 33.35 270
579 6.2 33.35 270
580 6.2 32.95 270
581 6.2 32.95 270
582 6.2 32.95 270
583 6.2 32.95 270
584 6.2 32.95 270
585 6.2 32.95 270
586 6.2 32.45 270
587 6.2 32.45 270
588 6.2 32.45 270
589 6.2 32.45 270
590 6.2 32.45 270
591 6.2 32.45 270
592 6.2 31.65 270
593 6.2 31.55 270
594 6.2 31.55 270
595 6.2 31.55 270
596 6.2 31.55 270
597 6.2 31.55 270
598 6.2 31.55 270
599 6.2 31.55 270
600 6.2 31.55 270
601 6.2 30.85 270
602 6.2 30.85 270
603 6.2 30.85 270
604 6.2 30.85 270
605 6.2 30.85 270
606 6.2 30.85 270
607 6.2 30.85 270
608 6.2 30.85 270
609 6.2 30.85 270
610 6.2 30.35 270
611 6.2 30.35 270
612 6.2 30.15 270
613 6.2 30.15 270
614 6.2 29.85 270
615 6.2 29.85 270
616 6.2 29.25 270
617 6.2 28.95 270
618 6.2 28.95 270
619 6.2 28.95 270
620 6.2 28.95 270
621 6.2 28.95 270
622 6.2 28.65 270
623 6.2 28.65 270
624 6.2 28.65 270
625 6.2 28.65 270
626 6.2 28.65 270
627 6.2 28.25 270
628 6.2 28.05 270
629 6.2 28.05 270
630 6.2 28.05 270
631 6.2 27.75 270
632 6.2 27.75 270
633 6.2 27.45 270
634 6.2 27.45 270
635 6.2 27.25 270
636 6.2 27.25 270
637 6.2 27.25 270
638 6.2 26.55 270
639 6.2 26.55 270
640 6.2 26.15 270
641 6.2 26.15 270
642 6.2 26.15 270
643 6.2 25.75 270
644 6.2 25.55 270
645 6.2 25.55 270
646 6.2 25.55 270
647 6.2 24.95 270
648 6.2 24.95 270
649 6.2 24.75 270
650 6.2 24.75 270
651 6.2 24.35 270
652 6.1 23.85 270
653 6.1 23.85 270
654 6.1 23.85 270
655 6.1 23.85 270
656 6.1 23.85 270
657 6.1 23.85 270
658 6.1 24.15 270
659 6.1 24.15 270
660 6.1 24.15 270
661 6.1 24.15 270
662 6.1 24.15 270
663 6.1 24.15 270
664 6.1 24.15 270
665 6.1 24.15 270
666 6.1 24.15 270
667 6.1 24.15 270
668 6.1 24.15 270
669 6.1 23.85 270
670 6.1 23.85 270
671 6.1 23.85 270
672 6.1 23.65 270
673 6.1 23.65 270
674 6.1 23.45 270
675 6.1 23.45 270
676 6.1 23.45 270
677 6.1 23.05 270
678 6.1 22.75 270
679 6.1 22.55 270
680 6.1 22.55 270
681 6.1 22.55 270
682 6.1 21.45 270
683 6.1 21.25 270
684 6.1 21.25 270
685 6.1 20.85 270
686 6.1 20.85 270
687 6.1 20.55 270
688 6.1 20.55 270
689 6.1 20.55 270
690 6.1 20.55 270
691 6.1 20.05 270
692 6.1 19.85 270
693 6.1 19.85 270
694 6.1 19.65 270
695 6.1 19.65 270
696 6.1 19.45 270
697 6.1 19.45 270
698 6.1 19.05 270
699 6.1 19.05 270
700 6.1 19.05 270
701 6.1 18.65 270
702 6.1 18.35 270
703 6.1 18.35 270
704 6.1 18.15 270
705 6.1 18.15 270
706 6.1 18.15 270
707 6.1 18.15 270
708 6.1 17.75 270
709 6.1 17.75 270
710 6.1 17.45 270
711 6.1 17.45 270
712 6.1 17.05 270
713 6.1 17.05 270
714 6.1 16.85 270
715 6.1 16.85 270
716 6.1 16.85 270
717 6.1 16.85 270
718 6.1 16.85 270
719 6.1 16.85 270
720 6.1 16.85 270
721 6.1 16.85 270
722 6.1 16.85 270
723 6.1 16.85 270
724 6.1 16.55 270
725 6.1 16.35 270
726 6.1 16.35 270
727 6.1 16.35 270
728 6.1 16.35 270
729 6.1 16.35 270
730 6.1 16.35 270
731 6.1 16.15 270
732 6.1 15.55 270
733 6.1 15.35 270
734 6.1 15.35 270
735 6.1 15.05 270
736 6.1 15.05 270
737 6.1 14.85 270
738 6.1 14.85 270
739 6.1 14.85 270
740 6.1 14.85 270
741 6.1 14.85 270
742 6.1 14.55 270
743 6.1 14.25 270
744 6.1 14.05 270
745 6.1 14.05 270
746 6.1 14.05 270
747 6.1 14.05 270
748 6.1 14.05 270
749 6.1 14.05 270
750 6.1 13.85 270
751 6.1 13.85 270
752 6.1 13.65 270
753 6.1 13.65 270
754 6.1 13.25 270
755 6.1 13.25 270
756 6.1 12.95 270
757 6.1 12.95 270
758 6.1 12.75 270
759 6.1 12.75 270
760 6.1 12.75 270
761 6.1 12.75 270
762 6.1 12.75 270
763 6.1 12.75 270
764 6.1 12.75 270
765 6.1 12.45 270
766 6.1 12.45 270
767 6.1 12.45 270
768 6.1 12.45 270
769 6.1 12.15 270
770 6.1 12.15 270
771 6.1 12.15 270
772 6.1 12.15 270
773 6.1 12.15 270
774 6.1 12.15 270
775 6.1 12.15 270
776 6.1 12.15 270
777 6.1 12.15 270
778 6.1 12.15 270
779 6.1 12.15 270
780 6.1 12.15 270
781 6.1 12.15 270
782 6.1 12.15 270
783 6.1 12.15 270
784 6.1 12.15 270
785 6.1 12.15 270
786 6.1 12.15 270
787 6.1 12.15 270
788 6.1 12.15 270
789 6.1 12.15 270
790 6.1 12.15 270
791 6.1 12.15 270
792 6.1 11.85 270
793 6.1 11.65 270
794 6.1 11.65 270
795 6.1 11.65 270
796 6.1 11.35 270
797 6.1 11.35 270
798 6.1 11.35 270
799 6.1 11.05 270
800 6.1 11.05 270
801 6.1 11.05 270
802 6.1 11.05 270
803 6.1 11.05 270
804 6.1 11.05 270
805 6.1 10.75 270
806 6.1 10.75 270
807 6.1 10.75 270
808 6.1 10.75 270
809 6.1 10.75 270
810 6.1 10.75 270
811 6.1 10.75 270
812 6.1 10.75 270
813 6.1 10.75 270
814 6.1 10.75 270
815 6.1 10.75 270
816 6.1 10.75 270
817 6.1 10.75 270
818 6.1 10.55 270
819 6.1 10.55 270
820 6.1 10.55 270
821 6.1 10.35 270
822 6.1 10.35 270
823 6.1 10.35 270
824 6.1 10.35 270
825 6.1 10.25 270
826 6.1 10.25 270
827 6.1 9.95 270
828 6.1 9.95 270
829 6.1 9.55 270
830 6.1 9.55 270
831 6.1 9.55 270
832 6.1 9.35 270
833 6.1 9.35 270
834 6.1 9.35 270
835 6.1 9.35 270
836 6.1 9.35 270
837 6.1 9.35 270
838 6.1 9.35 270
839 6.1 9.35 270
840 6.1 9.35 270
841 6.1 9.35 270
842 6.1 9.35 270
843 6.1 9.15 270
844 6.1 8.95 270
845 6.1 8.95 270
846 6.1 8.95 270
847 6.1 8.95 270
848 6.1 8.95 270
849 6.1 8.95 270
850 6.1 8.95 270
851 6.1 8.95 270
852 6.1 8.95 270
853 6.1 8.95 270
854 6.1 8.95 270
855 6.1 8.95 270
856 6.1 8.95 270
857 6.1 8.95 270
858 6.1 8.95 270
859 6.1 8.95 270
860 6.1 8.95 270
861 6.1 8.95 270
862 6.1 8.95 270
863 6.1 8.95 270
864 6.1 8.95 270
865 6.1 8.95 270
866 6.1 8.75 270
867 6.1 8.75 270
868 6.1 8.55 270
869 6.1 8.55 270
870 6.1 8.35 270
871 6.1 8.35 270
872 6.1 8.35 270
873 6.1 8.35 270
874 6.0 8.05 270
875 6.0 8.05 270
876 6.0 8.05 270
877 6.0 7.75 270
878 6.0 7.75 270
879 6.0 7.75 270
880 6.0 7.75 270
881 6.0 7.75 270
882 6.0 7.75 270
883 6.0 7.75 270
884 6.0 7.75 270
885 6.0 7.75 270
886 6.0 7.75 270
887 6.0 7.75 270
888 6.0 7.75 270
889 6.0 7.65 270
890 6.0 7.55 270
891 6.0 7.55 270
892 6.0 7.55 270
893 6.0 7.55 270
894 6.0 7.55 270
895 6.0 7.55 270
896 6.0 7.55 270
897 6.0 7.55 270
898 6.0 7.55 270
899 6.0 7.55 270
900 6.0 7.55 270
901 6.0 7.55 270
902 6.0 7.55 270
903 6.0 7.55 270
904 6.0 7.55 270
905 5.9 7.45 270
906 5.9 7.45 270
907 5.9 7.45 270
908 5.9 7.45 270
909 5.9 7.45 270
910 5.9 7.45 270
911 5.9 7.45 270
912 5.9 7.45 270
913 5.9 7.45 270
914 5.9 7.45 270
915 5.9 7.45 270
916 5.9 7.45 270
917 5.9 7.45 270
918 5.9 7.45 270
919 5.9 7.45 270
920 5.9 7.25 270
921 5.9 7.25 270
922 5.9 7.25 270
923 5.9 7.25 270
924 5.9 7.25 270
925 5.9 7.25 270
926 5.9 7.25 270
927 5.9 7.25 270
928 5.9 7.25 270
929 5.9 7.05 270
930 5.9 7.05 270
931 5.9 7.05 270
932 5.9 7.05 270
933 5.9 7.05 270
934 5.9 7.05 270
935 5.9 7.05 270
936 5.9 7.05 270
937 5.9 7.05 270
938 5.9 7.05 270
939 5.9 7.05 270
940 5.9 6.95 270
941 5.9 6.95 270
942 5.9 6.95 270
943 5.9 6.95 270
944 5.9 6.95 270
945 5.9 6.95 270
946 5.9 6.95 270
947 5.9 6.95 270
948 5.9 6.95 270
949 5.9 6.95 270
950 5.9 6.95 270
951 5.9 6.95 270
952 5.9 6.95 270
953 5.9 6.95 270
954 5.9 6.95 270
955 5.9 6.95 270
956 5.9 6.95 270
957 5.9 6.95 270
958 5.9 6.95 270
959 5.9 6.95 270
960 5.9 6.95 270
961 5.9 6.95 270
962 5.9 6.95 270
963 5.9 6.95 270
964 5.9 6.95 270
965 5.9 6.95 270
966 5.9 6.95 270
967 5.9 6.95 270
968 5.9 6.95 315
969 5.9 6.95 315
970 5.9 6.95 315
971 5.9 6.95 315
972 5.9 6.95 315
973 5.9 6.95 315
974 5.9 6.95 315
975 5.9 6.95 315
976 5.9 6.95 315
977 5.9 6.95 315
978 5.9 6.95 315
979 5.9 6.95 315
980 5.9 6.95 315
981 5.9 6.95 315
982 5.9 6.95 315
983 6.1 6.95 315
984 6.2 6.95 315
985 6.3 6.95 315
986 6.3 6.95 315
987 6.5 6.95 315
988 6.5 6.95 315
989 6.5 6.95 315
990 6.5 6.95 315
991 6.5 6.95 315
992 6.5 6.95 315
993 6.5 6.95 315
994 6.5 6.95 315
995 6.5 6.95 315
996 6.7 6.95 315
997 6.7 6.95 315
998 6.7 6.95 315
999 6.7 6.95 315
1000 6.7 6.95 315
1001 6.8 6.95 315
1002 6.9 6.95 315
1003 6.9 6.95 315
1004 6.9 6.95 315
1005 6.9 6.95 315
1006 6.9 6.95 315
1007 6.9 6.95 315
1008 6.9 6.95 315
1009 6.9 6.95 315
1010 6.9 6.95 315
1011 6.9 6.95 315
1012 6.9 6.95 315
1013 6.9 6.95 315
1014 6.9 6.95 315
1015 6.9 6.95 315
1016 6.9 6.95 315
1017 6.9 6.95 315
1018 6.9 6.95 315
1019 6.9 6.95 315
1020 6.9 6.95 315
1021 7.0 6.75 315
1022 7.0 6.75 315
1023 7.0 6.75 315
1024 7.0 6.75 315
1025 7.0 6.75 315
1026 7.0 6.75 315
1027 7.0 6.75 315
1028 7.0 6.75 315
1029 7.0 6.75 315
1030 7.0 6.75 315
1031 7.0 6.75 315
1032 7.0 6.75 0
1033 7.1 6.75 0
1034 7.1 6.75 0
1035 7.1 6.75 0
1036 7.1 6.75 0
1037 7.1 6.75 0
1038 7.1 6.75 0
1039 7.1 6.75 0
1040 7.1 6.75 0
1041 7.1 6.75 0
1042 7.1 6.75 0
1043 7.1 6.75 0
1044 7.1 6.75 0
1045 7.1 6.75 0
1046 7.1 6.75 0
1047 7.1 6.75 0
1048 7.1 6.75 0
1049 7.1 6.75 0
1050 7.1 6.75 0
1051 7.1 6.75 0
1052 7.1 6.75 0
1053 7.1 6.75 0
