0 21.7 3.05 90
1 21.7 3.05 90
2 21.7 3.05 90
3 21.7 3.05 90
4 21.7 3.05 90
5 21.7 3.05 90
6 21.7 3.05 90
7 21.7 3.05 90
8 21.7 3.05 90
9 21.7 3.05 90
10 21.7 3.05 90
11 21.7 3.05 90
12 21.7 3.05 90
13 21.7 3.05 90
14 21.7 3.05 90
15 21.7 3.05 90
16 21.7 3.05 90
17 21.7 3.05 90
18 21.7 3.05 90
19 21.7 3.05 90
20 21.7 3.05 90
21 21.7 3.05 90
22 21.7 3.05 90
23 21.7 3.05 90
24 21.7 3.05 90
25 21.7 3.05 90
26 21.7 3.05 90
27 21.7 3.05 90
28 21.7 3.65 90
29 21.7 3.65 90
30 21.7 3.65 90
31 21.7 3.65 90
32 21.85 4.0 90
33 21.85 4.0 90
34 21.85 4.0 90
35 21.85 4.0 90
36 21.85 4.0 90
37 21.85 4.0 90
38 22.1 4.45 90
39 22.1 4.45 90
40 22.1 4.45 90
41 22.1 4.45 90
42 22.1 4.45 90
43 22.1 4.45 90
44 22.1 4.45 90
45 22.1 4.45 90
46 22.1 4.45 90
47 22.1 4.45 90
48 22.1 4.45 90
49 22.1 4.45 90
50 22.2 5.25 90
51 22.2 5.25 90
52 22.2 5.25 90
53 22.2 5.25 90
54 22.2 5.25 90
55 22.2 5.25 90
56 22.2 5.25 90
57 22.2 5.25 90
58 22.2 5.25 90
59 22.2 5.25 90
60 22.2 5.25 90
61 22.2 5.25 90
62 22.2 5.25 90
63 22.2 5.25 90
64 22.2 5.25 90
65 22.2 5.25 90
66 22.2 5.25 90
67 22.2 5.25 90
68 22.15 5.35 90
69 22.15 5.35 90
70 22.15 5.35 90
71 22.15 5.35 90
72 22.15 5.35 90
73 22.15 5.35 90
74 22.25 5.7 90
75 22.25 5.7 90
76 22.25 5.7 90
77 22.25 5.7 90
78 22.25 5.7 90
79 22.25 5.7 90
80 22.25 5.7 90
81 22.25 5.7 90
82 22.25 5.7 90
83 22.25 5.7 90
84 22.25 5.7 90
85 22.25 5.7 90
86 22.3 6.05 90
87 22.3 6.05 90
88 22.3 6.05 90
89 22.3 6.05 90
90 22.3 6.05 90
91 22.3 6.05 90
92 22.3 6.05 90
93 22.3 6.05 90
94 22.3 6.05 90
95 22.3 6.05 90
96 22.3 6.05 90
97 22.3 6.05 90
98 22.3 6.05 90
99 22.3 6.05 90
100 22.3 6.05 90
101 22.2 6.2 90
102 22.2 6.2 90
103 22.2 6.2 90
104 22.2 6.2 90
105 22.2 6.2 90
106 22.2 6.3 90
107 22.2 6.3 90
108 22.2 6.3 90
109 22.2 6.3 90
110 22.2 6.3 90
111 22.2 6.3 90
112 22.2 6.3 90
113 22.2 6.3 90
114 22.2 6.3 90
115 22.2 6.3 90
116 22.2 6.3 90
117 22.2 6.3 90
118 22.2 6.3 90
119 22.2 6.3 90
120 22.2 6.3 90
121 22.2 6.3 90
122 22.2 6.3 90
123 22.2 6.3 90
124 22.2 6.3 90
125 22.2 6.3 90
126 22.2 6.3 90
127 22.2 6.3 135
128 22.2 6.3 135
129 22.2 6.3 135
130 22.2 6.3 135
131 22.2 6.3 135
132 22.2 6.3 180
133 22.2 6.3 180
134 22.2 6.3 180
135 22.2 6.3 180
136 22.2 6.3 180
137 22.2 6.3 180
138 22.2 6.3 180
139 22.2 6.3 180
140 22.2 6.3 180
141 22.2 6.3 180
142 22.2 6.3 180
143 22.2 6.3 180
144 22.2 6.3 180
145 22.2 6.3 180
146 22.2 6.3 180
147 22.2 6.3 180
148 22.2 6.3 180
149 22.2 6.3 180
150 22.2 6.3 180
151 22.2 6.3 180
152 22.2 6.3 180
153 22.2 6.3 180
154 22.2 6.3 180
155 22.2 6.3 180
156 22.2 6.3 180
157 22.2 6.3 180
158 22.2 6.3 180
159 22.2 6.3 180
160 22.2 6.3 180
161 22.2 6.3 180
162 22.2 6.3 180
163 22.2 6.3 180
164 22.2 6.3 180
165 22.2 6.3 180
166 22.2 6.3 180
167 22.2 6.3 180
168 22.2 6.3 180
169 22.2 6.3 180
170 22.2 6.3 180
171 22.2 6.3 180
172 22.2 6.3 180
173 22.2 6.3 180
174 22.2 6.3 180
175 22.2 6.3 180
176 22.2 6.3 180
177 22.2 6.3 180
178 22.2 6.3 180
179 22.2 6.3 180
180 22.2 6.3 180
181 22.2 6.3 180
182 22.2 6.3 180
183 22.2 6.3 180
184 22.2 6.3 180
185 22.2 6.3 180
186 22.2 6.3 180
187 22.2 6.3 180
188 22.2 6.3 180
189 22.2 6.3 225
190 22.2 6.3 225
191 22.2 6.3 225
192 22.2 6.3 225
193 22.2 6.3 225
194 22.2 6.3 225
195 22.2 6.3 225
196 22.2 6.3 225
197 22.2 6.3 225
198 22.2 6.3 225
199 22.2 6.3 225
200 22.2 6.3 225
201 22.2 6.3 225
202 22.2 6.3 225
203 22.2 6.3 225
204 22.2 6.3 225
205 22.2 6.3 225
206 22.2 6.3 225
207 22.2 6.3 225
208 22.2 6.3 225
209 22.2 6.3 225
210 22.2 6.3 225
211 22.2 6.3 225
212 22.2 6.3 225
213 22.2 6.3 225
214 22.2 6.3 225
215 22.2 6.3 225
216 22.2 6.3 225
217 22.2 6.3 225
218 22.2 6.3 225
219 22.2 6.3 225
220 22.2 6.3 225
221 22.2 6.3 225
222 22.2 6.3 225
223 22.2 6.3 225
224 22.2 6.3 225
225 22.2 6.3 225
226 22.2 6.3 225
227 22.2 6.3 225
228 22.2 6.3 225
229 22.2 6.3 225
230 22.2 6.3 225
231 22.2 6.3 225
232 22.2 6.3 225
233 22.2 6.3 225
234 22.2 6.3 225
235 22.2 6.3 225
236 22.2 6.3 225
237 22.2 6.3 225
238 22.2 6.3 225
239 22.2 6.3 225
240 22.2 6.3 225
241 22.2 6.3 270
242 22.2 6.3 270
243 22.2 6.3 270
244 22.2 6.3 270
245 22.2 6.3 270
246 22.2 6.3 270
247 22.2 6.3 270
248 22.2 6.3 270
249 22.2 6.3 270
250 22.2 6.3 270
251 22.2 6.3 270
252 22.2 6.3 270
253 22.2 6.3 270
254 22.2 6.3 270
255 22.2 6.3 270
256 22.2 6.3 270
257 22.2 6.3 270
258 22.2 6.3 270
259 22.2 6.3 270
260 22.2 6.3 270
261 22.2 6.3 270
262 22.2 6.3 270
263 22.2 6.3 270
264 22.2 6.3 270
265 22.2 6.3 270
266 22.2 6.3 270
267 22.2 6.3 270
268 22.2 6.3 270
269 22.2 6.3 270
270 22.2 6.3 270
271 22.2 6.3 270
272 22.2 6.3 270
273 22.2 6.3 270
274 22.2 6.3 270
275 22.2 6.3 270
276 22.2 6.3 270
277 22.2 6.3 270
278 22.2 6.3 270
279 22.2 6.3 270
280 22.2 6.3 270
281 22.2 6.3 270
282 22.2 6.3 270
283 22.2 6.3 270
284 22.2 6.3 270
285 22.2 6.3 270
286 22.2 6.3 270
287 22.2 6.3 270
288 22.2 6.3 270
289 22.2 6.3 270
290 22.2 6.3 270
291 22.2 6.3 270
292 22.2 6.3 270
293 22.2 6.3 270
294 22.2 6.3 270
295 22.2 6.3 270
296 22.2 6.3 270
297 22.2 6.3 270
298 22.2 6.3 270
299 22.2 6.3 270
300 22.2 6.3 270
301 22.2 6.3 270
302 22.2 6.3 270
303 22.2 6.3 270
304 22.2 6.3 270
305 22.2 6.3 270
306 22.2 6.3 270
307 22.2 6.3 270
308 22.2 6.3 270
309 22.2 6.3 270
310 22.2 6.3 270
311 22.2 6.3 270
312 22.2 6.3 270
313 22.2 6.3 270
314 22.2 6.3 270
315 22.2 6.3 270
316 22.2 6.3 270
317 22.2 6.3 270
318 22.2 6.3 270
319 22.2 6.3 270
320 22.2 6.3 270
321 22.2 6.3 270
322 22.2 6.3 270
323 22.2 6.3 270
324 22.2 6.3 270
325 22.2 6.3 270
326 22.2 6.3 270
327 22.2 6.3 270
328 22.2 6.3 270
329 22.2 6.3 270
330 22.2 6.3 270
331 22.2 6.3 270
332 22.2 6.3 270
333 22.2 6.3 270
334 22.2 6.3 270
335 22.2 6.3 270
336 22.2 6.3 270
337 22.2 6.3 270
338 22.2 6.3 270
339 22.2 6.3 270
340 22.2 6.3 270
341 22.2 6.3 270
342 22.2 6.3 270
343 22.2 6.3 270
344 22.2 6.3 270
345 22.2 6.3 270
346 22.2 6.3 270
347 22.2 6.3 270
348 22.2 6.3 270
349 22.2 6.3 270
350 22.2 6.3 270
351 22.2 6.3 270
352 22.2 6.3 270
353 22.2 6.3 270
354 22.2 6.3 270
355 22.2 6.3 270
356 22.2 6.3 270
357 22.2 6.3 270
358 22.2 6.3 270
359 22.2 6.3 270
360 22.2 6.3 270
361 22.2 6.3 270
362 22.2 6.3 270
363 22.2 6.3 270
364 22.2 6.3 270
365 22.2 6.3 270
366 22.2 6.3 270
367 22.2 6.3 270
368 22.2 6.3 270
369 22.2 6.3 270
370 22.2 6.3 270
371 22.2 6.3 270
372 22.2 6.3 270
373 22.2 6.3 270
374 22.2 6.3 270
375 22.2 6.3 270
376 22.2 6.3 270
377 22.2 6.3 270
378 22.2 6.3 270
379 22.2 6.3 270
380 22.2 6.3 270
381 22.2 6.3 270
382 22.2 6.3 270
383 22.2 6.3 270
384 22.2 6.3 270
385 22.2 6.3 270
386 22.2 6.3 270
387 22.2 6.3 270
388 22.2 6.3 270
389 22.2 6.3 270
390 22.2 6.3 270
391 22.2 6.3 270
392 22.2 6.3 270
393 22.2 6.3 270
394 22.2 6.3 270
395 22.2 6.3 270
396 22.2 6.3 270
397 22.2 6.3 270
398 22.2 6.3 270
399 22.2 6.3 270
400 22.2 6.3 270
401 22.2 6.3 270
402 22.2 6.3 315
403 22.2 6.3 315
404 22.2 6.3 315
405 22.2 6.3 315
406 22.2 6.3 315
407 22.2 6.3 315
408 22.2 6.3 315
409 22.2 6.3 315
410 22.2 6.3 315
411 22.2 6.3 315
412 22.2 6.3 315
413 22.2 6.3 315
414 22.2 6.3 315
415 22.2 6.3 315
416 22.2 6.3 315
417 22.2 6.3 315
418 22.2 6.3 315
419 22.2 6.3 315
420 22.2 6.3 315
421 22.2 6.3 315
422 22.2 6.3 315
423 22.2 6.3 315
424 22.2 6.3 315
425 22.2 6.3 315
426 22.2 6.3 315
427 22.2 6.3 0
428 22.2 6.3 0
429 22.2 6.3 0
430 22.2 6.3 0
431 22.2 6.3 0
432 22.2 6.3 0
433 22.2 6.3 0
434 22.2 6.3 0
435 22.2 6.3 0
436 22.2 6.3 0
437 22.2 6.3 0
438 22.2 6.3 0
439 22.2 6.3 0
440 22.2 6.3 0
441 22.2 6.3 0
442 22.2 6.3 0
443 22.2 6.3 0
444 22.2 6.3 0
445 22.2 6.3 0
446 22.2 6.3 0
447 22.2 6.3 0
448 22.2 6.3 0
449 22.2 6.3 0
450 22.2 6.3 0
451 22.2 6.3 0
452 22.2 6.3 0
453 22.2 6.3 0
454 22.2 6.3 0
455 22.2 6.3 0
456 22.2 6.3 0
457 22.2 6.3 0
458 22.2 6.3 0
459 22.2 6.3 0
460 22.2 6.3 0
461 22.2 6.3 0
462 22.2 6.3 45
463 22.2 6.3 90
464 22.2 6.3 90
465 22.2 6.3 90
466 22.2 6.3 90
467 22.2 6.3 90
468 22.2 6.3 90
469 22.2 6.3 135
470 22.2 6.3 135
471 22.2 6.3 135
472 22.2 6.3 135
473 22.2 6.3 135
474 22.2 6.3 135
475 22.2 6.3 135
476 22.2 6.3 135
477 22.2 6.3 135
478 22.2 6.3 180
479 22.2 6.3 180
480 22.2 6.3 180
481 22.2 6.3 180
482 22.2 6.3 180
483 22.2 6.3 180
484 22.2 6.3 180
485 22.2 6.3 180
486 22.2 6.3 180
487 22.2 6.3 180
488 22.2 6.3 180
489 22.2 6.3 180
490 22.2 6.3 180
491 21.85 6.4 180
492 21.85 6.4 180
493 21.85 6.4 180
494 21.85 6.4 180
495 21.85 6.4 180
496 21.85 6.4 180
497 21.85 6.4 180
498 21.85 6.4 180
499 21.85 6.4 180
500 21.85 6.4 180
501 21.85 6.4 180
502 21.85 6.4 180
503 21.85 6.4 180
504 21.85 6.4 180
505 21.85 6.4 180
506 21.85 6.4 180
507 21.85 6.4 180
508 21.85 6.4 180
509 21.85 6.4 180
510 21.85 6.4 180
511 21.85 6.4 180
512 21.85 6.4 180
513 21.85 6.4 180
514 21.85 6.4 180
515 21.85 6.4 180
516 21.85 6.4 180
517 21.85 6.4 180
518 21.85 6.4 180
519 21.85 6.4 180
520 21.85 6.4 180
521 21.55 6.4 180
522 21.55 6.4 180
523 21.55 6.4 180
524 21.55 6.4 180
525 21.55 6.4 180
526 21.55 6.4 180
527 21.55 6.4 180
528 21.55 6.4 180
529 21.55 6.4 180
530 21.55 6.4 180
531 21.55 6.4 180
532 21.55 6.4 180
533 21.55 6.4 180
534 21.55 6.4 180
535 21.55 6.4 180
536 21.55 6.4 180
537 21.55 6.4 180
538 21.55 6.4 180
539 21.55 6.4 180
540 21.55 6.4 180
541 21.55 6.4 180
542 21.55 6.4 180
543 21.55 6.4 180
544 21.55 6.4 180
545 21.55 6.4 180
546 21.55 6.4 180
547 21.55 6.4 180
548 21.55 6.4 180
549 21.55 6.4 180
550 21.55 6.4 180
551 21.55 6.4 180
552 21.55 6.4 180
553 21.55 6.4 180
554 21.55 6.4 180
555 21.55 6.4 180
556 21.55 6.4 180
557 21.55 6.4 180
558 21.55 6.4 180
559 21.55 6.4 180
560 21.2 6.4 180
561 21.2 6.4 180
562 21.2 6.4 180
563 21.2 6.4 180
564 21.2 6.4 180
565 21.2 6.4 180
566 21.2 6.4 180
567 21.2 6.4 180
568 21.2 6.4 180
569 21.2 6.4 180
570 21.2 6.4 180
571 21.2 6.4 180
572 21.2 6.4 180
573 21.2 6.4 180
574 21.2 6.4 135
575 21.2 6.4 135
576 21.2 6.4 135
577 21.2 6.4 135
578 21.2 6.4 90
579 21.2 6.4 135
580 21.2 6.4 135
581 21.2 6.4 135
582 21.2 6.4 90
583 21.2 6.4 90
584 21.2 6.4 90
585 21.2 6.4 90
586 21.2 6.4 90
587 21.2 6.4 90
588 21.2 6.4 90
589 21.2 6.4 90
590 21.2 6.4 90
591 21.2 6.4 90
592 21.2 6.4 90
593 21.2 6.4 90
594 21.2 6.4 90
595 21.2 6.4 90
596 21.2 6.4 90
597 21.2 6.4 90
598 21.2 6.4 90
599 21.2 6.4 90
600 21.2 6.4 90
601 21.2 6.4 90
602 21.2 6.4 90
603 21.2 6.4 90
604 21.2 6.4 90
605 21.2 6.4 90
606 21.2 6.4 90
607 21.2 6.4 90
608 21.2 6.4 90
609 21.2 6.4 90
610 21.2 6.4 90
611 21.2 6.4 90
612 21.2 6.4 90
613 21.2 6.4 90
614 21.2 6.4 90
615 21.2 6.4 90
616 21.2 6.4 90
617 21.2 6.4 90
618 21.2 6.4 90
619 21.2 6.4 90
620 21.2 6.4 90
621 21.2 6.4 90
622 21.2 6.4 90
623 21.2 6.4 90
624 21.2 6.4 90
625 21.2 6.4 90
626 21.0 6.35 90
627 21.0 6.35 90
628 21.0 6.35 90
629 21.0 6.35 90
630 21.0 6.35 90
631 21.0 6.35 90
632 21.0 6.35 90
633 21.0 6.35 90
634 21.0 6.35 90
635 21.0 6.35 90
636 21.0 6.35 90
637 21.0 6.35 90
638 21.0 6.35 90
639 21.0 6.35 90
640 21.0 6.35 90
641 21.0 6.35 90
642 21.0 6.35 90
643 21.0 6.35 90
644 21.0 6.35 90
645 21.0 6.35 90
646 21.0 6.35 90
647 21.0 6.35 90
648 21.0 6.35 90
649 21.0 6.35 90
650 21.0 6.35 90
651 21.0 6.35 90
652 21.0 6.35 90
653 20.65 6.1 90
654 20.65 6.1 90
655 20.65 6.1 90
656 20.65 6.1 90
657 20.65 6.1 90
658 20.65 6.1 90
659 20.65 6.1 90
660 20.65 6.1 90
661 20.65 6.1 90
662 20.65 6.1 90
663 20.65 6.1 90
664 20.65 6.1 90
665 20.65 6.1 90
666 20.65 6.1 90
667 20.65 6.1 45
668 20.65 6.1 45
669 20.65 6.1 45
670 20.65 6.1 0
671 20.65 6.1 0
672 20.65 6.1 0
673 20.65 6.1 0
674 20.65 6.1 315
675 20.65 6.1 315
676 20.65 6.1 315
677 20.65 6.1 315
678 20.65 6.1 315
679 20.65 6.1 315
680 20.65 6.1 315
681 20.65 6.1 315
682 20.65 6.1 315
683 20.65 6.1 315
684 20.65 6.1 315
685 20.65 6.1 315
686 20.65 6.1 315
687 20.65 6.1 315
688 20.65 6.1 315
689 20.65 6.1 0
690 20.65 6.1 0
691 20.65 6.1 0
692 20.65 6.1 0
693 20.65 6.1 0
694 20.65 6.1 0
695 20.65 6.1 0
696 20.65 6.1 0
697 20.65 6.1 0
698 20.65 6.1 0
699 20.65 6.1 0
700 20.65 6.1 0
701 20.65 6.1 0
702 20.65 6.1 0
703 20.65 6.1 0
704 20.65 6.1 0
705 20.65 6.1 0
706 20.65 6.1 0
707 20.65 6.1 0
708 20.65 6.1 0
709 20.65 6.1 0
710 20.65 6.1 0
711 20.65 6.1 0
712 20.65 6.1 0
713 20.65 6.1 0
714 20.65 6.1 0
715 20.65 6.1 0
716 20.65 6.1 0
717 20.65 6.1 0
718 20.65 6.1 0
719 20.65 6.1 0
720 20.65 6.1 0
721 20.65 6.1 0
722 20.65 6.1 0
723 20.65 6.1 0
724 20.65 6.1 0
725 20.65 6.1 0
726 20.65 6.1 0
727 20.65 6.1 0
728 20.65 6.1 90
729 20.65 6.1 135
730 20.65 6.1 180
731 20.65 6.1 180
732 20.65 6.1 180
733 20.65 6.1 180
734 20.65 6.1 180
735 20.45 6.25 180
736 20.45 6.25 180
737 20.45 6.25 180
738 20.45 6.25 180
739 20.45 6.25 180
740 20.45 6.25 180
741 20.15 6.3 90
742 20.15 6.3 135
743 20.15 6.3 45
744 20.15 6.3 45
745 20.15 6.3 45
746 20.15 6.3 45
747 20.15 6.3 45
748 20.15 6.3 45
749 20.15 6.3 45
750 20.15 6.3 45
751 20.15 6.3 45
752 20.15 6.3 45
753 20.15 6.3 90
754 20.15 6.3 90
755 20.15 6.3 90
756 20.15 6.3 90
757 20.15 6.3 90
758 20.15 6.3 90
759 20.15 6.3 90
760 20.15 6.3 90
761 20.15 6.3 90
762 20.15 6.3 90
763 20.15 6.3 90
764 20.15 6.3 90
765 20.15 6.3 90
766 20.15 6.3 90
767 20.1 7.2 90
768 20.1 7.2 90
769 20.1 7.2 90
770 20.1 7.2 90
771 20.1 7.2 90
772 20.1 7.2 90
773 20.1 7.2 90
774 20.1 7.2 90
775 20.1 7.2 90
776 20.0 7.75 90
777 20.0 7.75 90
778 20.0 7.75 90
779 20.0 7.75 90
780 20.0 7.75 90
781 20.0 7.75 90
782 20.0 7.75 90
783 20.0 7.75 90
784 20.0 7.75 90
785 20.0 8.05 135
786 20.0 8.05 135
787 20.0 8.05 180
788 20.0 8.05 180
789 20.0 8.05 180
790 20.0 8.05 180
791 20.0 8.05 180
792 20.0 8.05 180
793 20.0 8.05 180
794 20.0 8.05 135
795 20.0 8.05 135
796 20.0 8.05 135
797 20.0 8.05 135
798 20.0 8.05 135
799 20.0 8.05 135
800 20.0 8.05 135
801 20.0 8.05 135
802 20.0 8.05 135
803 20.0 8.5 90
804 20.0 8.5 90
805 20.0 8.5 45
806 20.0 8.5 0
807 20.0 8.5 0
808 20.0 8.5 0
809 20.0 8.5 0
810 20.0 8.5 0
811 20.0 8.5 0
812 20.0 8.5 45
813 20.0 8.5 45
814 20.0 8.5 90
815 20.0 8.5 90
816 20.0 8.5 90
817 20.0 8.5 90
818 20.0 8.5 135
819 20.0 8.5 135
820 20.0 8.5 180
821 20.0 8.5 180
822 20.0 8.5 180
823 20.0 8.5 225
824 20.0 8.5 270
825 20.0 8.5 270
826 20.0 8.5 270
827 20.0 8.5 270
828 20.0 8.5 270
829 20.0 8.5 270
830 20.0 8.5 270
831 20.0 8.5 270
832 20.0 8.5 270
833 20.0 8.5 270
834 20.0 8.5 270
835 20.0 8.5 270
836 20.0 8.5 270
837 20.0 8.5 270
838 20.0 8.5 270
839 20.0 8.5 270
840 20.0 8.5 270
841 20.0 8.5 270
842 20.0 8.5 270
843 20.0 8.5 270
844 20.0 8.5 270
845 20.0 8.5 270
846 20.0 8.5 270
847 20.0 8.5 270
848 20.0 8.5 270
849 20.0 8.5 270
850 20.0 8.5 270
851 20.0 8.5 270
852 19.95 8.2 270
853 19.95 8.2 270
854 19.95 8.2 270
855 19.95 8.2 270
856 19.95 8.2 270
857 20.0 7.8 270
858 20.0 7.8 270
859 20.0 7.8 270
860 20.0 7.8 270
861 20.0 7.8 270
862 20.0 7.45 270
863 20.0 7.45 270
864 20.0 7.45 270
865 20.0 7.45 270
866 20.0 7.45 270
867 20.0 7.45 270
868 20.0 7.45 270
869 20.0 7.45 270
870 20.0 7.45 270
871 20.0 6.95 270
872 20.0 6.95 270
873 20.0 6.95 270
874 20.0 6.95 270
875 20.0 6.95 270
876 20.0 6.95 270
877 20.0 6.95 270
878 20.0 6.95 270
879 20.0 6.6 270
880 20.0 6.6 270
881 20.0 6.6 270
882 20.0 6.6 270
883 20.0 6.6 270
884 20.0 6.6 270
885 20.0 6.6 270
886 20.0 6.6 270
887 20.0 6.6 270
888 19.9 6.45 270
889 19.9 6.45 270
890 19.9 6.45 270
891 19.9 6.45 270
892 19.9 6.45 270
893 19.9 6.45 270
894 19.9 6.45 225
895 19.9 6.45 225
896 19.9 6.45 180
897 19.9 6.45 180
898 19.9 6.45 135
899 19.9 6.45 135
900 19.9 6.45 135
901 19.9 6.45 135
902 19.9 6.45 135
903 19.9 6.45 135
904 19.9 6.45 135
905 19.9 6.45 135
906 19.9 6.45 135
907 19.9 6.45 135
908 19.9 6.45 135
909 19.9 6.45 135
910 19.9 6.45 135
911 19.9 6.45 135
912 19.9 6.45 135
913 19.9 6.45 135
914 19.9 6.45 135
915 19.9 6.45 135
916 19.9 6.45 135
917 19.9 6.45 180
918 19.9 6.45 180
919 19.9 6.45 180
920 19.9 6.45 225
921 19.9 6.45 225
922 19.9 6.45 225
923 19.9 6.45 225
924 19.9 6.45 225
925 19.9 6.45 225
926 19.9 6.45 225
927 19.9 6.45 225
928 19.9 6.45 225
929 19.9 6.45 225
930 19.9 6.45 225
931 19.9 6.45 225
932 19.9 6.45 225
933 19.9 6.45 225
934 19.9 6.45 225
935 19.9 6.45 225
936 19.9 6.45 225
937 19.9 6.45 225
938 19.9 6.45 225
939 19.9 6.45 225
940 19.9 6.45 225
941 19.9 6.45 225
942 19.9 6.45 225
943 19.9 6.45 225
944 19.9 6.45 225
945 19.9 6.45 225
946 19.9 6.45 225
947 19.9 6.45 225
948 19.9 6.45 225
949 19.9 6.45 225
950 19.9 6.45 225
951 19.9 6.45 225
952 19.9 6.45 225
953 19.9 6.45 225
954 19.9 6.45 225
955 19.9 6.45 225
956 19.9 6.45 225
957 19.9 6.45 225
958 19.9 6.45 180
959 19.9 6.45 180
960 19.9 6.45 180
961 19.9 6.45 180
962 19.9 6.45 180
963 19.9 6.45 180
964 19.9 6.45 180
965 19.9 6.45 180
966 19.9 6.45 180
967 19.9 6.45 180
968 19.9 6.45 180
969 19.9 6.45 180
970 19.9 6.45 180
971 19.9 6.45 180
972 19.9 6.45 180
973 19.9 6.45 180
974 19.9 6.45 180
975 19.9 6.45 180
976 19.9 6.45 180
977 19.9 6.45 180
978 19.9 6.45 180
979 19.9 6.45 180
980 19.6 6.5 180
981 19.6 6.5 180
982 19.6 6.5 180
983 19.6 6.5 180
984 19.6 6.5 180
985 19.6 6.5 180
986 19.6 6.5 180
987 19.6 6.5 180
988 19.35 6.4 180
989 19.35 6.4 180
990 19.35 6.4 180
991 19.35 6.4 180
992 19.35 6.4 180
993 19.35 6.4 180
994 19.35 6.4 180
995 19.35 6.4 180
996 19.35 6.4 180
997 19.35 6.4 180
998 19.35 6.4 180
999 19.35 6.4 180
1000 19.35 6.4 180
1001 19.35 6.4 180
1002 19.35 6.4 180
1003 19.35 6.4 180
1004 19.35 6.4 180
1005 19.35 6.4 180
1006 19.35 6.4 180
1007 19.35 6.4 180
1008 19.35 6.4 180
1009 19.35 6.4 180
1010 19.1 6.35 180
1011 19.1 6.35 180
1012 19.1 6.35 180
1013 19.1 6.35 180
1014 19.1 6.35 180
1015 18.4 6.35 180
1016 18.4 6.35 180
1017 18.4 6.35 180
1018 18.4 6.35 180
1019 18.4 6.35 180
1020 18.4 6.35 180
1021 18.4 6.35 180
1022 18.4 6.35 180
1023 18.4 6.35 180
1024 18.4 6.35 180
1025 18.4 6.35 180
1026 18.4 6.35 180
1027 18.4 6.35 180
1028 18.4 6.35 180
1029 18.4 6.35 180
1030 18.2 6.35 180
1031 18.2 6.35 180
1032 18.2 6.35 180
1033 18.2 6.35 180
1034 18.2 6.35 180
1035 18.2 6.35 180
1036 18.2 6.35 180
1037 18.2 6.35 180
1038 18.2 6.35 180
1039 18.2 6.35 180
1040 17.8 6.35 180
1041 17.8 6.35 180
1042 17.8 6.35 180
1043 17.8 6.35 180
1044 17.8 6.35 180
1045 17.8 6.35 180
1046 17.8 6.35 180
1047 17.8 6.35 180
1048 17.8 6.35 180
1049 17.8 6.35 180
1050 17.8 6.35 180
1051 17.8 6.35 180
1052 17.8 6.35 180
1053 17.8 6.35 180
1054 17.8 6.35 180
1055 17.8 6.35 180
1056 17.8 6.35 180
1057 17.8 6.35 180
1058 17.8 6.35 180
1059 17.8 6.35 180
1060 17.8 6.35 180
1061 17.8 6.35 180
1062 17.8 6.35 180
1063 17.8 6.35 180
1064 17.8 6.35 180
1065 17.8 6.35 180
1066 17.8 6.35 180
1067 17.8 6.35 180
1068 17.8 6.35 180
1069 17.8 6.35 180
1070 17.8 6.35 180
1071 17.8 6.35 180
1072 17.8 6.35 180
1073 17.8 6.35 180
1074 17.35 6.2 180
1075 17.35 6.2 180
1076 17.35 6.2 180
1077 17.35 6.2 180
1078 17.35 6.2 180
1079 17.35 6.2 180
1080 17.35 6.2 180
1081 17.35 6.2 180
1082 17.35 6.2 180
1083 17.35 6.2 180
1084 17.35 6.2 180
1085 17.35 6.2 180
1086 17.35 6.2 180
1087 17.35 6.2 180
1088 17.35 6.2 180
1089 16.9 6.05 180
1090 16.9 6.05 180
1091 16.9 6.05 180
1092 16.9 6.05 180
1093 16.9 6.05 180
1094 16.9 6.05 180
1095 16.9 6.05 180
1096 16.9 6.05 180
1097 16.9 6.05 180
1098 16.9 6.05 180
1099 16.9 6.05 180
1100 16.9 6.05 180
1101 16.9 6.05 180
1102 16.9 6.05 180
1103 16.9 6.05 180
1104 16.9 6.05 180
1105 16.9 6.05 180
1106 16.9 6.05 180
1107 16.9 6.05 180
1108 16.9 6.05 180
1109 16.9 6.05 180
1110 16.9 6.05 180
1111 16.9 6.05 180
1112 16.9 6.05 180
1113 16.9 6.05 180
1114 16.9 6.05 180
1115 16.9 6.05 180
1116 16.9 6.05 180
1117 16.35 6.1 180
1118 16.35 6.1 180
1119 16.35 6.1 180
1120 16.35 6.1 180
1121 16.35 6.1 180
1122 16.35 6.1 180
1123 16.35 6.1 180
1124 16.35 6.1 180
1125 16.35 6.1 180
1126 16.35 6.1 180
1127 16.1 6.1 180
1128 16.1 6.1 180
1129 16.1 6.1 180
1130 16.1 6.1 180
1131 16.1 6.1 180
1132 16.1 6.1 180
1133 16.1 6.1 180
1134 16.1 6.1 180
1135 16.1 6.1 180
1136 16.1 6.1 180
1137 15.85 6.05 180
1138 15.85 6.05 180
1139 15.85 6.05 180
1140 15.85 6.05 180
1141 15.85 6.05 180
1142 15.85 6.05 180
1143 15.85 6.05 180
1144 15.85 6.05 180
1145 15.85 6.05 180
1146 15.85 6.05 180
1147 15.3 6.15 180
1148 15.3 6.15 180
1149 15.3 6.15 180
1150 15.3 6.15 180
1151 15.3 6.15 180
1152 15.3 6.15 180
1153 15.3 6.15 180
1154 15.3 6.15 180
1155 15.3 6.15 180
1156 15.3 6.15 180
1157 14.95 6.2 180
1158 14.95 6.2 180
1159 14.95 6.2 180
1160 14.95 6.2 180
1161 14.95 6.2 180
1162 14.95 6.2 180
1163 14.95 6.2 180
1164 14.95 6.2 180
1165 14.95 6.2 180
1166 14.95 6.2 180
1167 14.6 6.25 180
1168 14.6 6.25 180
1169 14.6 6.25 180
1170 14.6 6.25 180
1171 14.6 6.25 180
1172 14.6 6.25 180
1173 14.6 6.25 180
1174 14.6 6.25 180
1175 14.6 6.25 180
1176 14.6 6.25 180
1177 14.2 6.2 180
1178 14.2 6.2 180
1179 14.2 6.2 180
1180 14.2 6.2 180
1181 14.2 6.2 180
1182 14.2 6.2 180
1183 14.2 6.2 180
1184 14.2 6.2 180
1185 14.2 6.2 180
1186 14.2 6.2 180
1187 14.2 6.2 180
1188 14.2 6.2 180
1189 14.2 6.2 180
1190 14.2 6.2 180
1191 14.2 6.2 180
1192 14.2 6.2 180
1193 14.2 6.2 180
1194 14.2 6.2 180
1195 14.2 6.2 180
1196 14.2 6.2 180
1197 14.2 6.2 180
1198 14.2 6.2 180
1199 14.2 6.2 180
1200 14.2 6.2 180
1201 14.2 6.2 180
1202 14.2 6.2 180
1203 14.2 6.2 180
1204 14.2 6.2 180
1205 14.2 6.2 180
1206 14.2 6.2 180
1207 14.2 6.2 180
1208 14.2 6.2 180
1209 14.2 6.2 180
1210 14.2 6.2 180
1211 14.2 6.2 180
1212 13.85 6.25 180
1213 13.85 6.25 180
1214 13.85 6.25 180
1215 13.85 6.25 180
1216 13.85 6.25 180
1217 13.75 6.45 180
1218 13.75 6.45 180
1219 13.75 6.45 180
1220 13.75 6.45 180
1221 13.75 6.45 180
1222 13.75 6.45 180
1223 13.75 6.45 180
1224 13.75 6.45 180
1225 13.45 6.45 180
1226 13.45 6.45 180
1227 13.45 6.45 180
1228 13.45 6.45 180
1229 13.45 6.45 180
1230 13.45 6.45 180
1231 13.45 6.45 180
1232 13.45 6.45 180
1233 13.45 6.45 180
1234 13.45 6.45 180
1235 13.45 6.45 180
1236 13.45 6.45 180
1237 13.45 6.45 225
1238 13.45 6.45 225
1239 13.45 6.45 225
1240 13.45 6.45 270
1241 13.45 6.45 270
1242 13.45 6.45 270
1243 13.45 6.45 270
1244 13.45 6.45 270
1245 13.45 6.45 270
1246 13.45 6.45 270
1247 13.45 6.45 270
1248 13.45 6.45 315
1249 13.45 6.45 315
1250 13.45 6.45 315
1251 13.45 6.45 0
1252 13.45 6.45 0
1253 13.45 6.45 0
1254 13.45 6.45 0
1255 13.45 6.45 0
1256 13.45 6.45 0
1257 13.45 6.45 0
1258 13.45 6.45 0
1259 13.45 6.45 0
1260 13.45 6.45 0
1261 13.45 6.45 0
1262 13.45 6.45 0
1263 13.45 6.45 0
1264 13.45 6.45 0
1265 13.45 6.45 0
1266 13.45 6.45 0
1267 13.45 6.45 0
1268 13.45 6.45 0
1269 13.45 6.45 0
1270 13.45 6.45 0
1271 13.45 6.45 0
1272 13.45 6.45 0
1273 13.45 6.45 0
1274 13.45 6.45 0
1275 13.45 6.45 0
1276 13.45 6.45 0
1277 13.45 6.45 0
1278 13.45 6.45 0
1279 13.45 6.45 0
1280 13.45 6.45 0
1281 13.45 6.45 0
1282 13.45 6.45 0
1283 13.45 6.45 45
1284 13.45 6.45 45
1285 13.45 6.45 45
1286 13.45 6.45 45
1287 13.45 6.45 90
1288 13.45 6.45 90
1289 13.45 6.45 90
1290 13.45 6.45 90
1291 13.45 6.45 90
1292 13.45 6.45 90
1293 13.45 6.45 90
1294 13.45 6.45 90
1295 13.45 6.45 90
1296 13.45 6.45 90
1297 13.45 6.45 90
1298 13.45 6.45 90
1299 13.45 6.45 90
1300 13.45 6.45 90
1301 13.45 6.45 90
1302 13.45 6.45 90
1303 13.45 6.45 90
1304 13.45 6.45 90
1305 13.45 6.45 90
1306 13.45 6.45 90
1307 13.45 6.45 90
1308 13.45 6.45 90
1309 13.45 6.45 135
1310 13.45 6.45 135
1311 13.45 6.45 135
1312 13.45 6.45 135
1313 13.45 6.45 135
1314 13.45 6.45 135
1315 13.45 6.45 135
1316 13.45 6.45 135
1317 13.45 6.45 135
1318 13.45 6.45 180
1319 13.45 6.45 180
1320 13.45 6.45 180
1321 13.45 6.45 180
1322 13.45 6.45 180
1323 13.45 6.45 180
1324 13.45 6.45 180
1325 13.15 6.6 180
1326 13.15 6.6 180
1327 13.15 6.6 180
1328 13.15 6.6 180
1329 13.15 6.6 180
1330 13.15 6.6 180
1331 12.8 6.65 180
1332 12.8 6.65 180
1333 12.8 6.65 180
1334 12.8 6.65 180
1335 12.8 6.65 180
1336 12.8 6.65 225
1337 12.8 6.65 270
1338 12.8 6.65 270
1339 12.8 6.65 270
1340 12.8 6.65 270
1341 12.8 6.65 270
1342 12.85 6.3 270
1343 12.85 6.3 270
1344 12.85 6.3 270
1345 12.85 6.3 225
1346 12.85 6.3 180
1347 12.85 6.3 180
1348 12.85 6.3 180
1349 12.85 6.3 180
1350 12.85 6.3 180
1351 12.85 6.3 180
1352 12.85 6.3 180
1353 12.85 6.3 180
1354 12.85 6.3 180
1355 12.85 6.3 180
1356 12.85 6.3 180
1357 12.85 6.3 180
1358 12.85 6.3 180
1359 12.85 6.3 180
1360 12.85 6.3 180
1361 12.6 6.2 180
1362 12.6 6.2 180
1363 12.6 6.2 180
1364 12.6 6.2 180
1365 12.6 6.2 180
1366 12.6 6.2 180
1367 12.6 6.2 180
1368 12.1 6.15 180
1369 12.1 6.15 180
1370 12.1 6.15 180
1371 11.7 6.1 180
1372 11.7 6.1 180
1373 11.7 6.1 180
1374 11.7 6.1 180
1375 11.7 6.1 180
1376 11.7 6.1 180
1377 11.7 6.1 180
1378 11.7 6.1 180
1379 11.7 6.1 180
1380 11.7 6.1 180
1381 11.7 6.1 180
1382 11.7 6.1 180
1383 11.1 6.1 180
1384 11.1 6.1 180
1385 11.1 6.1 180
1386 11.1 6.1 180
1387 11.1 6.1 180
1388 11.1 6.1 180
1389 11.1 6.1 180
1390 10.8 6.2 180
1391 10.8 6.2 180
1392 10.8 6.2 180
1393 10.8 6.2 180
1394 10.8 6.2 180
1395 10.8 6.2 180
1396 10.8 6.2 180
1397 10.8 6.2 180
1398 10.8 6.2 180
1399 10.8 6.2 180
1400 10.8 6.2 180
1401 10.8 6.2 180
1402 10.8 6.2 180
1403 10.8 6.2 180
1404 10.8 6.2 180
1405 10.8 6.2 180
1406 10.8 6.2 180
1407 10.8 6.2 180
1408 10.8 6.2 180
1409 10.8 6.2 180
1410 10.8 6.2 180
1411 10.8 6.2 180
1412 10.8 6.2 180
1413 10.8 6.2 180
1414 10.8 6.2 180
1415 10.8 6.2 180
1416 10.8 6.2 180
1417 10.8 6.2 180
1418 10.8 6.2 180
1419 10.8 6.2 180
1420 10.8 6.2 180
1421 10.8 6.2 180
1422 10.8 6.2 180
1423 10.8 6.2 180
1424 10.8 6.2 180
1425 10.8 6.2 180
1426 10.8 6.2 180
1427 10.8 6.2 180
1428 10.8 6.2 180
1429 10.8 6.2 180
1430 10.8 6.2 180
1431 10.8 6.2 180
1432 10.8 6.2 180
1433 10.8 6.2 180
1434 10.8 6.2 180
1435 10.8 6.2 180
1436 10.8 6.2 180
1437 10.8 6.2 180
1438 10.8 6.2 180
1439 10.8 6.2 180
1440 10.8 6.2 180
1441 10.8 6.2 180
1442 10.8 6.2 180
1443 10.8 6.2 180
1444 10.8 6.2 180
1445 10.8 6.2 180
1446 11.35 6.25 180
1447 11.35 6.25 180
1448 11.35 6.25 180
1449 11.35 6.25 180
1450 11.35 6.25 180
1451 11.35 6.25 180
1452 11.35 6.25 180
1453 11.35 6.25 180
1454 11.35 6.25 180
1455 11.35 6.25 180
1456 11.35 6.25 180
1457 12.2 6.25 180
1458 12.2 6.25 180
1459 12.2 6.25 180
1460 12.2 6.25 180
1461 12.2 6.25 180
1462 12.2 6.25 180
1463 12.2 6.25 180
1464 12.2 6.25 180
1465 12.2 6.25 180
1466 12.2 6.25 180
1467 12.2 6.25 180
1468 12.2 6.25 180
1469 12.2 6.25 180
1470 12.2 6.25 180
1471 12.2 6.25 180
1472 12.2 6.25 180
1473 12.2 6.25 180
1474 12.2 6.25 180
1475 12.2 6.25 180
1476 12.2 6.25 180
1477 12.2 6.25 180
1478 12.2 6.25 180
1479 12.2 6.25 180
1480 12.2 6.25 180
1481 12.2 6.25 180
1482 12.2 6.25 180
1483 12.2 6.25 180
1484 12.2 6.25 180
1485 12.2 6.25 180
1486 12.2 6.25 180
1487 12.2 6.25 180
1488 12.2 6.25 180
1489 12.2 6.25 180
1490 12.2 6.25 180
1491 12.2 6.25 180
1492 12.2 6.25 180
1493 12.2 6.25 180
1494 12.2 6.25 180
1495 12.2 6.25 180
1496 12.2 6.25 180
1497 12.2 6.25 180
1498 12.2 6.25 180
1499 12.2 6.25 180
1500 12.2 6.25 180
1501 12.2 6.25 180
1502 12.2 6.25 180
1503 12.2 6.25 180
1504 12.2 6.25 180
1505 12.2 6.25 180
1506 12.2 6.25 180
1507 12.2 6.25 180
1508 12.2 6.25 180
1509 12.2 6.25 180
1510 12.2 6.25 180
1511 12.2 6.25 180
1512 12.2 6.25 180
1513 12.2 6.25 180
1514 12.2 6.25 180
1515 12.2 6.25 180
1516 12.2 6.25 180
1517 12.2 6.25 180
1518 12.2 6.25 180
1519 12.2 6.25 180
1520 12.2 6.25 180
1521 12.2 6.25 180
1522 12.2 6.25 180
1523 12.2 6.25 180
1524 12.2 6.25 180
1525 12.2 6.25 180
1526 12.2 6.25 180
1527 12.2 6.25 180
1528 12.2 6.25 180
1529 12.2 6.25 180
1530 12.2 6.25 180
1531 12.2 6.25 180
1532 12.2 6.25 180
1533 12.2 6.25 180
1534 12.2 6.25 180
1535 12.2 6.25 180
1536 12.2 6.25 180
1537 12.2 6.25 180
1538 12.2 6.25 180
1539 12.2 6.25 180
1540 12.2 6.25 180
1541 12.2 6.25 180
1542 12.2 6.25 180
1543 12.2 6.25 180
1544 12.2 6.25 180
1545 12.2 6.25 180
1546 12.2 6.25 180
1547 12.2 6.25 180
1548 12.2 6.25 180
1549 12.2 6.25 180
1550 12.2 6.25 180
1551 12.2 6.25 180
1552 12.2 6.25 180
1553 12.2 6.25 180
1554 12.2 6.25 180
1555 12.2 6.25 180
1556 12.2 6.25 180
1557 12.2 6.25 180
1558 12.2 6.25 180
1559 12.2 6.25 180
1560 12.2 6.25 180
1561 12.2 6.25 180
1562 12.2 6.25 180
1563 12.2 6.25 180
1564 12.2 6.25 180
1565 12.2 6.25 180
1566 12.2 6.25 180
1567 12.2 6.25 180
1568 12.2 6.25 180
1569 12.2 6.25 180
1570 12.2 6.25 180
1571 12.2 6.25 180
1572 12.2 6.25 180
1573 12.2 6.25 180
1574 12.2 6.25 180
1575 12.2 6.25 180
1576 12.2 6.25 180
1577 12.2 6.25 180
1578 12.2 6.25 180
1579 12.2 6.25 180
1580 12.2 6.25 180
1581 12.2 6.25 180
1582 12.2 6.25 180
1583 12.2 6.25 180
1584 12.2 6.25 180
1585 12.2 6.25 180
1586 12.2 6.25 180
1587 12.2 6.25 180
1588 12.2 6.25 180
1589 12.2 6.25 180
1590 12.2 6.25 180
1591 12.2 6.25 180
1592 12.2 6.25 180
1593 12.2 6.25 180
1594 12.2 6.25 180
1595 12.2 6.25 180
1596 12.2 6.25 180
1597 12.2 6.25 180
1598 12.2 6.25 180
1599 12.2 6.25 180
1600 12.2 6.25 180
1601 12.2 6.25 180
1602 12.2 6.25 180
1603 12.2 6.25 180
1604 12.2 6.25 180
1605 12.2 6.25 180
1606 12.2 6.25 180
1607 12.2 6.25 180
1608 12.2 6.25 180
1609 12.2 6.25 180
1610 12.2 6.25 180
1611 12.2 6.25 180
1612 12.2 6.25 180
1613 12.2 6.25 180
1614 12.2 6.25 180
1615 12.2 6.25 180
1616 12.2 6.25 180
1617 12.2 6.25 180
