0 21.95 3.3 90
1 21.95 3.3 90
2 21.95 3.3 90
3 21.95 3.3 90
4 21.95 3.3 90
5 21.95 3.3 90
6 21.95 3.3 90
7 21.95 3.3 90
8 21.95 3.3 90
9 21.95 3.3 90
10 21.95 3.3 90
11 21.95 3.3 90
12 21.95 3.3 90
13 21.95 3.3 90
14 21.95 3.3 90
15 21.95 3.3 90
16 21.95 3.3 90
17 21.95 3.3 90
18 21.95 3.3 90
19 21.95 3.3 90
20 21.95 3.3 90
21 21.95 3.3 90
22 21.95 3.3 90
23 21.95 3.3 90
24 21.95 3.3 90
25 21.95 3.3 90
26 21.95 3.3 90
27 21.95 3.3 90
28 21.95 3.3 90
29 21.95 3.3 90
30 21.95 3.3 90
31 21.95 3.3 90
32 21.95 3.3 90
33 21.95 3.3 90
34 21.95 3.3 90
35 21.95 3.3 90
36 21.95 3.3 90
37 21.95 3.3 90
38 21.95 3.3 90
39 21.95 3.3 90
40 21.95 3.3 90
41 21.95 3.3 90
42 21.95 3.3 90
43 21.95 3.3 90
44 21.95 3.3 90
45 21.95 3.3 90
46 21.95 3.3 90
47 21.95 3.3 90
48 21.95 3.3 90
49 21.95 3.3 90
50 21.95 3.3 90
51 21.95 3.3 90
52 21.95 3.3 90
53 21.95 3.3 90
54 21.95 3.3 90
55 21.9 3.45 90
56 21.9 3.45 90
57 21.9 3.45 90
58 21.9 3.45 90
59 21.9 3.45 90
60 21.9 3.45 90
61 21.9 3.45 90
62 21.9 3.45 90
63 21.9 3.45 90
64 21.9 3.45 90
65 21.9 3.45 90
66 21.9 3.45 90
67 22.2 3.95 90
68 22.2 3.95 90
69 22.2 3.95 90
70 22.2 3.95 90
71 22.2 3.95 90
72 22.2 3.95 90
73 22.2 3.95 90
74 22.2 3.95 90
75 22.2 3.95 90
76 22.2 3.95 90
77 22.2 3.95 90
78 22.2 4.3 90
79 22.2 4.3 90
80 22.2 4.3 90
81 22.2 4.3 90
82 22.2 4.3 90
83 22.2 4.3 90
84 22.2 4.3 90
85 22.2 4.3 90
86 22.2 4.3 90
87 22.2 4.3 90
88 22.2 4.3 90
89 22.2 4.3 90
90 22.2 4.3 90
91 22.2 4.3 90
92 22.2 4.3 90
93 22.2 4.3 90
94 22.2 4.3 90
95 22.2 4.3 90
96 22.2 4.3 90
97 22.2 4.3 90
98 22.2 4.3 90
99 22.3 4.75 90
100 22.3 4.75 90
101 22.3 4.75 90
102 22.3 4.75 90
103 22.3 4.75 90
104 22.3 4.75 90
105 22.3 4.75 90
106 22.3 4.75 90
107 22.3 4.75 90
108 22.3 4.75 90
109 22.3 4.75 90
110 22.3 4.75 90
111 22.3 4.75 90
112 22.3 4.75 90
113 22.3 4.75 90
114 22.3 4.75 90
115 22.3 4.75 90
116 22.3 4.75 90
117 22.3 4.75 90
118 22.3 4.75 90
119 22.3 4.75 90
120 22.3 4.75 90
121 22.3 4.75 90
122 22.3 4.75 90
123 22.25 5.45 90
124 22.25 5.45 90
125 22.25 5.45 90
126 22.25 5.45 90
127 22.25 5.45 90
128 22.25 5.45 90
129 22.25 5.45 90
130 22.25 5.45 90
131 22.25 5.45 90
132 22.25 5.45 90
133 22.25 5.45 90
134 22.25 5.45 90
135 22.25 5.45 90
136 22.25 5.45 90
137 22.25 5.45 90
138 22.25 5.45 90
139 22.25 5.45 90
140 22.25 5.45 90
141 22.25 5.45 90
142 22.25 5.45 90
143 22.25 5.45 90
144 22.25 5.45 90
145 22.25 5.45 90
146 22.25 5.45 135
147 22.25 5.45 135
148 22.25 5.45 135
149 22.25 5.45 135
150 22.25 5.45 135
151 22.25 5.45 135
152 22.25 5.45 135
153 22.25 5.45 135
154 22.25 5.45 135
155 22.25 5.45 135
156 22.25 5.45 135
157 22.25 5.45 135
158 22.25 5.45 180
159 22.25 5.45 180
160 22.25 5.45 180
161 22.25 5.45 180
162 22.25 5.45 180
163 22.25 5.45 180
164 22.25 5.45 180
165 22.25 5.45 225
166 22.25 5.45 225
167 22.25 5.45 225
168 22.25 5.45 225
169 22.25 5.45 225
170 22.25 5.45 225
171 22.25 5.45 225
172 22.25 5.45 225
173 22.25 5.45 225
174 22.25 5.45 225
175 22.25 5.45 225
176 22.25 5.45 225
177 22.25 5.45 225
178 22.25 5.45 225
179 22.25 5.45 225
180 22.25 5.45 225
181 22.25 5.45 225
182 22.25 5.45 225
183 22.25 5.45 225
184 22.25 5.45 225
185 22.25 5.45 225
186 22.25 5.45 225
187 22.25 5.45 225
188 22.25 5.45 225
189 22.25 5.45 225
190 22.25 5.45 225
191 22.25 5.45 225
192 22.25 5.45 225
193 22.25 5.45 225
194 22.25 5.45 225
195 22.25 5.45 225
196 22.25 5.45 225
197 22.25 5.45 225
198 22.25 5.45 225
199 22.25 5.45 180
200 22.25 5.45 180
201 22.25 5.45 180
202 22.25 5.45 180
203 22.25 5.45 180
204 22.25 5.45 180
205 22.25 5.45 180
206 22.25 5.45 180
207 22.25 5.45 180
208 22.25 5.45 180
209 22.25 5.45 180
210 22.25 5.45 180
211 22.25 5.45 180
212 22.25 5.45 180
213 22.25 5.45 180
214 22.25 5.45 180
215 22.25 5.45 180
216 22.25 5.45 180
217 22.25 5.45 180
218 22.25 5.45 180
219 22.25 5.45 180
220 22.25 5.45 180
221 22.25 5.45 180
222 22.25 5.45 135
223 22.25 5.45 135
224 22.25 5.45 135
225 22.25 5.45 135
226 22.25 5.45 135
227 22.25 5.45 135
228 22.25 5.45 135
229 22.25 5.45 135
230 22.25 5.45 135
231 22.25 5.45 135
232 22.25 5.45 135
233 22.25 5.45 135
234 22.25 5.45 135
235 22.25 5.45 135
236 22.25 5.45 135
237 22.25 5.45 135
238 22.25 5.45 135
239 22.25 5.45 135
240 22.25 5.45 135
241 22.25 5.45 135
242 22.25 5.45 135
243 22.25 5.45 135
244 22.25 5.45 135
245 22.25 5.45 135
246 22.25 5.45 90
247 22.25 5.45 90
248 22.25 5.45 90
249 22.25 5.45 90
250 22.25 5.45 90
251 22.25 5.45 90
252 22.25 5.45 90
253 22.25 5.45 90
254 22.25 5.45 90
255 22.25 5.45 90
256 22.25 5.45 135
257 22.25 5.45 135
258 22.25 5.45 135
259 22.25 5.45 135
260 22.25 5.45 135
261 22.25 5.45 135
262 22.25 5.45 180
263 22.25 5.45 180
264 22.25 5.45 180
265 22.25 5.45 180
266 22.25 5.45 180
267 22.25 5.45 180
268 22.25 5.45 180
269 22.25 5.45 180
270 22.25 5.45 180
271 21.9 5.8 180
272 21.9 5.8 180
273 21.9 5.8 180
274 21.9 5.8 180
275 21.9 5.8 180
276 21.9 5.8 180
277 21.9 5.8 180
278 21.9 5.8 180
279 21.9 5.8 180
280 21.9 5.8 180
281 21.9 5.8 180
282 21.9 5.8 180
283 21.9 5.8 180
284 21.9 5.8 180
285 21.9 5.8 180
286 21.9 5.8 180
287 21.9 5.8 180
288 21.9 5.8 180
289 21.9 5.8 180
290 21.9 5.8 180
291 21.9 5.8 180
292 21.9 5.8 180
293 21.9 5.8 180
294 21.9 5.8 180
295 21.9 5.8 180
296 21.9 5.8 180
297 21.9 5.8 180
298 21.9 5.8 180
299 21.9 5.8 180
300 21.0 5.95 180
301 21.0 5.95 180
302 21.0 5.95 180
303 21.0 5.95 180
304 21.0 5.95 180
305 21.0 5.95 180
306 21.0 5.95 180
307 21.0 5.95 180
308 21.0 5.95 180
309 21.0 5.95 180
310 21.0 5.95 180
311 21.0 5.95 180
312 21.0 5.95 180
313 21.0 5.95 180
314 21.0 5.95 180
315 21.0 5.95 180
316 21.0 5.95 180
317 21.0 5.95 180
318 21.0 5.95 180
319 20.45 6.1 180
320 20.45 6.1 180
321 20.45 6.1 180
322 20.45 6.1 180
323 20.45 6.1 180
324 20.45 6.1 180
325 20.45 6.1 180
326 20.45 6.1 180
327 20.45 6.1 180
328 20.45 6.1 180
329 20.45 6.1 180
330 20.45 6.1 180
331 20.45 6.1 180
332 19.85 6.1 180
333 19.85 6.1 180
334 19.85 6.1 180
335 19.85 6.1 180
336 19.85 6.1 180
337 19.85 6.1 180
338 19.85 6.1 180
339 19.85 6.1 180
340 19.85 6.1 180
341 19.85 6.1 180
342 19.85 6.1 180
343 19.85 6.1 180
344 19.85 6.1 180
345 19.85 6.1 180
346 19.85 6.1 180
347 19.85 6.1 180
348 19.85 6.1 180
349 19.85 6.1 180
350 19.85 6.1 180
351 19.85 6.1 180
352 19.85 6.1 180
353 19.85 6.1 180
354 19.85 6.1 180
355 19.85 6.1 180
356 19.85 6.1 180
357 19.85 6.1 180
358 19.85 6.1 180
359 19.85 6.1 180
360 19.85 6.1 180
361 19.85 6.1 180
362 19.85 6.1 135
363 19.85 6.1 135
364 19.85 6.1 135
365 19.85 6.1 135
366 19.85 6.1 135
367 19.85 6.1 135
368 19.85 6.1 135
369 19.85 6.1 135
370 19.85 6.1 135
371 19.85 6.1 135
372 19.85 6.1 135
373 19.85 6.1 135
374 19.85 6.1 135
375 19.85 6.1 135
376 19.85 6.1 135
377 19.85 6.1 135
378 19.85 6.1 135
379 19.85 6.1 135
380 19.85 6.1 135
381 19.85 6.1 135
382 19.85 6.1 135
383 19.85 6.1 135
384 19.85 6.1 135
385 19.85 6.1 135
386 19.85 6.1 135
387 19.85 6.1 135
388 19.85 6.1 135
389 19.85 6.1 135
390 19.85 6.1 135
391 19.85 6.1 135
392 19.85 6.1 135
393 19.85 6.1 135
394 19.85 6.1 135
395 19.85 6.1 135
396 19.85 6.1 135
397 19.85 6.1 135
398 19.85 6.1 135
399 19.85 6.1 90
400 19.85 6.1 90
401 19.85 6.1 90
402 19.85 6.1 90
403 19.85 6.1 90
404 19.85 6.1 90
405 19.85 6.1 90
406 19.85 6.1 45
407 19.85 6.1 45
408 19.85 6.1 45
409 19.85 6.1 45
410 19.85 6.1 45
411 19.85 6.1 45
412 19.85 6.1 45
413 19.85 6.1 45
414 19.85 6.1 45
415 19.85 6.1 45
416 19.85 6.1 45
417 19.85 6.1 45
418 19.85 6.1 45
419 19.85 6.1 45
420 19.85 6.1 45
421 19.85 6.1 45
422 19.85 6.1 45
423 19.85 6.1 45
424 19.85 6.1 45
425 19.85 6.1 45
426 19.85 6.1 45
427 19.85 6.1 45
428 19.85 6.1 45
429 19.85 6.1 45
430 19.85 6.1 90
431 19.85 6.1 90
432 19.85 6.1 90
433 19.85 6.1 90
434 19.85 6.1 90
435 19.85 6.1 90
436 19.85 6.1 90
437 19.85 6.1 90
438 19.85 6.1 90
439 19.85 6.1 90
440 19.85 6.1 90
441 19.85 6.1 90
442 19.85 6.1 90
443 19.85 6.1 90
444 19.85 6.1 90
445 19.85 6.1 90
446 19.85 6.1 90
447 19.85 6.1 90
448 19.85 6.1 90
449 19.85 6.1 90
450 19.85 6.1 90
451 19.85 6.1 90
452 19.85 6.1 90
453 19.7 6.35 90
454 19.7 6.35 90
455 19.7 6.35 90
456 19.7 6.35 90
457 19.7 6.35 90
458 19.7 6.35 90
459 19.7 6.35 90
460 19.7 6.35 90
461 19.7 6.35 90
462 19.7 6.35 90
463 19.7 6.35 90
464 19.7 6.35 90
465 19.7 6.35 90
466 19.65 6.75 90
467 19.65 6.75 90
468 19.65 6.75 90
469 19.65 6.75 90
470 19.65 6.75 90
471 19.65 6.75 90
472 19.65 6.75 90
473 19.65 6.75 90
474 19.65 6.75 90
475 19.65 6.75 90
476 19.65 6.75 90
477 19.65 6.75 90
478 19.65 6.75 90
479 19.65 6.75 90
480 19.65 6.75 90
481 19.65 6.75 90
482 19.65 6.75 90
483 19.65 6.75 90
484 19.65 6.75 90
485 19.8 7.2 90
486 19.8 7.2 90
487 19.8 7.2 90
488 19.8 7.2 90
489 19.8 7.2 90
490 19.8 7.2 90
491 19.8 7.2 90
492 19.9 7.75 90
493 19.9 7.75 90
494 19.9 7.75 90
495 19.9 7.75 90
496 19.9 7.75 90
497 19.9 7.75 90
498 19.9 7.75 90
499 19.9 7.75 90
500 19.9 7.75 90
501 19.9 7.75 90
502 19.9 7.75 90
503 19.9 7.75 90
504 19.9 7.75 90
505 19.9 7.75 90
506 19.9 7.75 90
507 19.7 8.3 90
508 19.7 8.3 90
509 19.7 8.3 90
510 19.7 8.3 90
511 19.7 8.3 90
512 19.7 8.3 90
513 19.7 8.3 90
514 19.7 8.3 90
515 19.7 8.3 90
516 19.7 8.3 90
517 19.7 8.3 90
518 19.7 8.3 90
519 19.7 8.3 90
520 19.7 8.3 90
521 19.7 8.3 90
522 19.7 8.3 90
523 19.7 8.3 90
524 19.7 8.3 90
525 19.75 8.7 90
526 19.75 8.7 90
527 19.75 8.7 90
528 19.75 8.7 90
529 19.75 8.7 90
530 19.75 8.7 90
531 19.75 8.7 90
532 19.75 8.7 90
533 19.75 8.7 90
534 19.75 8.7 90
535 19.75 8.7 90
536 19.75 8.7 90
537 19.75 8.7 90
538 19.75 8.7 90
539 19.9 9.3 90
540 19.9 9.3 90
541 19.9 9.3 90
542 19.9 9.3 90
543 19.9 9.3 90
544 19.9 9.3 90
545 19.9 9.3 90
546 19.9 9.3 90
547 19.9 9.3 90
548 19.9 9.3 90
549 19.9 9.3 90
550 19.9 9.3 90
551 19.9 9.3 90
552 19.9 9.3 90
553 19.9 9.3 90
554 19.75 9.85 90
555 19.75 9.85 90
556 19.75 9.85 90
557 19.75 9.85 90
558 19.75 9.85 90
559 19.75 9.85 90
560 19.75 9.85 90
561 19.75 9.85 90
562 19.75 9.85 90
563 19.75 9.85 90
564 19.75 9.85 90
565 19.75 9.85 90
566 19.75 9.85 90
567 19.75 9.85 90
568 19.75 9.85 90
569 19.75 9.85 90
570 19.95 10.35 90
571 19.95 10.35 90
572 19.95 10.35 90
573 19.95 10.35 90
574 19.95 10.35 90
575 19.95 10.35 90
576 19.95 10.35 90
577 19.95 10.35 90
578 19.95 10.35 90
579 19.95 10.35 90
580 19.95 10.35 90
581 19.95 10.35 90
582 19.95 10.35 90
583 19.95 10.35 90
584 19.95 10.35 90
585 19.95 10.35 90
586 19.95 10.35 90
587 19.95 10.35 90
588 19.95 10.35 90
589 19.95 10.35 90
590 19.95 10.35 90
591 19.95 10.35 90
592 19.95 10.35 90
593 19.95 10.35 90
594 19.8 10.7 90
595 19.8 10.7 90
596 19.8 10.7 90
597 19.8 10.7 90
598 19.8 10.7 90
599 19.8 10.7 90
600 19.8 10.7 90
601 19.8 10.7 90
602 19.8 10.7 90
603 19.8 10.7 90
604 19.8 10.7 90
605 19.8 10.7 90
606 19.8 10.7 90
607 19.8 10.7 90
608 19.8 10.7 90
609 19.8 10.7 90
610 19.8 10.7 90
611 19.8 10.7 90
612 19.8 10.7 90
613 19.8 10.7 90
614 19.8 10.7 90
615 19.8 10.7 90
616 19.8 10.7 90
617 19.8 10.7 90
618 19.8 10.7 90
619 19.8 10.7 90
620 19.8 10.7 90
621 19.8 10.7 90
622 19.8 10.7 90
623 19.8 10.7 90
624 19.85 11.1 90
625 19.85 11.1 90
626 19.85 11.1 90
627 19.85 11.1 90
628 19.85 11.1 90
629 19.85 11.1 90
630 19.85 11.1 90
631 19.85 11.1 90
632 19.85 11.1 90
633 19.85 11.1 90
634 19.95 11.35 90
635 19.95 11.35 90
636 19.95 11.35 90
637 19.95 11.35 90
638 19.95 11.35 90
639 19.95 11.35 90
640 19.95 11.35 90
641 19.95 11.35 90
642 19.95 11.35 90
643 19.95 11.35 90
644 19.95 11.35 90
645 19.95 11.35 90
646 19.95 11.35 90
647 19.95 11.35 90
648 19.95 11.35 90
649 19.95 11.65 90
650 19.95 11.65 90
651 19.95 11.65 90
652 19.95 11.65 90
653 19.95 11.65 90
654 19.95 11.65 90
655 19.95 11.65 90
656 19.95 11.65 90
657 19.95 11.65 90
658 19.95 11.65 90
659 19.95 11.65 90
660 19.95 11.65 90
661 19.95 11.65 90
662 19.95 11.65 90
663 19.9 12.15 90
664 19.9 12.15 90
665 19.9 12.15 90
666 19.9 12.15 90
667 19.9 12.15 90
668 19.9 12.15 90
669 19.9 12.15 90
670 19.9 12.15 90
671 19.9 12.15 90
672 19.9 12.15 90
673 19.9 12.15 90
674 19.9 12.15 90
675 19.9 12.15 90
676 19.9 12.15 90
677 19.9 12.55 90
678 19.9 12.55 90
679 19.9 12.55 90
680 19.9 12.55 90
681 19.9 12.55 90
682 19.9 12.55 90
683 19.9 12.55 90
684 19.9 12.55 90
685 19.9 12.55 90
686 19.9 12.55 90
687 19.9 12.55 90
688 19.9 12.55 90
689 19.9 12.55 90
690 19.9 12.55 90
691 20.0 13.2 90
692 20.0 13.2 90
693 20.0 13.2 90
694 20.0 13.2 90
695 20.0 13.2 90
696 20.0 13.2 90
697 20.0 13.2 90
698 20.0 13.2 90
699 20.0 13.2 90
700 20.0 13.2 90
701 20.0 13.2 90
702 20.0 13.2 90
703 19.95 13.8 90
704 19.95 13.8 90
705 19.95 13.8 90
706 19.95 13.8 90
707 19.95 13.8 90
708 19.95 13.8 90
709 19.95 13.8 90
710 19.95 13.8 90
711 19.95 13.8 90
712 19.95 13.8 90
713 19.95 13.8 90
714 19.95 13.8 90
715 19.95 14.35 90
716 19.95 14.35 90
717 19.95 14.35 90
718 19.95 14.35 90
719 19.95 14.35 90
720 19.95 14.35 90
721 19.95 14.35 90
722 19.9 15.2 90
723 19.9 15.2 90
724 19.9 15.2 90
725 19.9 15.2 90
726 19.9 15.2 90
727 19.9 15.2 90
728 19.9 15.2 90
729 19.9 15.2 90
730 19.9 15.2 90
731 19.9 15.8 90
732 19.9 15.8 90
733 19.9 15.8 90
734 19.9 15.8 90
735 19.9 15.8 90
736 19.9 15.8 90
737 19.9 15.8 90
738 19.9 15.8 90
739 19.9 15.8 90
740 19.9 15.8 90
741 19.9 15.8 90
742 19.9 16.4 90
743 19.9 16.4 90
744 19.9 16.4 90
745 19.9 16.4 90
746 19.9 16.4 90
747 19.75 16.85 90
748 19.75 16.95 90
749 19.75 16.95 90
750 19.75 16.95 90
751 19.75 17.05 90
752 19.75 17.25 90
753 19.75 17.35 90
754 19.75 17.45 90
755 19.75 17.55 90
756 19.75 17.55 90
757 19.75 17.65 90
758 19.75 17.75 90
759 19.75 17.75 90
760 19.75 17.95 90
761 19.75 18.15 90
762 19.75 18.15 90
763 19.75 18.15 90
764 19.75 18.15 90
765 19.75 18.15 90
766 19.75 18.15 90
767 19.75 18.15 90
768 19.75 18.15 90
769 19.75 18.15 90
770 19.75 18.15 90
771 19.75 18.25 90
772 19.75 18.45 90
773 19.75 18.45 90
774 19.75 18.55 90
775 19.75 18.65 90
776 19.75 18.75 90
777 19.75 18.85 90
778 19.75 18.95 90
779 19.75 19.05 90
780 19.75 19.15 90
781 19.75 19.15 90
782 19.75 19.25 90
783 19.75 19.25 90
784 19.75 19.45 90
785 19.75 19.65 90
786 19.75 19.75 90
787 19.75 19.85 90
788 19.75 19.95 90
789 19.75 19.95 90
790 19.75 20.05 90
791 19.75 20.05 90
792 19.75 20.15 90
793 19.75 20.15 90
794 19.75 20.25 90
795 19.75 20.25 90
796 19.75 20.35 90
797 19.75 20.35 90
798 19.75 20.45 90
799 19.75 20.45 90
800 19.75 20.55 90
801 19.75 20.55 90
802 19.75 20.65 90
803 19.75 20.65 90
804 19.75 20.75 90
805 19.75 20.75 90
806 19.75 20.85 90
807 19.75 20.85 90
808 19.75 20.95 90
809 19.75 20.95 90
810 19.75 21.05 90
811 19.75 21.05 90
812 19.75 21.15 90
813 19.75 21.15 90
814 19.75 21.25 90
815 19.75 21.25 90
816 19.75 21.35 90
817 19.75 21.35 90
818 19.75 21.45 90
819 19.75 21.45 90
820 19.75 21.55 90
821 19.75 21.55 90
822 19.75 21.65 90
823 19.75 21.65 90
824 19.75 21.65 90
825 19.75 21.75 90
826 19.75 21.75 90
827 19.75 21.85 90
828 19.75 21.85 90
829 19.75 21.85 90
830 19.75 21.85 90
831 19.75 21.95 90
832 19.75 21.95 90
833 19.75 21.95 90
834 19.75 21.95 90
835 19.75 21.95 90
836 19.75 21.95 90
837 19.75 21.95 90
838 19.75 21.95 90
839 19.75 21.95 90
840 19.75 22.15 90
841 19.75 22.15 90
842 19.75 22.15 90
843 19.75 22.25 90
844 19.75 22.35 90
845 19.75 22.35 90
846 19.75 22.35 90
847 19.75 22.45 90
848 19.75 22.45 90
849 19.75 22.55 90
850 19.75 22.55 90
851 19.75 22.65 90
852 19.75 22.65 90
853 19.75 22.75 90
854 19.75 22.85 90
855 19.75 23.05 90
856 19.75 23.15 90
857 19.75 23.25 90
858 19.75 23.35 90
859 19.75 23.45 90
860 19.75 23.45 90
861 19.75 23.45 90
862 19.75 23.45 90
863 19.75 23.55 90
864 19.75 23.55 90
865 19.75 23.55 90
866 19.75 23.65 90
867 19.75 23.65 90
868 19.75 23.75 90
869 19.75 23.75 90
870 19.75 23.75 90
871 19.75 23.75 90
872 19.75 23.85 90
873 19.75 23.85 90
874 19.75 23.85 90
875 19.75 23.95 90
876 19.75 23.95 90
877 19.75 23.95 90
878 19.75 24.05 90
879 19.75 24.05 90
880 19.75 24.15 90
881 19.75 24.15 90
882 19.75 24.25 90
883 19.75 24.25 90
884 19.75 24.25 90
885 19.75 24.35 90
886 19.75 24.35 90
887 19.75 24.35 90
888 19.75 24.35 90
889 19.75 24.45 90
890 19.75 24.45 90
891 19.75 24.55 90
892 19.75 24.55 90
893 19.75 24.65 90
894 19.75 24.65 90
895 19.75 24.65 90
896 19.75 24.65 90
897 19.75 24.65 90
898 19.75 24.65 90
899 19.75 24.65 90
900 19.75 24.65 90
901 19.75 24.65 90
902 19.75 24.65 90
903 19.75 24.65 90
904 19.75 24.65 90
905 19.75 24.65 90
906 19.75 24.65 90
907 19.75 24.65 90
908 19.75 24.65 90
909 19.75 24.65 90
910 19.75 24.75 90
911 19.75 24.75 90
912 19.75 24.75 90
913 19.75 24.85 90
914 19.75 24.85 90
915 19.75 24.95 90
916 19.75 24.95 90
917 19.75 25.05 90
918 19.75 25.05 90
919 19.75 25.15 90
920 19.75 25.15 90
921 19.75 25.15 90
922 19.75 25.25 90
923 19.75 25.25 90
924 19.75 25.35 90
925 19.75 25.35 90
926 19.75 25.45 90
927 19.75 25.45 90
928 19.75 25.45 90
929 19.75 25.55 90
930 19.75 25.55 90
931 19.75 25.55 90
932 19.75 25.65 90
933 19.75 25.65 90
934 19.75 25.65 90
935 19.75 25.75 90
936 19.75 25.75 90
937 19.75 25.75 90
938 19.75 25.85 90
939 19.75 25.85 90
940 19.75 25.85 90
941 19.75 25.85 90
942 19.75 25.95 90
943 19.75 25.95 90
944 19.75 25.95 90
945 19.75 26.05 90
946 19.75 26.05 90
947 19.75 26.05 90
948 19.75 26.15 90
949 19.75 26.15 90
950 19.75 26.15 90
951 19.75 26.25 90
952 19.75 26.25 90
953 19.75 26.25 90
954 19.75 26.35 90
955 19.75 26.35 90
956 19.75 26.45 90
957 19.75 26.45 90
958 19.75 26.45 90
959 19.75 26.55 90
960 19.75 26.55 90
961 19.75 26.55 90
962 19.75 26.65 90
963 19.75 26.65 90
964 19.75 26.65 90
965 19.75 26.75 90
966 19.75 26.75 90
967 19.75 26.75 90
968 19.75 26.85 90
969 19.75 26.85 90
970 19.75 26.85 90
971 19.75 26.95 90
972 19.75 26.95 90
973 19.75 26.95 90
974 19.75 27.05 90
975 19.75 27.05 90
976 19.75 27.05 90
977 19.75 27.05 90
978 19.75 27.15 90
979 19.75 27.15 90
980 19.75 27.15 90
981 19.75 27.15 90
982 19.75 27.15 90
983 19.75 27.15 90
984 19.75 27.15 90
985 19.75 27.15 90
986 19.75 27.25 90
987 19.75 27.25 90
988 19.75 27.25 90
989 19.75 27.25 90
990 19.75 27.25 90
991 19.75 27.25 90
992 19.75 27.25 90
993 19.75 27.25 90
994 19.75 27.35 90
995 19.75 27.35 90
996 19.75 27.35 90
997 19.75 27.35 90
998 19.75 27.35 90
999 19.75 27.35 90
1000 19.75 27.45 90
1001 19.75 27.45 90
1002 19.75 27.45 90
1003 19.75 27.55 90
1004 19.75 27.55 90
1005 19.75 27.55 90
1006 19.75 27.55 90
1007 19.75 27.65 90
1008 19.75 27.65 90
1009 19.75 27.65 90
1010 19.75 27.65 90
1011 19.75 27.75 90
1012 19.75 27.75 90
1013 19.75 27.75 90
1014 19.75 27.75 90
1015 19.75 27.75 45
1016 19.75 27.75 45
1017 19.75 27.75 45
1018 19.75 27.75 45
1019 19.75 27.75 45
1020 19.75 27.75 45
1021 19.75 27.75 45
1022 19.75 27.75 45
1023 19.75 27.75 45
1024 19.75 27.75 45
1025 19.75 27.75 45
1026 19.75 27.75 45
1027 19.75 27.75 45
1028 19.75 27.75 45
1029 19.75 27.75 45
1030 19.75 27.75 45
1031 19.75 27.75 45
1032 19.75 27.75 45
1033 19.75 27.75 45
1034 19.75 27.75 45
1035 19.75 27.75 90
1036 19.75 27.95 90
1037 19.75 28.25 90
1038 19.75 28.35 90
1039 19.75 28.35 90
1040 19.75 28.45 90
1041 19.75 28.45 90
1042 19.75 28.55 90
1043 19.75 28.65 90
1044 19.75 28.65 90
1045 19.75 28.75 90
1046 19.75 28.75 90
1047 19.75 28.75 90
1048 19.75 28.85 90
1049 19.75 28.85 90
1050 19.75 28.95 90
1051 19.75 28.95 90
1052 19.75 29.05 90
1053 19.75 29.05 90
1054 19.75 29.15 90
1055 19.75 29.15 90
1056 19.75 29.25 90
1057 19.75 29.25 90
1058 19.75 29.35 90
1059 19.75 29.35 90
1060 19.75 29.45 90
1061 19.75 29.45 90
1062 19.75 29.55 90
1063 19.75 29.55 90
1064 19.75 29.65 90
1065 19.75 29.65 90
1066 19.75 29.75 90
1067 19.75 29.75 90
1068 19.75 29.85 90
1069 19.75 29.85 90
1070 19.75 29.85 90
1071 19.75 30.05 90
1072 19.75 30.05 90
1073 19.75 30.15 90
1074 19.75 30.25 90
1075 19.75 30.35 90
1076 19.75 30.45 90
1077 19.75 30.55 90
1078 19.75 30.55 90
1079 19.75 30.65 90
1080 19.75 30.65 90
1081 19.75 30.75 90
1082 19.75 30.75 90
1083 19.75 30.85 90
1084 19.75 30.85 90
1085 19.75 30.95 90
1086 19.75 30.95 90
1087 19.75 31.05 90
1088 19.75 31.05 90
1089 19.75 31.15 90
1090 19.75 31.15 90
1091 19.75 31.25 90
1092 19.75 31.25 90
1093 19.75 31.35 90
1094 19.75 31.35 90
1095 19.75 31.45 90
1096 19.75 31.45 90
1097 19.75 31.55 90
1098 19.75 31.55 90
1099 19.75 31.65 90
1100 19.75 31.65 90
1101 19.75 31.75 90
1102 19.75 31.75 90
1103 19.75 31.75 90
1104 19.75 31.85 90
1105 19.75 31.85 90
1106 19.75 31.95 90
1107 19.75 31.95 90
1108 19.75 32.05 90
1109 19.75 32.05 90
1110 19.75 32.15 90
1111 19.75 32.15 90
1112 19.75 32.15 90
1113 19.75 32.35 90
1114 19.75 32.35 90
1115 19.75 32.45 90
1116 19.75 32.45 90
1117 19.75 32.55 90
1118 19.75 32.55 90
1119 19.75 32.65 90
1120 19.75 32.65 90
1121 19.75 32.75 90
1122 19.75 32.75 90
1123 19.75 32.85 90
1124 19.75 32.85 90
1125 19.75 32.95 90
1126 19.75 32.95 90
1127 19.75 33.05 90
1128 19.75 33.05 90
1129 19.75 33.15 90
1130 19.75 33.15 90
1131 19.75 33.25 90
1132 19.75 33.25 90
1133 19.75 33.35 90
1134 19.75 33.35 90
1135 19.75 33.45 90
1136 19.75 33.45 90
1137 19.75 33.55 90
1138 19.75 33.55 90
1139 19.75 33.65 90
1140 19.75 33.65 90
1141 19.75 33.75 90
1142 19.75 33.75 90
1143 19.75 33.85 90
1144 19.75 33.85 90
1145 19.75 33.95 90
1146 19.75 33.95 90
1147 19.75 34.05 90
1148 19.75 34.15 90
1149 19.75 34.25 90
1150 19.75 34.35 90
1151 19.75 34.45 90
1152 19.75 34.55 90
1153 19.75 34.65 90
1154 19.75 34.75 90
1155 19.75 34.85 90
1156 19.75 34.95 90
1157 19.75 34.95 90
1158 19.75 35.05 90
1159 19.75 35.05 90
1160 19.75 35.15 90
1161 19.75 35.15 90
1162 19.75 35.25 90
1163 19.75 35.25 90
1164 19.75 35.35 90
1165 19.75 35.35 90
1166 19.75 35.45 90
1167 19.75 35.45 90
1168 19.75 35.55 90
1169 19.75 35.55 90
1170 19.75 35.65 90
1171 19.75 35.65 90
1172 19.75 35.85 90
1173 19.75 35.85 90
1174 19.75 35.95 90
1175 19.75 35.95 90
1176 19.75 36.05 90
1177 19.75 36.05 90
1178 19.75 36.15 90
1179 19.75 36.15 90
1180 19.75 36.25 90
1181 19.75 36.25 90
1182 19.75 36.35 90
1183 19.75 36.35 90
1184 19.75 36.45 90
1185 19.75 36.45 90
1186 19.75 36.55 90
1187 19.75 36.55 90
1188 19.75 36.65 90
1189 19.75 36.65 90
1190 19.75 36.75 90
1191 19.75 36.75 90
1192 19.75 36.85 90
1193 19.75 36.85 90
1194 19.75 36.85 90
1195 19.75 36.85 90
1196 19.75 36.85 90
1197 19.75 36.85 90
1198 19.75 36.85 90
1199 19.75 36.85 90
1200 19.75 36.85 90
1201 19.75 36.85 90
1202 19.75 36.85 90
1203 19.75 36.85 90
1204 19.75 36.95 90
1205 19.75 36.95 90
1206 19.75 37.05 90
1207 19.75 37.05 90
1208 19.75 37.15 90
1209 19.75 37.15 90
1210 19.75 37.25 90
1211 19.75 37.25 90
1212 19.75 37.25 90
1213 19.75 37.35 90
1214 19.75 37.35 90
1215 19.75 37.45 90
1216 19.75 37.45 90
1217 19.75 37.55 90
1218 19.75 37.55 90
1219 19.75 37.65 90
1220 19.75 37.65 90
1221 19.75 37.75 90
1222 19.75 37.75 90
1223 19.75 37.75 90
1224 19.75 37.85 90
1225 19.75 37.85 90
1226 19.75 37.85 90
1227 19.75 37.95 90
1228 19.75 37.95 90
1229 19.75 37.95 90
1230 19.75 37.95 90
1231 19.75 37.95 90
1232 19.75 37.95 90
1233 19.75 38.05 90
1234 19.75 38.05 90
1235 19.75 38.05 90
1236 19.75 38.05 90
1237 19.75 38.05 90
1238 19.75 38.05 90
1239 19.75 38.05 90
1240 19.75 38.05 90
1241 19.75 38.15 90
1242 19.75 38.15 90
1243 19.75 38.15 90
1244 19.75 38.15 90
1245 19.75 38.15 90
1246 19.75 38.25 90
1247 19.75 38.25 90
1248 19.75 38.25 90
1249 19.75 38.25 90
1250 19.75 38.25 90
1251 19.75 38.25 90
1252 19.75 38.35 90
1253 19.75 38.35 90
1254 19.75 38.35 90
1255 19.75 38.35 90
1256 19.75 38.35 90
1257 19.75 38.35 90
1258 19.75 38.35 90
1259 19.75 38.35 90
1260 19.75 38.35 90
1261 19.75 38.35 90
1262 19.75 38.35 90
1263 19.75 38.35 90
1264 19.75 38.35 90
1265 19.75 38.45 90
1266 19.75 38.45 90
1267 19.75 38.45 90
1268 19.75 38.45 90
1269 19.75 38.45 90
1270 19.75 38.45 90
1271 19.75 38.45 90
1272 19.75 38.55 90
1273 19.75 38.55 90
1274 19.75 38.55 90
1275 19.75 38.55 90
1276 19.75 38.65 90
1277 19.75 38.65 90
1278 19.75 38.65 90
1279 19.75 38.65 90
1280 19.75 38.85 90
1281 19.75 38.95 90
1282 19.75 38.95 90
1283 19.75 39.05 90
1284 19.75 39.15 90
1285 19.75 39.25 90
1286 19.75 39.35 90
1287 19.75 39.35 90
1288 19.75 39.45 90
1289 19.75 39.55 90
1290 19.75 39.65 90
1291 19.75 39.75 90
1292 19.75 39.85 90
1293 19.75 39.95 90
1294 19.75 40.05 90
1295 19.75 40.15 90
1296 19.75 40.25 90
1297 19.75 40.35 90
1298 19.75 40.45 90
1299 19.75 40.55 90
1300 19.75 40.65 90
1301 19.75 40.75 90
1302 19.75 40.85 90
1303 19.75 40.95 90
1304 19.75 41.05 90
1305 19.75 41.15 90
1306 19.75 41.25 90
1307 19.75 41.25 90
1308 19.75 41.25 90
1309 19.75 41.25 90
1310 19.75 41.25 90
1311 19.75 41.25 90
1312 19.75 41.25 90
1313 19.75 41.25 90
1314 19.75 41.25 90
1315 19.75 41.25 90
1316 19.75 41.25 90
1317 19.75 41.25 90
1318 19.75 41.25 90
1319 19.75 41.25 90
1320 19.75 41.25 90
1321 19.75 41.25 90
1322 19.75 41.25 90
1323 19.75 41.25 90
1324 19.75 41.25 90
1325 19.75 41.25 90
1326 19.75 41.35 90
1327 19.75 41.35 90
1328 19.75 41.35 90
1329 19.75 41.45 90
1330 19.75 41.45 90
1331 19.75 41.45 90
1332 19.75 41.45 90
1333 19.75 41.45 90
1334 19.75 41.55 90
1335 19.75 41.55 90
1336 19.75 41.55 90
1337 19.75 41.65 90
1338 19.75 41.65 90
1339 19.75 41.65 90
1340 19.75 41.75 90
1341 19.75 41.75 90
1342 19.75 41.75 90
1343 19.75 41.75 90
1344 19.75 41.85 90
1345 19.75 41.85 90
1346 19.75 41.85 90
1347 19.75 41.85 90
1348 19.75 41.85 90
1349 19.75 41.95 90
1350 19.75 41.95 90
1351 19.75 41.95 90
1352 19.75 42.05 90
1353 19.75 42.05 90
1354 19.75 42.05 90
1355 19.75 42.15 90
1356 19.75 42.15 90
1357 19.75 42.15 90
1358 19.75 42.25 90
1359 19.75 42.25 90
1360 19.75 42.25 90
1361 19.75 42.35 90
1362 19.75 42.35 90
1363 19.75 42.35 90
1364 19.75 42.35 90
1365 19.75 42.35 90
1366 19.75 42.35 90
1367 19.75 42.35 90
1368 19.75 42.35 90
1369 19.75 42.35 90
1370 19.75 42.35 90
1371 19.75 42.35 90
1372 19.75 42.35 90
1373 19.75 42.35 90
1374 19.75 42.35 90
1375 19.75 42.35 90
1376 19.75 42.35 90
1377 19.75 42.35 90
1378 19.75 42.35 90
1379 19.75 42.35 90
1380 19.75 42.35 90
1381 19.75 42.35 90
1382 19.75 42.35 90
1383 19.75 42.35 90
1384 19.75 42.35 90
1385 19.75 42.35 45
1386 19.75 42.35 45
1387 19.75 42.35 45
1388 19.75 42.35 45
1389 19.75 42.35 45
1390 19.75 42.35 45
1391 19.75 42.35 45
1392 19.75 42.35 45
1393 19.75 42.35 45
1394 19.75 42.35 45
1395 19.75 42.35 0
1396 19.75 42.35 0
1397 19.75 42.35 0
1398 19.75 42.35 0
1399 19.75 42.35 0
1400 19.75 42.35 0
1401 19.75 42.35 0
1402 19.75 42.35 0
1403 19.75 42.35 0
1404 19.75 42.35 0
1405 19.75 42.35 0
1406 19.75 42.35 0
1407 19.75 42.35 0
1408 19.75 42.35 0
1409 19.75 42.35 0
1410 19.75 42.35 0
1411 19.75 42.35 0
1412 19.75 42.35 315
1413 19.75 42.35 315
1414 19.75 42.35 315
1415 19.75 42.35 315
1416 19.75 42.35 270
1417 19.75 42.35 270
1418 19.75 42.35 270
1419 19.75 42.35 270
1420 19.75 42.35 270
1421 19.75 42.35 270
1422 19.75 42.35 270
1423 19.75 42.35 270
1424 19.75 42.25 270
1425 19.75 42.25 270
1426 19.75 42.25 270
1427 19.75 42.25 270
1428 19.75 42.15 270
1429 19.75 42.15 270
1430 19.75 42.15 270
1431 19.75 42.15 270
1432 19.75 42.05 270
1433 19.75 42.05 270
1434 19.75 42.05 270
1435 19.75 42.05 270
1436 19.75 42.05 270
1437 19.75 41.95 270
1438 19.75 41.95 270
1439 19.75 41.95 270
1440 19.75 41.95 270
1441 19.75 41.95 270
1442 19.75 41.95 270
1443 19.75 41.95 225
1444 19.75 41.95 225
1445 19.75 41.95 225
1446 19.75 41.85 225
1447 19.75 41.85 225
1448 19.65 41.75 225
1449 19.65 41.75 225
1450 19.55 41.65 225
1451 19.55 41.65 225
1452 19.55 41.65 225
1453 19.55 41.65 225
1454 19.55 41.65 225
1455 19.55 41.65 225
1456 19.55 41.65 270
1457 19.55 41.65 270
1458 19.55 41.65 270
1459 19.55 41.65 270
1460 19.55 41.65 270
1461 19.55 41.65 270
1462 19.55 41.65 270
1463 19.55 41.65 270
1464 19.55 41.65 270
1465 19.55 41.65 270
1466 19.55 41.65 270
1467 19.55 41.45 270
1468 19.55 41.45 270
1469 19.55 41.45 270
1470 19.55 41.45 270
1471 19.55 41.25 270
1472 19.55 41.15 270
1473 19.55 41.15 270
1474 19.55 41.05 270
1475 19.55 41.05 270
1476 19.55 40.95 270
1477 19.55 40.95 270
1478 19.55 40.85 270
1479 19.55 40.85 270
1480 19.55 40.75 270
1481 19.55 40.75 270
1482 19.55 40.65 270
1483 19.55 40.65 270
1484 19.55 40.65 270
1485 19.55 40.45 270
1486 19.55 40.35 270
1487 19.55 40.35 270
1488 19.55 40.25 270
1489 19.55 40.15 270
1490 19.55 40.05 270
1491 19.55 39.85 270
1492 19.55 39.75 270
1493 19.55 39.65 270
1494 19.55 39.55 270
1495 19.55 39.45 270
1496 19.55 39.35 270
1497 19.55 39.25 270
1498 19.55 39.15 270
1499 19.55 39.05 270
1500 19.55 38.95 270
1501 19.55 38.85 270
1502 19.55 38.75 270
1503 19.55 38.65 270
1504 19.55 38.55 270
1505 19.55 38.45 270
1506 19.55 38.35 270
1507 19.55 38.25 270
1508 19.55 38.15 270
1509 19.55 38.05 270
1510 19.55 37.95 270
1511 19.55 37.85 270
1512 19.55 37.75 270
1513 19.55 37.65 270
1514 19.55 37.55 270
1515 19.55 37.55 270
1516 19.55 37.35 270
1517 19.55 37.35 270
1518 19.55 37.25 270
1519 19.55 37.15 270
1520 19.55 37.05 270
1521 19.55 36.95 270
1522 19.55 36.85 270
1523 19.55 36.75 270
1524 19.55 36.65 270
1525 19.55 36.55 270
1526 19.55 36.45 270
1527 19.55 36.35 270
1528 19.55 36.25 270
1529 19.55 36.15 270
1530 19.55 36.05 270
1531 19.55 35.95 270
1532 19.55 35.85 270
1533 19.55 35.85 270
1534 19.55 35.85 270
1535 19.55 35.75 270
1536 19.55 35.65 270
1537 19.55 35.55 270
1538 19.55 35.45 270
1539 19.55 35.35 270
1540 19.55 35.25 270
1541 19.65 35.15 270
1542 19.65 35.05 270
1543 19.65 34.95 270
1544 19.65 34.85 270
1545 19.65 34.75 270
1546 19.65 34.65 270
1547 19.65 34.55 270
1548 19.65 34.45 270
1549 19.65 34.35 270
1550 19.65 34.25 270
1551 19.65 34.15 270
1552 19.65 34.05 270
1553 19.65 33.95 270
1554 19.65 33.85 270
1555 19.75 33.75 270
1556 19.85 33.65 270
1557 19.95 33.55 270
1558 20.05 33.45 270
1559 20.15 33.35 270
1560 20.15 33.25 270
1561 20.15 33.15 270
1562 20.15 33.05 270
1563 20.15 32.95 270
1564 20.15 32.85 270
1565 20.15 32.75 270
1566 20.15 32.65 270
1567 20.15 32.55 270
1568 20.15 32.45 270
1569 20.15 32.35 270
1570 20.15 32.25 270
1571 20.15 32.15 270
1572 20.15 32.05 270
1573 20.15 31.95 270
1574 20.15 31.85 270
1575 20.15 31.75 270
1576 20.15 31.65 270
1577 20.15 31.55 270
1578 20.15 31.45 270
1579 20.15 31.35 270
1580 20.15 31.25 270
1581 20.15 31.15 270
1582 20.15 31.05 270
1583 20.15 30.95 270
1584 20.15 30.85 270
1585 20.15 30.75 270
1586 20.15 30.65 270
1587 20.15 30.55 270
1588 20.15 30.45 270
1589 20.15 30.35 270
1590 20.15 30.25 270
1591 20.15 30.15 270
1592 20.15 30.05 270
1593 20.15 30.05 270
1594 20.15 29.95 270
1595 20.15 29.95 270
1596 20.15 29.85 270
1597 20.15 29.85 270
1598 20.15 29.75 270
1599 20.15 29.75 270
1600 20.15 29.65 270
1601 20.15 29.65 270
1602 20.15 29.55 270
1603 20.15 29.55 270
1604 20.15 29.45 270
1605 20.15 29.45 270
1606 20.15 29.35 270
1607 20.15 29.35 270
1608 20.15 29.25 270
1609 20.15 29.25 270
1610 20.15 29.15 270
1611 20.15 29.15 270
1612 20.15 29.05 270
1613 20.15 29.05 270
1614 20.15 28.95 270
1615 20.15 28.95 270
1616 20.15 28.85 270
1617 20.15 28.85 270
1618 20.15 28.75 270
1619 20.15 28.75 270
1620 20.15 28.65 270
1621 20.15 28.65 270
1622 20.15 28.65 270
1623 20.15 28.65 270
1624 20.15 28.65 270
1625 20.15 28.65 270
1626 20.15 28.65 270
1627 20.15 28.65 270
1628 20.15 28.65 270
1629 20.15 28.55 270
1630 20.15 28.55 270
1631 20.15 28.55 270
1632 20.15 28.45 270
1633 20.15 28.45 270
1634 20.15 28.45 270
1635 20.15 28.45 270
1636 20.15 28.45 270
1637 20.15 28.45 270
1638 20.15 28.35 270
1639 20.15 28.35 270
1640 20.15 28.25 270
1641 20.15 28.25 270
1642 20.15 28.15 270
1643 20.15 28.15 270
1644 20.15 28.15 270
1645 20.15 28.05 270
1646 20.15 28.05 270
1647 20.15 27.95 270
1648 20.15 27.95 270
1649 20.15 27.95 270
1650 20.15 27.85 270
1651 20.15 27.85 270
1652 20.15 27.75 270
1653 20.15 27.75 270
1654 20.15 27.65 270
1655 20.15 27.65 270
1656 20.05 27.45 270
1657 19.95 27.45 270
1658 19.95 27.35 270
1659 19.95 27.35 270
1660 19.95 27.25 270
1661 19.95 27.25 270
1662 19.95 27.25 270
1663 19.95 27.15 270
1664 19.95 27.15 270
1665 19.95 27.05 270
1666 19.95 27.05 270
1667 19.95 27.05 270
1668 19.95 26.95 270
1669 19.95 26.95 270
1670 19.95 26.85 270
1671 19.95 26.85 270
1672 19.95 26.75 270
1673 19.95 26.75 270
1674 19.95 26.65 270
1675 19.95 26.65 270
1676 19.95 26.55 270
1677 19.95 26.55 270
1678 19.95 26.55 270
1679 19.95 26.45 270
1680 19.95 26.45 270
1681 19.95 26.35 270
1682 19.95 26.35 270
1683 19.95 26.25 270
1684 19.95 26.25 270
1685 19.95 26.25 270
1686 19.95 26.15 270
1687 19.95 26.15 270
1688 19.95 26.15 270
1689 19.95 26.15 270
1690 19.95 26.05 270
1691 19.95 26.05 270
1692 19.95 26.05 270
1693 19.95 26.05 270
1694 19.95 25.95 270
1695 19.95 25.95 270
1696 19.95 25.95 270
1697 19.95 25.95 270
1698 19.95 25.85 270
1699 19.95 25.85 270
1700 19.95 25.85 270
1701 19.95 25.85 270
1702 19.95 25.75 270
1703 19.95 25.75 270
1704 19.95 25.75 270
1705 19.95 25.65 270
1706 19.95 25.65 270
1707 19.95 25.65 270
1708 19.95 25.55 270
1709 19.95 25.55 270
1710 19.95 25.55 270
1711 19.95 25.45 270
1712 19.95 25.45 270
1713 19.95 25.35 270
1714 19.95 25.25 270
1715 19.95 25.15 270
1716 19.95 25.05 270
1717 19.95 25.05 270
1718 19.95 24.95 270
1719 19.95 24.95 270
1720 19.95 24.85 270
1721 19.95 24.75 270
1722 19.95 24.65 270
1723 19.95 24.55 270
1724 19.95 24.45 270
1725 19.95 24.35 270
1726 19.95 24.25 270
1727 19.95 24.15 270
1728 19.95 24.05 270
1729 19.95 23.95 270
1730 19.95 23.85 270
1731 19.95 23.75 270
1732 19.95 23.65 270
1733 19.95 23.55 270
1734 19.95 23.45 270
1735 19.95 23.35 270
1736 19.95 23.25 270
1737 19.95 23.15 270
1738 19.95 22.95 270
1739 19.95 22.75 270
1740 19.95 22.75 270
1741 19.95 22.65 270
1742 19.95 22.55 270
1743 19.95 22.45 270
1744 19.95 22.25 270
1745 19.95 22.05 270
1746 19.95 21.95 270
1747 19.95 21.85 270
1748 19.95 21.75 270
1749 19.95 21.65 270
1750 19.95 21.55 270
1751 19.95 21.45 270
1752 19.95 21.35 270
1753 19.95 21.25 270
1754 19.95 21.15 270
1755 19.95 21.05 270
1756 19.95 20.95 270
1757 19.95 20.85 270
1758 19.95 20.85 270
1759 19.95 20.65 270
1760 19.95 20.55 270
1761 19.95 20.55 270
1762 19.95 20.35 270
1763 19.95 20.15 270
1764 19.95 20.05 270
1765 19.95 20.05 270
1766 19.95 19.95 270
1767 19.95 19.85 270
1768 19.95 19.75 270
1769 19.95 19.75 270
1770 19.95 19.75 270
1771 19.95 19.75 270
1772 19.95 19.65 270
1773 19.95 19.55 270
1774 19.95 19.55 270
1775 19.95 19.55 270
1776 19.95 19.55 270
1777 19.95 19.55 270
1778 19.95 19.55 270
1779 19.95 19.45 270
1780 19.95 19.45 270
1781 19.95 19.45 270
1782 19.95 19.45 270
1783 19.95 19.45 270
1784 19.95 19.45 270
1785 19.95 19.45 270
1786 19.95 19.45 270
1787 19.95 19.45 270
1788 19.95 19.45 270
1789 19.95 19.45 270
1790 19.95 19.35 270
1791 19.95 19.35 270
1792 19.95 19.35 270
1793 19.95 19.35 270
1794 19.95 19.35 270
1795 19.95 19.35 270
1796 19.95 19.25 270
1797 19.95 19.25 270
1798 19.95 19.25 270
1799 19.95 19.25 270
1800 19.95 19.15 270
1801 19.95 19.15 270
1802 19.95 19.15 270
1803 19.95 19.15 270
1804 19.95 19.05 270
1805 19.95 19.05 270
1806 19.95 19.05 270
1807 19.95 19.05 270
1808 19.95 19.05 270
1809 19.95 18.95 270
1810 19.95 18.95 270
1811 19.95 18.95 270
1812 19.95 18.95 270
1813 19.95 18.95 270
1814 19.95 18.85 270
1815 19.95 18.85 270
1816 19.95 18.85 270
1817 19.95 18.85 270
1818 19.95 18.75 270
1819 19.95 18.75 270
1820 19.95 18.75 270
1821 19.95 18.75 270
1822 19.95 18.75 270
1823 19.95 18.65 270
1824 19.95 18.65 270
1825 19.95 18.65 270
1826 19.95 18.65 270
1827 19.95 18.55 270
1828 19.95 18.55 270
1829 19.95 18.55 270
1830 19.95 18.55 270
1831 19.95 18.45 270
1832 19.95 18.45 270
1833 19.95 18.45 270
1834 19.95 18.45 270
1835 19.95 18.35 270
1836 19.95 18.35 270
1837 19.95 18.25 270
1838 19.95 18.25 270
1839 19.95 18.15 270
1840 19.95 18.05 270
1841 19.95 17.95 270
1842 19.95 17.85 270
1843 19.95 17.75 270
1844 19.95 17.65 270
1845 19.95 17.55 270
1846 19.95 17.45 270
1847 19.95 17.35 270
1848 19.95 17.25 270
1849 19.95 17.15 270
1850 19.95 17.05 270
1851 19.95 16.95 270
1852 19.95 16.85 270
1853 19.95 16.85 270
1854 19.95 16.75 270
1855 19.95 16.75 270
1856 19.95 16.65 270
1857 19.95 16.55 270
1858 19.95 16.55 270
1859 19.95 16.45 270
1860 19.95 16.45 270
1861 19.95 16.35 270
1862 19.95 16.35 270
1863 19.95 16.35 270
1864 19.95 16.25 270
1865 19.95 16.25 270
1866 19.95 16.25 270
1867 19.95 16.25 270
1868 19.95 16.25 270
1869 19.95 16.25 270
1870 19.95 16.25 270
1871 19.95 16.15 270
1872 19.95 16.15 270
1873 19.95 16.15 270
1874 19.95 16.05 270
1875 19.95 16.05 270
1876 19.95 16.05 270
1877 19.95 16.05 270
1878 19.95 15.95 270
1879 19.95 15.95 270
1880 19.95 15.95 270
1881 19.95 15.85 270
1882 19.95 15.85 270
1883 19.95 15.85 270
1884 19.95 15.75 270
1885 19.95 15.75 270
1886 19.95 15.75 270
1887 19.95 15.65 270
1888 19.95 15.65 270
1889 19.95 15.65 270
1890 19.95 15.55 270
1891 19.95 15.55 270
1892 19.95 15.55 270
1893 19.95 15.55 270
1894 19.95 15.45 270
1895 19.95 15.45 270
1896 19.95 15.45 270
1897 19.95 15.45 270
1898 19.95 15.45 270
1899 19.95 15.45 270
1900 19.95 15.45 270
1901 19.95 15.45 270
1902 19.95 15.45 270
1903 19.95 15.45 270
1904 19.95 15.45 270
1905 19.95 15.45 270
1906 19.95 15.45 270
1907 19.95 15.45 270
1908 19.95 15.35 270
1909 19.95 15.25 270
1910 19.95 15.15 270
1911 19.95 15.05 270
1912 19.95 14.95 270
1913 19.95 14.85 270
1914 19.95 14.75 270
1915 19.95 14.65 270
1916 19.95 14.55 270
1917 19.95 14.45 270
1918 19.95 14.35 270
1919 19.95 14.25 270
1920 19.95 14.15 270
1921 19.95 14.15 270
1922 19.95 14.15 270
1923 19.95 14.15 270
1924 19.95 14.15 270
1925 19.95 14.15 270
1926 19.95 14.05 270
1927 19.95 14.05 270
1928 19.95 14.05 270
1929 19.95 13.95 270
1930 19.95 13.95 270
1931 19.95 13.95 270
1932 19.95 13.65 270
1933 19.95 13.65 270
1934 19.95 13.65 270
1935 19.95 13.55 270
1936 19.95 13.55 270
1937 19.95 13.55 270
1938 19.95 13.45 270
1939 19.95 13.45 270
1940 19.95 13.45 270
1941 19.95 13.35 270
1942 19.95 13.05 270
1943 19.95 13.05 270
1944 19.95 12.95 270
1945 19.95 12.95 270
1946 19.95 12.95 270
1947 19.95 12.85 270
1948 19.95 12.85 270
1949 19.95 12.85 270
1950 19.95 12.75 270
1951 19.95 12.75 270
1952 19.95 12.75 270
1953 19.95 12.65 270
1954 19.95 12.65 270
1955 19.95 12.35 270
1956 19.95 12.35 270
1957 19.95 12.25 270
1958 19.95 12.15 270
1959 19.95 12.05 270
1960 19.95 11.95 270
1961 19.95 11.85 270
1962 19.95 11.85 270
1963 19.95 11.85 270
1964 19.95 11.85 270
1965 19.95 11.85 270
1966 19.95 11.85 270
1967 19.95 11.85 270
1968 19.95 11.75 270
1969 19.95 11.75 270
1970 19.95 11.75 270
1971 19.95 11.75 270
1972 19.95 11.75 270
1973 19.95 11.75 270
1974 19.95 11.55 270
1975 19.95 11.55 270
1976 19.95 11.55 270
1977 19.95 11.55 270
1978 19.95 11.45 270
1979 19.95 11.45 270
1980 19.95 11.45 270
1981 19.95 11.35 270
1982 19.95 11.35 270
1983 19.95 11.35 270
1984 19.95 11.25 270
1985 19.95 11.25 270
1986 19.95 11.25 270
1987 19.95 11.25 270
1988 19.95 11.15 270
1989 19.95 11.15 270
1990 19.95 11.15 270
1991 19.95 11.05 270
1992 19.95 11.05 270
1993 19.95 11.05 270
1994 19.95 10.95 270
1995 19.95 10.95 270
1996 19.95 10.95 270
1997 19.95 10.75 270
1998 19.95 10.75 270
1999 19.95 10.75 270
2000 19.95 10.65 270
2001 19.95 10.65 270
2002 19.95 10.65 270
2003 19.95 10.35 270
2004 19.95 10.35 270
2005 19.95 10.25 270
2006 19.95 10.15 270
2007 19.95 10.15 270
2008 19.95 10.05 270
2009 19.95 9.95 270
2010 19.95 9.85 270
2011 19.95 9.75 270
2012 19.95 9.65 270
2013 19.95 9.55 270
2014 19.95 9.45 270
2015 19.95 9.35 270
2016 19.95 9.25 270
2017 19.95 9.15 270
2018 19.95 9.05 270
2019 19.95 8.95 270
2020 19.95 8.85 270
2021 19.95 8.75 270
2022 19.95 8.65 270
2023 19.95 8.55 270
2024 19.95 8.45 270
2025 19.95 8.35 270
2026 19.95 8.25 270
2027 19.95 8.15 270
2028 19.95 8.05 270
2029 19.95 7.95 270
2030 19.95 7.85 270
2031 19.95 7.75 270
2032 19.95 7.75 270
2033 19.95 7.75 270
2034 19.95 7.75 270
2035 19.95 7.75 270
2036 19.95 7.75 270
2037 19.95 7.75 270
2038 19.95 7.75 270
2039 19.95 7.65 270
2040 19.95 7.65 270
2041 19.95 7.65 270
2042 19.95 7.65 270
2043 19.95 7.55 270
2044 19.95 7.55 270
2045 19.95 7.55 270
2046 19.95 7.55 270
2047 19.95 7.55 270
2048 19.95 7.45 270
2049 19.95 7.45 270
2050 19.95 7.45 270
2051 19.95 7.45 270
2052 19.95 7.45 270
2053 19.95 7.35 270
2054 19.95 7.35 270
2055 19.95 7.35 270
2056 19.95 7.35 270
2057 19.95 7.35 270
2058 19.95 7.25 270
2059 19.95 7.25 270
2060 19.95 7.25 270
2061 19.95 7.25 270
2062 19.95 7.15 270
2063 19.95 7.15 270
2064 19.95 7.15 270
2065 19.95 7.15 270
2066 19.95 7.15 270
2067 19.95 7.05 270
2068 19.95 7.05 270
2069 19.95 7.05 270
2070 19.95 7.05 270
2071 19.95 7.05 270
2072 19.95 6.95 270
2073 19.95 6.95 270
2074 19.95 6.95 270
2075 19.95 6.85 270
2076 19.95 6.85 270
2077 19.95 6.85 270
2078 19.95 6.75 270
2079 19.95 6.75 270
2080 19.95 6.75 270
2081 19.95 6.65 270
2082 19.95 6.65 270
2083 19.95 6.65 270
2084 19.95 6.65 270
2085 19.95 6.65 270
2086 19.95 6.55 270
2087 19.95 6.55 270
2088 19.95 6.55 270
2089 19.95 6.45 270
2090 19.95 6.45 270
2091 19.95 6.45 270
2092 19.95 6.45 270
2093 19.95 6.35 270
2094 19.95 6.35 270
2095 19.95 6.35 270
2096 19.95 6.35 270
2097 19.95 6.25 270
2098 19.95 6.25 270
2099 19.95 6.25 270
2100 19.95 6.25 270
2101 19.95 6.25 270
2102 19.95 6.25 270
2103 19.95 6.25 270
2104 19.95 6.25 270
2105 19.95 6.25 270
2106 19.95 6.25 270
2107 19.95 6.25 270
2108 19.95 6.25 270
2109 19.95 6.25 270
2110 19.95 6.25 270
2111 19.95 6.25 270
2112 19.95 6.25 270
2113 19.95 6.25 270
2114 19.95 6.25 270
2115 19.95 6.25 270
2116 19.95 6.25 270
2117 19.95 6.25 270
2118 19.95 6.25 270
2119 19.95 6.25 270
2120 19.95 6.25 315
2121 19.95 6.25 315
2122 19.95 6.25 315
2123 19.95 6.25 315
2124 19.95 6.25 315
2125 19.95 6.25 315
2126 19.95 6.25 315
2127 19.95 6.25 315
2128 19.95 6.25 315
2129 19.95 6.25 0
2130 19.95 6.25 0
2131 19.95 6.25 0
2132 19.95 6.25 0
2133 19.95 6.25 45
2134 19.95 6.25 45
2135 19.95 6.25 45
2136 19.95 6.25 45
2137 19.95 6.25 45
2138 19.95 6.25 45
2139 19.95 6.25 0
2140 19.95 6.25 0
2141 19.95 6.25 0
2142 19.95 6.25 0
2143 19.95 6.25 0
2144 19.95 6.25 315
2145 19.95 6.25 315
2146 19.95 6.25 315
2147 19.95 6.25 315
2148 19.95 6.25 315
2149 19.95 6.25 315
2150 19.95 6.25 315
2151 19.95 6.25 315
2152 19.95 6.25 315
2153 19.95 6.25 315
2154 19.95 6.25 315
2155 19.95 6.25 315
2156 19.95 6.25 0
2157 19.95 6.25 0
2158 19.95 6.25 0
2159 19.95 6.25 0
2160 19.95 6.25 0
2161 19.95 6.25 0
2162 19.95 6.25 0
2163 19.95 6.25 0
2164 19.95 6.25 0
2165 19.95 6.25 0
2166 19.95 6.25 0
2167 19.95 6.25 0
2168 19.95 6.25 0
2169 19.95 6.25 0
2170 19.95 6.25 0
2171 20.05 6.25 0
2172 20.05 6.25 0
2173 20.15 6.25 0
2174 20.15 6.25 0
2175 20.45 6.25 0
2176 20.65 6.25 0
2177 20.85 6.25 0
2178 21.05 6.25 0
2179 21.55 6.25 0
2180 21.65 6.25 0
2181 21.75 6.25 0
2182 21.85 6.25 0
2183 21.95 6.25 0
2184 22.15 6.25 0
2185 22.35 6.25 0
2186 22.45 6.25 0
2187 22.45 6.25 0
2188 22.45 6.25 0
2189 22.45 6.25 0
2190 22.45 6.25 0
2191 22.45 6.25 0
2192 22.45 6.25 0
2193 22.55 6.25 0
2194 22.55 6.25 0
2195 22.65 6.25 0
2196 22.65 6.25 0
2197 22.85 6.25 0
2198 22.95 6.25 0
2199 23.05 6.25 0
2200 23.15 6.25 0
2201 23.25 6.25 0
2202 23.35 6.25 0
2203 23.45 6.25 0
2204 23.55 6.25 0
2205 23.65 6.25 0
2206 23.75 6.25 0
2207 23.85 6.25 0
2208 23.95 6.25 0
2209 24.05 6.25 0
2210 24.15 6.25 0
2211 24.25 6.25 0
2212 24.35 6.25 0
2213 24.45 6.25 0
2214 24.55 6.25 0
2215 24.65 6.25 0
2216 24.75 6.25 0
2217 24.85 6.25 0
2218 24.85 6.25 0
2219 24.85 6.25 0
2220 24.85 6.25 0
2221 24.85 6.25 0
2222 24.85 6.25 0
2223 24.95 6.25 0
2224 25.05 6.25 0
2225 25.15 6.25 0
2226 25.25 6.25 0
2227 25.35 6.25 0
2228 25.45 6.25 0
2229 25.55 6.25 0
2230 25.65 6.25 0
2231 25.75 6.25 0
2232 25.85 6.25 0
2233 25.95 6.25 0
2234 26.05 6.25 0
2235 26.15 6.25 0
2236 26.25 6.25 0
2237 26.35 6.25 0
2238 26.45 6.25 0
2239 26.55 6.25 0
2240 26.65 6.25 0
2241 26.75 6.25 0
2242 26.85 6.25 0
2243 26.95 6.25 0
2244 27.05 6.25 0
2245 27.15 6.25 0
2246 27.25 6.25 0
2247 27.35 6.25 0
2248 27.45 6.25 0
2249 27.55 6.25 0
2250 27.65 6.25 0
2251 27.75 6.25 0
2252 27.85 6.25 0
2253 27.95 6.25 0
2254 28.05 6.25 0
2255 28.15 6.25 0
2256 28.25 6.25 0
2257 28.35 6.25 0
2258 28.45 6.25 0
2259 28.55 6.25 0
2260 28.65 6.25 0
2261 28.75 6.25 0
2262 28.85 6.25 0
2263 28.95 6.25 0
2264 29.05 6.25 0
2265 29.15 6.25 0
2266 29.15 6.25 0
2267 29.15 6.25 0
2268 29.15 6.25 0
2269 29.15 6.25 0
2270 29.15 6.25 0
2271 29.15 6.25 0
2272 29.25 6.25 0
2273 29.25 6.25 0
2274 29.25 6.25 0
2275 29.25 6.25 0
2276 29.25 6.25 0
2277 29.35 6.25 0
2278 29.35 6.25 0
2279 29.35 6.25 0
2280 29.35 6.25 0
2281 29.45 6.25 0
2282 29.45 6.25 0
2283 29.45 6.25 0
2284 29.45 6.25 0
2285 29.55 6.25 0
2286 29.55 6.25 0
2287 29.55 6.25 0
2288 29.55 6.25 0
2289 29.65 6.25 0
2290 29.65 6.25 0
2291 29.65 6.25 0
2292 29.65 6.25 0
2293 29.75 6.25 0
2294 29.75 6.25 0
2295 29.75 6.25 0
2296 29.75 6.25 0
2297 29.85 6.25 0
2298 29.85 6.25 0
2299 29.85 6.25 0
2300 29.85 6.25 0
2301 29.95 6.25 0
2302 29.95 6.25 0
2303 29.95 6.25 0
2304 29.95 6.25 0
2305 29.95 6.25 0
2306 30.05 6.25 0
2307 30.05 6.25 0
2308 30.05 6.25 0
2309 30.05 6.25 0
2310 30.05 6.25 0
2311 30.15 6.25 0
2312 30.15 6.25 0
2313 30.15 6.25 0
2314 30.15 6.25 0
2315 30.15 6.25 0
2316 30.25 6.25 0
2317 30.25 6.25 0
2318 30.25 6.25 0
2319 30.35 6.25 0
2320 30.35 6.25 0
2321 30.35 6.25 0
2322 30.45 6.25 0
2323 30.45 6.25 0
2324 30.45 6.25 0
2325 30.45 6.25 0
2326 30.45 6.25 0
2327 30.45 6.25 0
2328 30.45 6.25 0
2329 30.45 6.25 0
2330 30.45 6.25 0
2331 30.45 6.25 0
2332 30.45 6.25 0
2333 30.55 6.25 0
2334 30.55 6.25 0
2335 30.55 6.25 0
2336 30.55 6.25 0
2337 30.55 6.25 0
2338 30.55 6.25 0
2339 30.55 6.25 0
2340 30.55 6.25 0
2341 30.55 6.25 0
2342 30.65 6.25 0
2343 30.65 6.25 0
2344 30.65 6.25 0
2345 30.65 6.25 0
2346 30.65 6.25 0
2347 30.65 6.25 0
2348 30.65 6.25 0
2349 30.65 6.25 0
2350 30.65 6.25 0
2351 30.75 6.25 0
2352 30.75 6.25 0
2353 30.75 6.25 0
2354 30.75 6.25 0
2355 30.75 6.25 0
2356 30.75 6.25 0
2357 30.75 6.25 0
2358 30.75 6.25 0
2359 30.75 6.25 0
2360 30.85 6.25 0
2361 30.85 6.25 0
2362 30.85 6.25 0
2363 30.85 6.25 0
2364 30.85 6.25 0
2365 30.85 6.25 0
2366 30.85 6.25 0
2367 30.85 6.25 0
2368 30.85 6.25 0
2369 30.85 6.25 0
2370 30.95 6.25 0
2371 30.95 6.25 0
2372 30.95 6.25 0
2373 30.95 6.25 0
2374 30.95 6.25 0
2375 30.95 6.25 0
2376 30.95 6.25 0
2377 30.95 6.25 0
2378 30.95 6.25 0
2379 30.95 6.25 0
2380 31.05 6.25 0
2381 31.05 6.25 0
2382 31.05 6.25 0
2383 31.05 6.25 0
2384 31.05 6.25 0
2385 31.05 6.25 0
2386 31.15 6.25 0
2387 31.15 6.25 0
2388 31.15 6.25 0
2389 31.15 6.25 0
2390 31.15 6.25 0
2391 31.15 6.25 0
2392 31.15 6.25 0
2393 31.15 6.25 0
2394 31.15 6.25 0
2395 31.15 6.25 0
2396 31.15 6.25 0
2397 31.15 6.25 0
2398 31.15 6.25 45
2399 31.15 6.25 45
2400 31.15 6.25 45
2401 31.15 6.25 45
2402 31.15 6.25 45
2403 31.15 6.25 45
2404 31.15 6.25 45
2405 31.15 6.25 45
2406 31.15 6.25 45
2407 31.15 6.25 45
2408 31.15 6.25 45
2409 31.15 6.25 90
2410 31.15 6.25 90
2411 31.15 6.25 90
2412 31.15 6.25 90
2413 31.15 6.25 90
2414 31.15 6.25 135
2415 31.15 6.25 135
2416 31.15 6.25 135
2417 31.15 6.25 135
2418 31.15 6.25 135
2419 31.15 6.25 135
2420 31.15 6.25 135
2421 31.15 6.25 135
2422 31.15 6.25 135
2423 31.15 6.25 135
2424 31.15 6.25 135
2425 31.15 6.25 135
2426 31.15 6.25 135
2427 31.15 6.25 135
2428 31.15 6.25 135
2429 31.15 6.25 135
2430 31.15 6.25 135
2431 31.15 6.25 135
2432 31.15 6.25 135
2433 31.15 6.25 135
2434 31.15 6.25 135
2435 31.15 6.25 135
2436 31.05 6.45 135
2437 31.05 6.45 135
2438 31.05 6.45 135
2439 30.95 6.65 135
2440 30.95 6.65 135
2441 30.95 6.65 135
2442 30.95 6.65 135
2443 30.95 6.65 135
2444 30.95 6.65 90
2445 30.95 6.65 90
2446 30.95 6.65 90
2447 31.05 7.65 90
2448 31.05 7.95 90
2449 31.05 8.05 90
2450 31.05 8.15 90
2451 31.05 8.25 90
2452 31.05 8.35 90
2453 31.05 8.45 90
2454 31.05 8.55 90
2455 31.05 8.65 90
2456 31.05 8.75 90
2457 31.05 8.85 90
2458 31.05 8.95 90
2459 31.05 9.45 90
2460 31.05 9.55 90
2461 31.05 9.55 90
2462 31.05 9.65 90
2463 31.05 9.65 90
2464 31.05 9.65 90
2465 31.05 10.15 90
2466 31.05 10.15 90
2467 31.05 10.15 90
2468 31.05 10.15 90
2469 31.05 10.25 90
2470 31.05 10.35 90
2471 31.05 10.35 90
2472 31.05 10.45 90
2473 31.05 10.55 90
2474 31.05 10.55 90
2475 31.05 10.55 90
2476 31.05 10.55 90
2477 31.05 10.55 90
2478 31.05 10.55 90
2479 31.05 10.65 90
2480 31.05 10.65 90
2481 31.05 10.65 90
2482 31.05 10.65 90
2483 31.05 10.65 90
2484 31.05 10.65 90
2485 31.05 10.75 90
2486 31.05 10.95 90
2487 31.05 11.15 90
2488 31.05 11.25 90
2489 31.05 11.35 90
2490 31.05 11.45 90
2491 31.05 11.55 90
2492 31.05 11.65 90
2493 31.05 11.65 90
2494 31.05 11.85 90
2495 31.05 11.95 90
2496 31.05 12.05 90
2497 31.05 12.15 90
2498 31.05 12.25 90
2499 31.05 12.35 90
2500 31.05 12.45 90
2501 31.05 12.55 90
2502 31.05 12.65 90
2503 31.05 12.75 90
2504 31.05 12.85 90
2505 31.05 12.95 90
2506 31.05 12.95 90
2507 31.05 12.95 90
2508 31.05 12.95 90
2509 31.05 12.95 90
2510 31.05 12.95 90
2511 31.05 12.95 90
2512 31.05 12.95 90
2513 31.05 13.05 90
2514 31.05 13.05 90
2515 31.05 13.05 90
2516 31.05 13.05 90
2517 31.05 13.05 90
2518 31.05 13.05 90
2519 31.05 13.05 90
2520 31.05 13.05 90
2521 31.05 13.15 90
2522 31.05 13.15 90
2523 31.05 13.15 90
2524 31.05 13.25 90
2525 31.05 13.25 90
2526 31.05 13.25 90
2527 31.05 13.25 90
2528 31.05 13.35 90
2529 31.05 13.35 90
2530 31.05 13.35 90
2531 31.05 13.45 90
2532 31.05 13.45 90
2533 31.05 13.45 90
2534 31.05 13.55 90
2535 31.05 13.55 90
2536 31.05 13.55 90
2537 31.05 13.65 90
2538 31.05 13.65 90
2539 31.05 13.75 90
2540 31.05 13.75 90
2541 31.05 14.05 90
2542 31.05 14.25 90
2543 31.05 14.35 90
2544 31.05 14.45 90
2545 31.05 14.55 90
2546 31.05 14.65 90
2547 31.05 14.75 90
2548 31.05 14.85 90
2549 30.75 15.35 90
2550 30.75 15.45 90
2551 30.75 15.55 90
2552 30.75 15.65 90
2553 30.75 15.75 90
2554 30.75 15.85 90
2555 30.75 15.95 90
2556 30.75 16.05 90
2557 30.75 16.15 90
2558 30.75 16.15 90
2559 30.75 16.15 90
2560 30.75 16.15 90
2561 30.75 16.15 90
2562 30.75 16.15 90
2563 30.75 16.15 90
2564 30.75 16.15 90
2565 30.75 16.15 90
2566 30.75 16.15 90
2567 30.75 16.15 90
2568 30.75 16.15 90
2569 30.75 16.15 90
2570 30.75 16.15 90
2571 30.75 16.15 90
2572 30.75 16.15 90
2573 30.75 16.15 90
2574 30.75 16.15 90
2575 30.75 16.15 90
2576 30.75 16.25 90
2577 30.75 16.25 90
2578 30.75 16.25 90
2579 30.75 16.25 90
2580 30.75 16.25 90
2581 30.75 16.25 90
2582 30.75 16.25 90
2583 30.75 16.25 90
2584 30.75 16.25 90
2585 30.75 16.35 90
2586 30.75 16.35 90
2587 30.75 16.35 90
2588 30.75 16.35 90
2589 30.75 16.35 90
2590 30.75 16.35 90
2591 30.75 16.35 90
2592 30.75 16.35 90
2593 30.75 16.35 90
2594 30.75 16.45 90
2595 30.75 16.45 90
2596 30.75 16.55 90
2597 30.75 16.55 90
2598 30.75 16.55 90
2599 30.75 16.55 90
2600 30.75 16.55 90
2601 30.75 16.65 90
2602 30.75 16.65 90
2603 30.75 16.65 90
2604 30.75 16.65 90
2605 30.75 16.75 90
2606 30.75 16.75 90
2607 30.75 16.75 90
2608 30.75 16.75 90
2609 30.75 16.75 90
2610 30.75 16.75 90
2611 30.75 16.85 90
2612 30.75 16.85 90
2613 30.75 16.95 90
2614 30.75 16.95 90
2615 30.75 17.05 90
2616 30.75 17.05 90
2617 30.75 17.05 90
2618 30.75 17.15 90
2619 30.75 17.15 90
2620 30.75 17.15 90
2621 30.75 17.15 90
2622 30.75 17.25 90
2623 30.75 17.35 90
2624 30.75 17.35 90
2625 30.75 17.35 90
2626 30.75 17.45 90
2627 30.75 17.45 90
2628 30.75 17.55 90
2629 30.75 17.55 90
2630 30.75 17.85 90
2631 30.75 18.05 90
2632 30.75 18.15 90
2633 30.75 18.15 90
2634 30.75 18.15 90
2635 30.75 18.25 90
2636 30.75 18.25 90
2637 30.75 18.35 90
2638 30.75 18.35 90
2639 30.75 18.45 90
2640 30.75 18.45 90
2641 30.75 18.45 90
2642 30.75 18.55 90
2643 30.75 18.55 90
2644 30.75 18.55 90
2645 30.75 18.55 90
2646 30.75 18.55 90
2647 30.75 18.55 90
2648 30.75 18.65 90
2649 30.75 18.65 90
2650 30.75 18.65 90
2651 30.75 18.65 90
2652 30.75 18.65 90
2653 30.75 18.85 90
2654 30.75 18.95 90
2655 30.75 19.05 90
2656 30.75 19.05 90
2657 30.75 19.15 90
2658 30.75 19.15 90
2659 30.75 19.15 90
2660 30.75 19.25 90
2661 30.75 19.25 90
2662 30.75 19.25 90
2663 30.75 19.35 90
2664 30.75 19.45 90
2665 30.75 19.55 90
2666 30.75 19.65 90
2667 30.75 19.75 90
2668 30.75 19.85 90
2669 30.75 19.85 90
2670 30.75 19.85 90
2671 30.75 19.85 90
2672 30.75 19.85 90
2673 30.75 19.85 90
2674 30.75 19.85 90
2675 30.75 19.85 90
2676 30.75 19.85 90
2677 30.75 19.85 90
2678 30.75 19.85 90
2679 30.75 19.95 90
2680 30.75 19.95 90
2681 30.75 19.95 90
2682 30.75 19.95 90
2683 30.75 19.95 90
2684 30.75 19.95 90
2685 30.75 19.95 90
2686 30.75 19.95 90
2687 30.75 19.95 90
2688 30.75 20.05 90
2689 30.75 20.05 90
2690 30.75 20.05 90
2691 30.75 20.05 90
2692 30.75 20.05 90
2693 30.75 20.15 90
2694 30.75 20.15 90
2695 30.75 20.15 90
2696 30.75 20.15 90
2697 30.75 20.25 90
2698 30.75 20.25 90
2699 30.75 20.25 90
2700 30.75 20.35 90
2701 30.75 20.45 90
2702 30.75 20.55 90
2703 30.75 20.65 90
2704 30.75 20.75 90
2705 30.75 20.85 90
2706 30.75 20.95 90
2707 30.75 21.05 90
2708 30.75 21.15 90
2709 30.75 21.25 90
2710 30.75 21.35 90
2711 30.75 21.45 90
2712 30.75 21.65 90
2713 30.75 21.65 90
2714 30.75 21.65 90
2715 30.75 21.65 90
2716 30.75 21.65 90
2717 30.75 21.65 90
2718 30.75 21.75 90
2719 30.75 21.75 90
2720 30.75 21.75 90
2721 30.75 21.75 90
2722 30.75 21.75 90
2723 30.75 21.75 90
2724 30.75 21.85 90
2725 30.75 21.85 90
2726 30.75 21.85 90
2727 30.75 21.85 90
2728 30.75 21.95 90
2729 30.75 21.95 90
2730 30.75 21.95 90
2731 30.75 21.95 90
2732 30.75 22.05 90
2733 30.75 22.05 90
2734 30.75 22.05 90
2735 30.75 22.15 90
2736 30.75 22.15 90
2737 30.75 22.15 90
2738 30.75 22.15 90
2739 30.75 22.15 90
2740 30.75 22.25 90
2741 30.75 22.25 90
2742 30.75 22.55 90
2743 30.75 22.55 90
2744 30.75 22.55 90
2745 30.75 22.55 90
2746 30.75 22.55 90
2747 30.75 22.65 90
2748 30.75 22.65 90
2749 30.75 22.65 90
2750 30.75 22.65 90
2751 30.75 22.95 90
2752 30.75 22.95 90
2753 30.75 22.95 90
2754 30.75 22.95 90
2755 30.75 23.05 90
2756 30.75 23.05 90
2757 30.75 23.05 90
2758 30.75 23.05 90
2759 30.75 23.05 90
2760 30.75 23.05 90
2761 30.65 23.25 90
2762 30.65 23.25 90
2763 30.65 23.35 90
2764 30.65 23.35 90
2765 30.65 23.45 90
2766 30.65 23.45 90
2767 30.65 23.55 90
2768 30.65 23.55 90
2769 30.65 23.75 90
2770 30.65 23.75 90
2771 30.65 23.75 90
2772 30.65 23.75 90
2773 30.65 23.75 90
2774 30.65 23.75 90
2775 30.65 23.75 90
2776 30.65 23.75 90
2777 30.65 23.75 90
2778 30.65 23.75 90
2779 30.65 23.75 90
2780 30.65 23.75 90
2781 30.65 23.85 90
2782 30.65 23.85 90
2783 30.65 23.85 90
2784 30.65 23.85 90
2785 30.65 23.85 90
2786 30.65 23.85 90
2787 30.65 23.85 90
2788 30.65 23.85 90
2789 30.65 23.85 90
2790 30.65 24.05 90
2791 30.65 24.05 90
2792 30.65 24.05 90
2793 30.65 24.05 90
2794 30.65 24.05 90
2795 30.65 24.05 90
2796 30.65 24.05 90
2797 30.65 24.15 90
2798 30.65 24.15 90
2799 30.65 24.15 90
2800 30.65 24.15 90
2801 30.65 24.15 90
2802 30.65 24.35 90
2803 30.65 24.35 90
2804 30.65 24.35 90
2805 30.65 24.35 90
2806 30.65 24.35 90
2807 30.65 24.35 90
2808 30.65 24.45 90
2809 30.65 24.45 90
2810 30.65 24.65 90
2811 30.65 24.65 90
2812 30.65 24.85 90
2813 30.65 24.85 90
2814 30.65 24.85 90
2815 30.65 24.85 90
2816 30.65 25.05 90
2817 30.65 25.05 90
2818 30.65 25.05 90
2819 30.65 25.05 90
2820 30.65 25.05 90
2821 30.65 25.05 90
2822 30.65 25.05 90
2823 30.65 25.05 90
2824 30.65 25.15 90
2825 30.65 25.15 90
2826 30.65 25.15 90
2827 30.65 25.15 90
2828 30.65 25.15 90
2829 30.65 25.15 90
2830 30.65 25.15 90
2831 30.65 25.15 90
2832 30.65 25.25 90
2833 30.65 25.25 90
2834 30.65 25.25 90
2835 30.65 25.25 90
2836 30.65 25.25 90
2837 30.65 25.25 90
2838 30.65 25.25 90
2839 30.65 25.35 90
2840 30.65 25.35 90
2841 30.65 25.35 90
2842 30.65 25.35 90
2843 30.65 25.35 90
2844 30.65 25.35 90
2845 30.65 25.45 90
2846 30.65 25.45 90
2847 30.65 25.45 90
2848 30.65 25.45 90
2849 30.65 25.45 90
2850 30.65 25.55 90
2851 30.65 25.55 90
2852 30.65 25.55 90
2853 30.65 25.55 90
2854 30.65 25.55 90
2855 30.65 25.55 90
2856 30.65 25.65 90
2857 30.65 25.65 90
2858 30.65 25.65 90
2859 30.65 25.65 90
2860 30.65 25.75 90
2861 30.65 25.75 90
2862 30.65 25.75 90
2863 30.65 25.75 90
2864 30.65 25.85 90
2865 30.65 25.85 90
2866 30.65 25.85 90
2867 30.65 25.85 90
2868 30.65 25.85 90
2869 30.65 25.95 90
2870 30.65 25.95 90
2871 30.65 25.95 90
2872 30.65 25.95 90
2873 30.65 25.95 90
2874 30.65 26.05 90
2875 30.65 26.05 90
2876 30.65 26.05 90
2877 30.65 26.05 90
2878 30.65 26.05 90
2879 30.65 26.15 90
2880 30.65 26.15 90
2881 30.65 26.15 90
2882 30.65 26.15 90
2883 30.65 26.15 90
2884 30.65 26.25 90
2885 30.65 26.25 90
2886 30.65 26.35 90
2887 30.65 26.35 90
2888 30.65 26.45 90
2889 30.65 26.45 90
2890 30.65 26.55 90
2891 30.65 26.55 90
2892 30.65 26.55 90
2893 30.65 26.65 90
2894 30.65 26.65 90
2895 30.65 26.65 90
2896 30.65 26.75 90
2897 30.65 26.75 90
2898 30.65 26.75 90
2899 30.65 26.85 90
2900 30.65 26.85 90
2901 30.65 26.95 90
2902 30.65 26.95 90
2903 30.65 26.95 90
2904 30.65 27.05 90
2905 30.65 27.05 90
2906 30.65 27.05 90
2907 30.65 27.15 90
2908 30.65 27.15 90
2909 30.65 27.15 90
2910 30.65 27.25 90
2911 30.65 27.25 90
2912 30.65 27.45 90
2913 30.65 27.45 90
2914 30.65 27.55 90
2915 30.65 27.55 90
2916 30.65 27.75 90
2917 30.65 27.85 90
2918 30.65 27.95 90
2919 30.65 27.95 90
2920 30.65 28.05 90
2921 30.65 28.05 90
2922 30.65 28.15 90
2923 30.65 28.15 90
2924 30.65 28.25 90
2925 30.65 28.25 90
2926 30.65 28.25 90
2927 30.65 28.35 90
2928 30.65 28.35 90
2929 30.65 28.45 90
2930 30.65 28.45 90
2931 30.65 28.55 90
2932 30.65 28.55 90
2933 30.65 28.65 90
2934 30.65 28.65 90
2935 30.65 28.75 90
2936 30.65 28.75 90
2937 30.65 28.85 90
2938 30.65 28.85 90
2939 30.85 28.95 90
2940 30.85 28.95 90
2941 31.05 29.05 90
2942 31.05 29.05 90
2943 31.05 29.15 90
2944 31.05 29.15 90
2945 31.05 29.25 90
2946 31.05 29.25 90
2947 31.05 29.35 90
2948 31.05 29.35 90
2949 31.05 29.45 90
2950 31.05 29.45 90
2951 31.15 29.55 90
2952 31.15 29.55 90
2953 31.25 29.65 90
2954 31.25 29.65 90
2955 31.15 29.85 90
2956 31.25 29.85 90
2957 31.25 29.85 90
2958 31.25 29.95 90
2959 31.25 29.95 90
2960 31.25 30.05 90
2961 31.25 30.05 90
2962 31.25 30.15 90
2963 31.25 30.15 90
2964 31.25 30.25 90
2965 31.25 30.25 90
2966 31.25 30.35 90
2967 31.25 30.35 90
2968 31.25 30.45 90
2969 31.25 30.45 90
2970 31.25 30.45 90
2971 31.25 30.65 90
2972 31.25 30.65 90
2973 31.25 30.75 90
2974 31.25 30.75 90
2975 31.25 30.85 90
2976 31.25 30.85 90
2977 31.25 30.85 90
2978 31.25 30.95 90
2979 31.25 30.95 90
2980 31.25 30.95 90
2981 31.25 31.05 90
2982 31.25 31.05 90
2983 31.25 31.15 90
2984 31.25 31.15 90
2985 31.25 31.25 90
2986 31.25 31.25 90
2987 31.25 31.35 90
2988 31.25 31.35 90
2989 31.25 31.35 90
2990 31.25 31.45 90
2991 31.25 31.45 90
2992 31.25 31.45 90
2993 31.25 31.55 90
2994 31.25 31.55 90
2995 31.25 31.65 90
2996 31.25 31.65 90
2997 31.25 31.75 90
2998 31.25 31.75 90
2999 31.25 31.75 90
3000 31.25 31.75 90
3001 31.25 31.85 90
3002 31.25 31.85 90
3003 31.25 31.85 90
3004 31.25 31.85 90
3005 31.25 31.85 90
3006 31.25 31.85 90
3007 31.25 31.95 90
3008 31.25 31.95 90
3009 31.25 31.95 90
3010 31.25 31.95 90
3011 31.25 31.95 90
3012 31.25 31.95 90
3013 31.25 32.05 90
3014 31.25 32.05 90
3015 31.25 32.05 90
3016 31.25 32.05 90
3017 31.25 32.05 90
3018 31.25 32.05 90
3019 31.25 32.15 90
3020 31.25 32.15 90
3021 31.25 32.15 90
3022 31.25 32.15 90
3023 31.25 32.15 90
3024 31.25 32.15 90
3025 31.25 32.15 90
3026 31.25 32.25 90
3027 31.25 32.25 90
3028 31.25 32.25 90
3029 31.25 32.25 90
3030 31.25 32.25 90
3031 31.25 32.25 90
3032 31.25 32.35 90
3033 31.25 32.35 90
3034 31.25 32.35 90
3035 31.25 32.35 90
3036 31.25 32.45 90
3037 31.25 32.55 90
3038 31.25 32.65 90
3039 31.25 32.65 90
3040 31.25 32.65 90
3041 31.25 32.75 90
3042 31.25 32.75 90
3043 31.25 32.75 90
3044 31.25 32.85 90
3045 31.25 32.85 90
3046 31.25 32.95 90
3047 31.25 32.95 90
3048 31.25 33.15 90
3049 31.25 33.15 90
3050 31.25 33.15 90
3051 31.25 33.25 90
3052 31.25 33.25 90
3053 31.25 33.25 90
3054 31.25 33.35 90
3055 31.25 33.35 90
3056 31.25 33.35 90
3057 31.25 33.45 90
3058 31.25 33.45 90
3059 31.25 33.45 90
3060 31.25 33.55 90
3061 31.25 33.55 90
3062 31.25 33.55 90
3063 31.25 33.65 90
3064 31.25 33.65 90
3065 31.25 33.65 90
3066 31.25 33.75 90
3067 31.25 33.75 90
3068 31.25 33.75 90
3069 31.25 33.85 90
3070 31.25 33.85 90
3071 31.25 33.85 90
3072 31.25 33.95 90
3073 31.25 33.95 90
3074 31.25 33.95 90
3075 31.25 34.05 90
3076 31.25 34.05 90
3077 31.25 34.05 90
3078 31.25 34.05 90
3079 31.25 34.15 90
3080 31.25 34.15 90
3081 31.25 34.15 90
3082 31.25 34.25 90
3083 31.25 34.25 90
3084 31.25 34.25 90
3085 31.25 34.35 90
3086 31.25 34.35 90
3087 31.25 34.35 90
3088 31.25 34.45 90
3089 31.25 34.45 90
3090 31.25 34.45 90
3091 31.25 34.55 90
3092 31.25 34.55 90
3093 31.25 34.55 90
3094 31.25 34.65 90
3095 31.25 34.65 90
3096 31.25 34.75 90
3097 31.25 34.75 90
3098 31.25 34.75 90
3099 31.25 34.85 90
3100 31.25 34.85 90
3101 31.25 34.85 90
3102 31.25 34.95 90
3103 31.25 34.95 90
3104 31.25 34.95 90
3105 31.25 35.05 90
3106 31.25 35.05 90
3107 31.25 35.05 90
3108 31.25 35.15 90
3109 31.25 35.15 90
3110 31.25 35.15 90
3111 31.25 35.25 90
3112 31.25 35.25 90
3113 31.25 35.35 90
3114 31.25 35.35 90
3115 31.25 35.45 90
3116 31.25 35.45 90
3117 31.25 35.55 90
3118 31.25 35.55 90
3119 31.25 35.55 90
3120 31.25 35.65 90
3121 31.25 35.65 90
3122 31.25 35.65 90
3123 31.25 35.75 90
3124 31.25 35.75 90
3125 31.25 35.75 90
3126 31.25 35.75 90
3127 31.25 35.85 90
3128 31.25 35.85 90
3129 31.25 35.85 90
3130 31.25 35.95 90
3131 31.25 35.95 90
3132 31.25 35.95 90
3133 31.25 35.95 90
3134 31.25 36.05 90
3135 31.25 36.05 90
3136 31.25 36.05 90
3137 31.25 36.05 90
3138 31.25 36.15 90
3139 31.25 36.15 90
3140 31.25 36.15 90
3141 31.25 36.25 90
3142 31.25 36.25 90
3143 31.25 36.35 90
3144 31.25 36.35 90
3145 31.25 36.35 90
3146 31.25 36.35 90
3147 31.25 36.45 90
3148 31.25 36.45 90
3149 31.25 36.45 90
3150 31.25 36.55 90
3151 31.25 36.55 90
3152 31.25 36.65 90
3153 31.25 36.65 90
3154 31.25 36.65 90
3155 31.25 36.65 90
3156 31.25 36.75 90
3157 31.25 36.75 90
3158 31.25 36.75 90
3159 31.25 36.85 90
3160 31.25 36.85 90
3161 31.25 36.85 90
3162 31.25 36.95 90
3163 31.25 36.95 90
3164 31.25 36.95 90
3165 31.25 37.05 90
3166 31.25 37.05 90
3167 31.25 37.05 90
3168 31.25 37.15 90
3169 31.25 37.15 90
3170 31.25 37.15 90
3171 31.25 37.25 90
3172 31.25 37.25 90
3173 31.25 37.25 90
3174 31.25 37.25 90
3175 31.25 37.35 90
3176 31.25 37.35 90
3177 31.25 37.35 90
3178 31.25 37.45 90
3179 31.25 37.45 90
3180 31.25 37.45 90
3181 31.25 37.55 90
3182 31.25 37.55 90
3183 31.25 37.55 90
3184 31.25 37.65 90
3185 31.25 37.65 90
3186 31.25 37.65 90
3187 31.25 37.75 90
3188 31.25 37.75 90
3189 31.25 37.75 90
3190 31.25 37.85 90
3191 31.25 37.85 90
3192 31.25 37.85 90
3193 31.25 37.95 90
3194 31.25 37.95 90
3195 31.25 37.95 90
3196 31.25 38.05 90
3197 31.25 38.05 90
3198 31.25 38.15 90
3199 31.25 38.15 90
3200 31.25 38.15 90
3201 31.25 38.25 90
3202 31.25 38.25 90
3203 31.15 38.45 90
3204 31.15 38.45 90
3205 31.15 38.55 90
3206 31.15 38.55 90
3207 31.15 38.65 90
3208 31.05 38.75 90
3209 31.05 38.75 90
3210 31.05 38.75 90
3211 30.95 38.85 90
3212 30.95 38.85 90
3213 30.95 38.85 90
3214 30.85 38.95 90
3215 30.85 38.95 90
3216 30.85 39.15 90
3217 30.85 39.15 90
3218 30.85 39.25 90
3219 30.75 39.35 90
3220 30.75 39.35 90
3221 30.75 39.35 90
3222 30.75 39.45 90
3223 30.75 39.45 90
3224 30.75 39.45 90
3225 30.75 39.55 90
3226 30.75 39.55 90
3227 30.75 39.65 90
3228 30.75 39.65 90
3229 30.75 39.65 90
3230 30.75 39.75 90
3231 30.75 39.75 90
3232 30.75 39.85 90
3233 30.75 39.85 90
3234 30.75 39.95 90
3235 30.75 39.95 90
3236 30.75 40.05 90
3237 30.75 40.05 90
3238 30.75 40.15 90
3239 30.75 40.15 90
3240 30.75 40.25 90
3241 30.75 40.25 90
3242 30.75 40.35 90
3243 30.75 40.35 90
3244 30.75 40.55 90
3245 30.75 40.55 90
3246 30.75 40.65 90
3247 30.75 40.65 90
3248 30.75 40.75 90
3249 30.75 40.75 90
3250 30.75 40.85 90
3251 30.75 40.85 90
3252 30.75 40.95 90
3253 30.75 40.95 90
3254 30.75 41.05 90
3255 30.75 41.05 90
3256 30.75 41.15 90
3257 30.75 41.15 90
3258 30.75 41.25 90
3259 30.75 41.25 90
3260 30.75 41.35 90
3261 30.75 41.35 90
3262 30.75 41.45 90
3263 30.75 41.45 90
3264 30.75 41.55 90
3265 30.75 41.55 90
3266 30.75 41.65 90
3267 30.75 41.65 90
3268 30.75 41.75 90
3269 30.75 41.75 90
3270 30.75 41.85 90
3271 30.75 41.85 90
3272 30.75 41.85 90
3273 30.75 41.85 90
3274 30.75 41.85 90
3275 30.75 41.85 90
3276 30.75 41.85 90
3277 30.75 41.85 90
3278 30.75 41.85 90
3279 30.75 41.95 90
3280 30.75 41.95 90
3281 30.75 41.95 90
3282 30.75 42.05 90
3283 30.75 42.05 90
3284 30.75 42.05 90
3285 30.75 42.05 90
3286 30.75 42.15 90
3287 30.75 42.15 90
3288 30.75 42.15 90
3289 30.75 42.15 90
3290 30.75 42.15 90
3291 30.75 42.15 90
3292 30.75 42.15 90
3293 30.75 42.15 90
3294 30.75 42.15 90
3295 30.75 42.15 90
3296 30.75 42.15 90
3297 30.75 42.15 90
3298 30.75 42.15 90
3299 30.75 42.15 90
3300 30.75 42.15 90
3301 30.75 42.15 90
3302 30.75 42.15 90
3303 30.75 42.15 90
3304 30.75 42.15 90
3305 30.75 42.15 90
3306 30.75 42.25 90
3307 30.75 42.25 90
3308 30.75 42.25 90
3309 30.75 42.25 90
3310 30.75 42.25 90
3311 30.75 42.25 90
3312 30.75 42.25 90
3313 30.75 42.25 90
3314 30.75 42.25 90
3315 30.75 42.25 90
3316 30.75 42.25 90
3317 30.75 42.25 90
3318 30.75 42.25 90
3319 30.75 42.25 90
3320 30.75 42.25 90
3321 30.75 42.25 90
3322 30.75 42.25 90
3323 30.75 42.25 90
3324 30.75 42.25 90
3325 30.75 42.25 90
3326 30.75 42.25 90
3327 30.75 42.25 90
3328 30.75 42.25 90
3329 30.75 42.25 90
3330 30.75 42.25 90
3331 30.75 42.25 90
3332 30.75 42.25 90
3333 30.75 42.25 90
3334 30.75 42.25 90
3335 30.75 42.25 90
3336 30.75 42.25 90
3337 30.85 42.15 90
3338 30.85 42.15 90
3339 30.85 42.15 90
3340 30.85 42.15 90
3341 30.85 42.15 90
3342 30.85 42.15 90
3343 30.85 42.15 90
3344 30.85 42.15 90
3345 30.85 42.15 90
3346 30.85 42.15 90
3347 30.85 42.15 90
3348 30.85 42.15 90
3349 30.85 42.15 90
3350 30.85 42.15 90
3351 30.85 42.15 90
3352 30.85 42.15 90
3353 30.85 42.15 90
3354 30.85 42.25 90
3355 30.85 42.25 90
3356 30.85 42.25 90
3357 30.85 42.25 90
3358 30.85 42.25 90
3359 30.85 42.25 90
3360 30.85 42.25 90
3361 30.85 42.25 90
3362 30.85 42.25 90
3363 30.85 42.25 90
3364 30.85 42.25 90
3365 30.85 42.25 90
3366 30.85 42.25 90
3367 30.85 42.25 90
3368 30.85 42.25 90
3369 30.85 42.25 90
3370 30.85 42.25 90
3371 30.85 42.25 90
3372 30.85 42.25 90
3373 30.85 42.25 90
3374 30.85 42.25 90
3375 30.85 42.25 90
3376 30.85 42.25 90
3377 30.85 42.25 90
3378 30.85 42.25 90
3379 30.85 42.25 90
3380 30.85 42.25 90
3381 30.85 42.25 90
3382 30.85 42.25 90
3383 30.85 42.45 90
3384 30.85 42.45 90
3385 30.85 42.45 90
3386 30.85 42.45 90
3387 30.85 42.55 90
3388 30.85 42.55 90
3389 30.85 42.55 90
3390 30.85 42.55 90
3391 30.85 42.55 90
3392 30.85 42.55 90
3393 30.85 42.55 90
3394 30.85 42.55 90
3395 30.85 42.55 90
3396 30.85 42.55 90
3397 30.85 42.55 90
3398 30.85 42.55 90
3399 30.85 42.55 90
3400 30.85 42.55 45
3401 30.85 42.55 45
3402 30.85 42.55 45
3403 30.85 42.55 45
3404 30.85 42.55 45
3405 30.85 42.55 45
3406 30.85 42.55 45
3407 30.85 42.55 45
3408 30.85 42.55 45
3409 30.85 42.55 45
3410 30.85 42.55 45
3411 30.85 42.55 45
3412 30.85 42.55 45
3413 30.85 42.55 0
3414 30.85 42.55 0
3415 30.85 42.55 0
3416 30.85 42.55 0
3417 30.85 42.55 0
3418 30.85 42.55 0
3419 30.85 42.55 0
3420 30.85 42.55 0
3421 30.85 42.55 0
3422 30.85 42.55 0
3423 30.85 42.55 315
3424 30.85 42.55 315
3425 30.85 42.55 315
3426 30.85 42.55 315
3427 30.85 42.55 315
3428 30.85 42.55 315
3429 30.85 42.55 315
3430 30.85 42.55 315
3431 30.85 42.55 315
3432 30.85 42.55 315
3433 30.85 42.55 270
3434 30.85 42.55 270
3435 30.85 42.55 270
3436 30.85 42.55 270
3437 30.85 42.55 270
3438 30.85 42.55 270
3439 30.85 42.55 270
3440 30.85 42.55 270
3441 30.85 42.55 270
3442 30.75 42.45 270
3443 30.75 42.45 270
3444 30.75 42.45 270
3445 30.75 42.45 225
3446 30.75 42.45 225
3447 30.75 42.45 225
3448 30.75 42.45 225
3449 30.75 42.45 225
3450 30.75 42.45 225
3451 30.75 42.45 225
3452 30.75 42.45 225
3453 30.75 42.45 225
3454 30.75 42.45 225
3455 30.75 42.45 225
3456 30.75 42.45 270
3457 30.75 42.45 270
3458 30.75 42.45 270
3459 30.75 42.45 270
3460 30.75 42.45 270
3461 30.75 42.45 270
3462 30.75 42.45 270
3463 30.75 42.45 270
3464 30.75 42.45 270
3465 30.75 42.45 270
3466 30.75 42.45 270
3467 30.75 42.45 270
3468 30.75 42.45 270
3469 30.75 42.45 270
3470 30.75 42.45 270
3471 30.75 42.45 270
3472 30.75 42.45 270
3473 30.75 42.45 270
3474 30.75 42.45 270
3475 30.75 42.45 270
3476 30.75 42.35 270
3477 30.75 42.35 270
3478 30.75 42.35 270
3479 30.75 42.25 270
3480 30.75 42.25 270
3481 30.75 42.15 270
3482 30.75 42.15 270
3483 30.75 42.05 270
3484 30.75 42.05 270
3485 30.75 41.95 270
3486 30.75 41.95 270
3487 30.75 41.85 270
3488 30.75 41.85 270
3489 30.75 41.75 270
3490 30.75 41.75 270
3491 30.75 41.65 270
3492 30.75 41.65 270
3493 30.75 41.55 270
3494 30.75 41.55 270
3495 30.75 41.45 270
3496 30.75 41.45 270
3497 30.75 41.35 270
3498 30.75 41.35 270
3499 30.75 41.25 270
3500 30.75 41.25 270
3501 30.75 41.15 270
3502 30.75 41.15 270
3503 30.75 41.05 270
3504 30.75 41.05 270
3505 30.75 40.95 270
3506 30.75 40.75 270
3507 30.75 40.75 270
3508 30.75 40.75 270
3509 30.75 40.75 270
3510 30.75 40.75 270
3511 30.75 40.65 270
3512 30.75 40.65 270
3513 30.75 40.55 270
3514 30.75 40.55 270
3515 30.75 40.45 270
3516 30.75 40.45 270
3517 30.75 40.35 270
3518 30.75 40.35 270
3519 30.75 40.25 270
3520 30.75 40.25 270
3521 30.75 40.15 270
3522 30.75 40.15 270
3523 30.75 40.05 270
3524 30.75 40.05 270
3525 30.75 39.95 270
3526 30.75 39.75 270
3527 30.75 39.55 270
3528 30.75 39.45 270
3529 30.75 39.45 270
3530 30.75 39.45 270
3531 30.75 39.45 270
3532 30.75 39.35 270
3533 30.75 39.35 270
3534 30.75 39.25 270
3535 30.75 39.25 270
3536 30.75 39.15 270
3537 30.75 39.15 270
3538 30.75 39.05 270
3539 30.75 39.05 270
3540 30.75 38.95 270
3541 30.75 38.95 270
3542 30.75 38.85 270
3543 30.75 38.85 270
3544 30.75 38.75 270
3545 30.75 38.75 270
3546 30.75 38.65 270
3547 30.75 38.65 270
3548 30.75 38.55 270
3549 30.75 38.55 270
3550 30.75 38.55 270
3551 30.75 38.45 270
3552 30.75 38.45 270
3553 30.75 38.35 270
3554 30.75 38.35 270
3555 30.75 38.25 270
3556 30.75 38.25 270
3557 30.75 38.15 270
3558 30.75 38.15 270
3559 30.75 38.05 270
3560 30.75 38.05 270
3561 30.75 37.95 270
3562 30.75 37.95 270
3563 30.75 37.85 270
3564 30.75 37.85 270
3565 30.75 37.75 270
3566 30.75 37.75 270
3567 30.75 37.75 270
3568 30.75 37.65 270
3569 30.75 37.65 270
3570 30.75 37.55 270
3571 30.75 37.55 270
3572 30.75 37.55 270
3573 30.75 37.45 270
3574 30.75 37.45 270
3575 30.75 37.35 270
3576 30.75 37.35 270
3577 30.75 37.25 270
3578 30.75 37.25 270
3579 30.75 37.15 270
3580 30.75 37.15 270
3581 30.75 37.05 270
3582 30.75 37.05 270
3583 30.75 36.95 270
3584 30.75 36.95 270
3585 30.75 36.85 270
3586 30.75 36.85 270
3587 30.75 36.75 270
3588 30.75 36.75 270
3589 30.75 36.75 270
3590 30.75 36.65 270
3591 30.75 36.65 270
3592 30.75 36.65 270
3593 30.75 36.55 270
3594 30.75 36.55 270
3595 30.75 36.55 270
3596 30.75 36.45 270
3597 30.75 36.35 270
3598 30.75 36.35 270
3599 30.75 36.25 270
3600 30.75 36.25 270
3601 30.75 36.15 270
3602 30.75 36.15 270
3603 30.75 36.05 270
3604 30.75 36.05 270
3605 30.75 35.95 270
3606 30.75 35.95 270
3607 30.75 35.85 270
3608 30.75 35.85 270
3609 30.75 35.75 270
3610 30.75 35.75 270
3611 30.75 35.65 270
3612 30.75 35.65 270
3613 30.75 35.65 270
3614 30.75 35.55 270
3615 30.75 35.55 270
3616 30.75 35.45 270
3617 30.75 35.45 270
3618 30.75 35.35 270
3619 30.75 35.35 270
3620 30.75 35.25 270
3621 30.75 35.25 270
3622 30.75 35.15 270
3623 30.75 35.15 270
3624 30.75 35.05 270
3625 30.75 35.05 270
3626 30.75 34.95 270
3627 30.75 34.95 270
3628 30.75 34.85 270
3629 30.75 34.85 270
3630 30.75 34.75 270
3631 30.75 34.75 270
3632 30.75 34.65 270
3633 30.75 34.65 270
3634 30.75 34.55 270
3635 30.75 34.55 270
3636 30.75 34.45 270
3637 30.75 34.45 270
3638 30.75 34.45 270
3639 30.75 34.35 270
3640 30.75 34.35 270
3641 30.75 34.25 270
3642 30.75 34.25 270
3643 30.75 34.25 270
3644 30.75 34.25 270
3645 30.75 34.15 270
3646 30.75 34.15 270
3647 30.75 34.15 270
3648 30.75 34.15 270
3649 30.75 34.05 270
3650 30.75 34.05 270
3651 30.75 34.05 270
3652 30.75 33.95 270
3653 30.75 33.95 270
3654 30.75 33.95 270
3655 30.75 33.85 270
3656 30.75 33.85 270
3657 30.75 33.85 270
3658 30.75 33.85 270
3659 30.75 33.75 270
3660 30.75 33.75 270
3661 30.75 33.75 270
3662 30.75 33.75 270
3663 30.75 33.65 270
3664 30.75 33.65 270
3665 30.75 33.65 270
3666 30.75 33.55 270
3667 30.75 33.55 270
3668 30.75 33.55 270
3669 30.75 33.45 270
3670 30.75 33.45 270
3671 30.75 33.35 270
3672 30.75 33.35 270
3673 30.75 33.35 270
3674 30.75 33.25 270
3675 30.75 33.25 270
3676 30.75 33.25 270
3677 30.75 33.25 270
3678 30.75 33.15 270
3679 30.75 33.15 270
3680 30.75 33.15 270
3681 30.75 33.05 270
3682 30.75 33.05 270
3683 30.75 33.05 270
3684 30.75 32.95 270
3685 30.75 32.95 270
3686 30.75 32.95 270
3687 30.75 32.85 270
3688 30.75 32.85 270
3689 30.75 32.85 270
3690 30.75 32.75 270
3691 30.75 32.75 270
3692 30.75 32.75 270
3693 30.75 32.65 270
3694 30.75 32.65 270
3695 30.75 32.55 270
3696 30.75 32.55 270
3697 30.75 32.55 270
3698 30.75 32.45 270
3699 30.75 32.45 270
3700 30.75 32.35 270
3701 30.75 32.35 270
3702 30.75 32.25 270
3703 30.75 32.25 270
3704 30.75 32.25 270
3705 30.75 32.25 270
3706 30.75 32.15 270
3707 30.75 32.15 270
3708 30.75 32.15 270
3709 30.75 32.15 270
3710 30.75 32.15 270
3711 30.75 32.05 270
3712 30.75 32.05 270
3713 30.75 32.05 270
3714 30.75 32.05 270
3715 30.75 32.05 270
3716 30.75 31.95 270
3717 30.75 31.95 270
3718 30.75 31.95 270
3719 30.75 31.95 270
3720 30.75 31.95 270
3721 30.75 31.85 270
3722 30.75 31.85 270
3723 30.75 31.85 270
3724 30.75 31.85 270
3725 30.75 31.75 270
3726 30.75 31.75 270
3727 30.75 31.75 270
3728 30.75 31.75 270
3729 30.75 31.65 270
3730 30.75 31.65 270
3731 30.75 31.65 270
3732 30.75 31.65 270
3733 30.75 31.55 270
3734 30.75 31.55 270
3735 30.75 31.55 270
3736 30.75 31.55 270
3737 30.75 31.55 270
3738 30.75 31.45 270
3739 30.75 31.45 270
3740 30.75 31.45 270
3741 30.75 31.45 270
3742 30.75 31.35 270
3743 30.75 31.35 270
3744 30.75 31.35 270
3745 30.75 31.35 270
3746 30.75 31.35 270
3747 30.85 31.25 270
3748 30.85 31.25 270
3749 30.85 31.25 270
3750 30.85 31.25 270
3751 30.85 31.15 270
3752 30.85 31.15 270
3753 30.85 31.05 270
3754 30.85 31.05 270
3755 30.85 31.05 270
3756 30.85 31.05 270
3757 30.85 31.05 270
3758 30.85 31.05 270
3759 30.95 31.05 270
3760 30.95 31.05 270
3761 30.95 31.05 270
3762 30.95 31.05 270
3763 30.95 30.95 270
3764 30.95 30.95 270
3765 30.95 30.95 270
3766 30.95 30.85 270
3767 30.95 30.85 270
3768 30.95 30.85 270
3769 30.95 30.75 270
3770 30.95 30.75 270
3771 30.95 30.75 270
3772 30.95 30.75 270
3773 30.95 30.65 270
3774 30.95 30.65 270
3775 30.95 30.65 270
3776 30.95 30.65 270
3777 30.95 30.65 270
3778 31.05 30.55 270
3779 31.05 30.55 270
3780 31.05 30.55 270
3781 31.05 30.45 270
3782 31.05 30.45 270
3783 31.05 30.45 270
3784 31.05 30.45 270
3785 31.05 30.45 270
3786 31.15 30.35 270
3787 31.15 30.35 270
3788 31.15 30.35 270
3789 31.15 30.35 270
3790 31.15 30.25 270
3791 31.15 30.25 270
3792 31.15 30.25 270
3793 31.15 30.15 270
3794 31.15 30.15 270
3795 31.15 30.15 270
3796 31.15 30.05 270
3797 31.15 30.05 270
3798 31.15 29.95 270
3799 31.15 29.95 270
3800 31.15 29.95 270
3801 31.15 29.85 270
3802 31.15 29.85 270
3803 31.15 29.85 270
3804 31.15 29.75 270
3805 31.15 29.75 270
3806 31.15 29.75 270
3807 31.15 29.75 270
3808 31.15 29.75 270
3809 31.15 29.65 270
3810 31.15 29.65 270
3811 31.15 29.65 270
3812 31.15 29.65 270
3813 31.15 29.65 270
3814 31.15 29.55 270
3815 31.15 29.55 270
3816 31.15 29.55 270
3817 31.15 29.55 270
3818 31.15 29.55 270
3819 31.15 29.55 270
3820 31.15 29.45 270
3821 31.15 29.45 270
3822 31.15 29.45 270
3823 31.15 29.45 270
3824 31.15 29.45 270
3825 31.15 29.45 270
3826 31.15 29.35 270
3827 31.15 29.35 270
3828 31.15 29.35 270
3829 31.15 29.35 270
3830 31.15 29.35 270
3831 31.15 29.35 270
3832 31.15 29.25 270
3833 31.15 29.25 270
3834 31.15 29.25 270
3835 31.15 29.25 270
3836 31.15 29.25 270
3837 31.15 29.25 270
3838 31.15 29.15 270
3839 31.15 29.15 270
3840 31.15 29.15 270
3841 31.15 29.15 270
3842 31.15 29.15 270
3843 31.15 29.05 270
3844 31.15 29.05 270
3845 31.15 29.05 270
3846 31.15 29.05 270
3847 31.15 28.95 270
3848 31.15 28.95 270
3849 31.15 28.95 270
3850 31.15 28.95 270
3851 31.15 28.85 270
3852 31.15 28.85 270
3853 31.15 28.85 270
3854 31.15 28.85 270
3855 31.15 28.75 270
3856 31.15 28.75 270
3857 31.15 28.65 270
3858 31.15 28.55 270
3859 31.15 28.55 270
3860 31.15 28.55 270
3861 31.15 28.35 270
3862 31.15 28.35 270
3863 31.15 28.25 270
3864 31.15 28.25 270
3865 31.15 28.15 270
3866 31.15 28.15 270
3867 31.15 28.15 270
3868 31.15 28.15 270
3869 31.15 28.05 270
3870 31.15 28.05 270
3871 31.15 28.05 270
3872 31.15 28.05 270
3873 31.15 28.05 270
3874 31.15 27.95 270
3875 31.15 27.95 270
3876 31.15 27.95 270
3877 31.15 27.95 270
3878 31.15 27.95 270
3879 31.15 27.85 270
3880 31.15 27.85 270
3881 31.15 27.85 270
3882 31.15 27.85 270
3883 31.15 27.85 270
3884 31.15 27.85 270
3885 31.15 27.75 270
3886 31.15 27.75 270
3887 31.15 27.75 270
3888 31.15 27.65 270
3889 31.15 27.65 270
3890 31.15 27.65 270
3891 31.15 27.65 270
3892 31.15 27.55 270
3893 31.15 27.55 270
3894 31.15 27.35 270
3895 31.15 27.35 270
3896 31.15 27.35 270
3897 31.15 27.25 270
3898 31.15 27.25 270
3899 31.15 27.15 270
3900 31.15 27.15 270
3901 31.15 27.05 270
3902 31.15 27.05 270
3903 31.15 27.05 270
3904 31.15 26.95 270
3905 31.15 26.95 270
3906 31.15 26.85 270
3907 31.15 26.85 270
3908 31.15 26.85 270
3909 31.15 26.75 270
3910 31.15 26.75 270
3911 31.15 26.75 270
3912 31.15 26.65 270
3913 31.15 26.65 270
3914 31.15 26.65 270
3915 31.15 26.55 270
3916 31.15 26.55 270
3917 31.15 26.55 270
3918 31.15 26.45 270
3919 31.15 26.45 270
3920 31.15 26.35 270
3921 31.15 26.35 270
3922 31.15 26.35 270
3923 31.15 26.25 270
3924 31.15 26.25 270
3925 31.15 26.25 270
3926 31.15 26.15 270
3927 31.15 26.15 270
3928 31.15 26.05 270
3929 31.15 26.05 270
3930 31.15 26.05 270
3931 31.15 25.95 270
3932 31.15 25.95 270
3933 31.15 25.85 270
3934 31.15 25.85 270
3935 31.15 25.65 270
3936 31.15 25.55 270
3937 31.15 25.55 270
3938 31.15 25.45 270
3939 31.15 25.45 270
3940 31.15 25.35 270
3941 31.15 25.35 270
3942 31.15 25.25 270
3943 31.15 25.25 270
3944 31.15 25.25 270
3945 31.15 25.15 270
3946 31.15 25.15 270
3947 31.15 24.95 270
3948 31.15 24.95 270
3949 31.15 24.95 270
3950 31.15 24.95 270
3951 31.15 24.95 270
3952 31.15 24.95 270
3953 31.15 24.95 270
3954 31.15 24.95 270
3955 31.15 24.85 270
3956 31.15 24.85 270
3957 31.15 24.75 270
3958 31.15 24.75 270
3959 31.15 24.75 270
3960 31.15 24.75 270
3961 31.15 24.65 270
3962 31.15 24.65 270
3963 31.15 24.55 270
3964 31.15 24.55 270
3965 31.15 24.45 270
3966 31.15 24.45 270
3967 31.15 24.35 270
3968 31.15 24.35 270
3969 31.15 24.25 270
3970 31.15 24.25 270
3971 31.15 24.15 270
3972 31.15 24.15 270
3973 31.15 24.05 270
3974 31.15 24.05 270
3975 31.15 23.95 270
3976 31.15 23.95 270
3977 31.15 23.85 270
3978 31.15 23.85 270
3979 31.15 23.75 270
3980 31.15 23.75 270
3981 31.15 23.65 270
3982 31.15 23.65 270
3983 31.15 23.55 270
3984 31.15 23.55 270
3985 31.15 23.45 270
3986 31.15 23.45 270
3987 31.15 23.35 270
3988 31.15 23.35 270
3989 31.15 23.25 270
3990 31.15 23.25 270
3991 31.15 23.15 270
3992 31.15 23.15 270
3993 31.15 23.15 270
3994 31.15 23.05 270
3995 31.15 23.05 270
3996 31.15 23.05 270
3997 31.15 23.05 270
3998 31.15 22.95 270
3999 31.15 22.95 270
4000 31.15 22.95 270
4001 31.15 22.95 270
4002 31.15 22.85 270
4003 31.15 22.85 270
4004 31.15 22.85 270
4005 31.15 22.75 270
4006 31.15 22.75 270
4007 31.15 22.75 270
4008 31.15 22.65 270
4009 31.15 22.65 270
4010 31.15 22.65 270
4011 31.15 22.55 270
4012 31.15 22.55 270
4013 31.15 22.55 225
4014 31.15 22.55 225
4015 31.15 22.55 225
4016 31.15 22.55 225
4017 31.15 22.55 225
4018 31.15 22.55 225
4019 31.15 22.55 225
4020 31.15 22.55 225
4021 31.15 22.55 225
4022 31.15 22.45 225
4023 31.15 22.45 225
4024 31.15 22.45 225
4025 31.15 22.45 225
4026 31.05 22.35 225
4027 31.05 22.35 225
4028 30.95 22.25 225
4029 30.95 22.25 225
4030 30.95 22.25 225
4031 30.95 22.15 225
4032 31.05 22.15 225
4033 31.05 22.15 225
4034 31.05 22.15 225
4035 31.05 22.15 225
4036 31.05 22.15 225
4037 31.05 22.15 225
4038 31.05 22.15 225
4039 31.05 22.15 225
4040 31.05 22.15 225
4041 31.05 22.15 225
4042 31.05 22.15 225
4043 31.05 22.15 225
4044 31.05 22.15 225
4045 31.05 22.15 225
4046 31.05 22.15 225
4047 31.05 22.15 225
4048 31.05 22.15 225
4049 31.05 22.15 225
4050 31.05 22.15 225
4051 31.05 22.15 225
4052 31.05 22.15 225
4053 31.05 22.15 225
4054 31.05 22.15 225
4055 31.05 22.15 225
4056 31.05 22.15 225
4057 31.05 22.15 225
4058 31.05 22.15 225
4059 31.05 22.15 225
4060 31.05 22.15 225
4061 31.05 22.15 225
4062 31.05 22.15 225
4063 31.05 22.15 225
4064 31.05 22.15 225
4065 31.05 22.15 225
4066 31.05 22.15 225
4067 31.05 22.15 225
4068 31.05 22.15 225
4069 31.05 22.15 225
4070 31.05 22.15 225
4071 31.05 22.15 225
4072 31.05 22.15 225
4073 31.05 22.15 225
4074 31.05 22.15 225
4075 31.05 22.15 225
4076 31.05 22.15 225
4077 31.05 22.15 225
4078 31.05 22.15 225
4079 31.05 22.15 225
4080 31.05 22.15 225
4081 31.05 22.15 225
4082 31.05 22.15 225
4083 31.05 22.15 225
4084 31.05 22.15 270
4085 31.05 22.15 270
4086 31.05 22.15 270
4087 31.05 22.15 270
4088 31.05 22.15 270
4089 31.05 22.15 270
4090 31.05 22.15 270
4091 31.15 22.05 270
4092 31.15 21.95 270
4093 31.05 21.85 270
4094 31.05 21.85 270
4095 31.05 21.85 270
4096 31.05 21.75 270
4097 31.05 21.75 270
4098 31.05 21.65 270
4099 31.05 21.65 270
4100 31.05 21.65 270
4101 31.05 21.55 270
4102 31.05 21.55 270
4103 31.05 21.55 270
4104 31.05 21.45 270
4105 31.05 21.35 270
4106 31.05 21.35 270
4107 31.05 21.25 270
4108 31.05 21.25 270
4109 31.05 21.15 270
4110 31.05 21.15 270
4111 31.05 21.05 270
4112 31.05 21.05 270
4113 31.05 20.95 270
4114 31.05 20.95 270
4115 31.05 20.85 270
4116 31.05 20.85 270
4117 31.05 20.85 270
4118 31.05 20.75 270
4119 31.05 20.75 270
4120 31.05 20.75 270
4121 31.05 20.65 270
4122 31.05 20.65 270
4123 31.05 20.65 270
4124 31.05 20.55 270
4125 31.05 20.55 270
4126 31.05 20.55 270
4127 31.05 20.45 270
4128 31.05 20.45 270
4129 31.05 20.45 270
4130 31.05 20.45 270
4131 31.05 20.45 270
4132 31.05 20.45 270
4133 31.05 20.45 270
4134 31.05 20.35 270
4135 31.05 20.35 270
4136 31.05 20.25 270
4137 31.05 20.25 270
4138 31.05 20.15 270
4139 31.05 20.15 270
4140 31.05 20.05 270
4141 31.05 20.05 270
4142 31.05 19.95 270
4143 31.05 19.95 270
4144 31.05 19.85 270
4145 31.05 19.85 270
4146 31.05 19.75 270
4147 31.05 19.75 270
4148 31.05 19.65 270
4149 31.05 19.65 270
4150 31.05 19.55 270
4151 31.05 19.55 315
4152 31.05 19.55 315
4153 31.15 19.45 315
4154 31.15 19.45 315
4155 31.15 19.45 270
4156 31.15 19.35 270
4157 31.15 19.35 270
4158 31.15 19.25 270
4159 31.15 19.25 270
4160 31.15 19.15 270
4161 31.15 19.15 270
4162 31.15 19.05 270
4163 31.15 19.05 270
4164 31.15 18.95 270
4165 31.15 18.95 270
4166 31.15 18.85 270
4167 31.15 18.85 270
4168 31.15 18.75 270
4169 31.15 18.75 270
4170 31.15 18.65 270
4171 31.15 18.65 270
4172 31.15 18.55 270
4173 31.15 18.55 270
4174 31.15 18.45 270
4175 31.15 18.45 270
4176 31.15 18.35 270
4177 31.15 18.35 270
4178 31.15 18.35 270
4179 31.15 18.25 270
4180 31.15 18.25 270
4181 31.15 18.15 270
4182 31.15 18.15 270
4183 31.15 18.15 270
4184 31.15 18.05 270
4185 31.15 18.05 270
4186 31.15 17.95 270
4187 31.15 17.95 270
4188 31.15 17.85 270
4189 31.15 17.85 270
4190 31.15 17.85 270
4191 31.15 17.75 270
4192 31.15 17.75 270
4193 31.15 17.65 270
4194 31.15 17.65 270
4195 31.15 17.55 270
4196 31.15 17.55 270
4197 31.15 17.55 270
4198 31.15 17.45 270
4199 31.15 17.45 270
4200 31.15 17.45 270
4201 31.15 17.35 270
4202 31.15 17.35 270
4203 31.15 17.35 270
4204 31.15 17.25 270
4205 31.15 17.25 270
4206 31.15 17.15 270
4207 31.15 17.15 270
4208 31.15 17.05 270
4209 31.15 17.05 270
4210 31.15 17.05 270
4211 31.15 16.95 270
4212 31.15 16.95 270
4213 31.15 16.85 270
4214 31.15 16.85 270
4215 31.15 16.75 270
4216 31.15 16.75 270
4217 31.15 16.65 270
4218 31.15 16.65 270
4219 31.15 16.65 270
4220 31.15 16.55 270
4221 31.15 16.55 270
4222 31.15 16.55 270
4223 31.15 16.45 270
4224 31.15 16.45 270
4225 31.15 16.35 270
4226 31.15 16.35 270
4227 31.15 16.25 270
4228 31.15 16.25 270
4229 31.15 16.15 270
4230 31.15 16.15 270
4231 31.15 16.15 270
4232 31.15 16.05 270
4233 31.15 16.05 270
4234 31.15 15.95 270
4235 31.15 15.95 270
4236 31.15 15.95 270
4237 31.15 15.85 270
4238 31.15 15.85 270
4239 31.15 15.85 270
4240 31.15 15.75 270
4241 31.15 15.75 270
4242 31.15 15.75 270
4243 31.15 15.65 270
4244 31.15 15.65 270
4245 31.15 15.65 270
4246 31.15 15.55 270
4247 31.15 15.55 270
4248 31.15 15.55 270
4249 31.15 15.45 270
4250 31.15 15.45 270
4251 31.15 15.45 270
4252 31.15 15.45 270
4253 31.15 15.45 270
4254 31.15 15.45 270
4255 31.15 15.45 270
4256 31.15 15.35 270
4257 31.15 15.35 270
4258 31.15 15.35 270
4259 31.15 15.25 270
4260 31.15 15.25 270
4261 31.15 15.25 270
4262 31.15 15.15 270
4263 31.15 15.15 270
4264 31.15 15.05 270
4265 31.15 15.05 270
4266 31.15 15.05 270
4267 31.15 14.95 270
4268 31.15 14.95 270
4269 31.15 14.85 270
4270 31.15 14.85 270
4271 31.15 14.75 270
4272 31.15 14.75 270
4273 31.15 14.65 270
4274 31.15 14.65 270
4275 31.15 14.65 270
4276 31.15 14.55 270
4277 31.15 14.55 270
4278 31.15 14.45 270
4279 31.15 14.45 270
4280 31.15 14.45 270
4281 31.15 14.35 270
4282 31.15 14.35 270
4283 31.15 14.35 270
4284 31.15 14.25 270
4285 31.15 14.25 270
4286 31.15 14.25 270
4287 31.15 14.15 270
4288 31.15 14.15 270
4289 31.15 14.15 270
4290 31.15 14.05 270
4291 31.15 14.05 270
4292 31.15 14.05 270
4293 31.15 13.95 270
4294 31.15 13.95 270
4295 31.15 13.95 270
4296 31.15 13.85 270
4297 31.15 13.85 270
4298 31.15 13.85 270
4299 31.15 13.75 270
4300 31.15 13.75 270
4301 31.15 13.75 270
4302 31.15 13.65 270
4303 31.15 13.65 270
4304 31.15 13.65 270
4305 31.15 13.55 270
4306 31.15 13.55 270
4307 31.15 13.45 270
4308 31.15 13.45 270
4309 31.15 13.35 270
4310 31.15 13.35 270
4311 31.15 13.35 270
4312 31.15 13.25 270
4313 31.15 12.95 270
4314 31.15 12.95 270
4315 31.15 12.85 270
4316 31.15 12.85 270
4317 31.15 12.75 270
4318 31.15 12.75 270
4319 31.15 12.75 270
4320 31.15 12.65 270
4321 31.15 12.45 270
4322 31.15 12.45 270
4323 31.15 12.25 270
4324 31.15 12.15 270
4325 31.15 12.15 270
4326 31.15 12.05 270
4327 31.15 11.95 270
4328 31.15 11.85 270
4329 31.15 11.85 270
4330 31.15 11.75 270
4331 31.15 11.75 270
4332 31.15 11.65 270
4333 31.15 11.65 270
4334 31.15 11.45 270
4335 31.15 11.35 270
4336 31.15 11.25 270
4337 31.15 11.15 270
4338 31.15 10.95 270
4339 31.15 10.85 270
4340 31.15 10.75 270
4341 31.15 10.55 270
4342 31.15 10.55 270
4343 31.15 10.45 270
4344 31.15 10.35 270
4345 31.15 10.35 270
4346 31.15 10.25 270
4347 31.15 10.25 270
4348 31.15 10.15 270
4349 31.15 10.05 270
4350 31.15 9.95 270
4351 31.15 9.85 270
4352 31.15 9.75 270
4353 31.15 9.65 270
4354 31.15 9.65 270
4355 31.15 9.55 270
4356 31.15 9.55 270
4357 31.15 9.45 270
4358 31.15 9.35 270
4359 31.15 9.25 270
4360 31.15 9.25 270
4361 31.15 9.25 270
4362 31.15 9.15 270
4363 31.15 9.15 270
4364 31.15 9.05 270
4365 31.15 9.05 270
4366 31.15 8.95 270
4367 31.15 8.85 270
4368 31.15 8.85 270
4369 31.15 8.85 270
4370 31.15 8.85 270
4371 31.15 8.45 270
4372 31.15 8.45 270
4373 31.15 8.35 270
4374 31.15 8.35 270
4375 31.15 8.25 270
4376 31.15 8.25 270
4377 31.15 8.25 270
4378 31.15 8.15 270
4379 31.15 8.15 270
4380 31.15 7.85 270
4381 31.15 7.85 270
4382 31.15 7.85 270
4383 31.15 7.75 270
4384 31.15 7.65 270
4385 31.15 7.55 270
4386 31.15 7.45 270
4387 31.15 7.35 270
4388 31.15 7.25 270
4389 31.15 7.25 270
4390 31.15 7.15 270
4391 31.15 7.05 270
4392 31.15 7.05 270
4393 31.15 7.05 270
4394 31.15 7.05 270
4395 31.15 7.05 270
4396 31.15 7.05 270
4397 31.15 7.05 270
4398 31.15 7.05 270
4399 31.15 7.05 270
4400 31.15 7.05 270
4401 31.15 6.95 270
4402 31.15 6.95 270
4403 31.15 6.95 270
4404 31.15 6.85 270
4405 31.15 6.85 270
4406 31.15 6.85 270
4407 31.15 6.85 270
4408 31.15 6.85 270
4409 31.15 6.75 270
4410 31.15 6.75 270
4411 31.15 6.75 270
4412 31.15 6.75 270
4413 31.15 6.75 270
4414 31.15 6.75 270
4415 31.15 6.75 270
4416 31.15 6.75 270
4417 31.15 6.75 270
4418 31.15 6.75 270
4419 31.15 6.75 270
4420 31.15 6.75 270
4421 31.15 6.75 270
4422 31.15 6.75 225
4423 31.15 6.75 225
4424 31.15 6.75 225
4425 31.15 6.75 225
4426 31.15 6.75 225
4427 31.15 6.75 225
4428 31.15 6.75 225
4429 31.15 6.75 225
4430 31.15 6.75 225
4431 31.15 6.75 225
4432 31.15 6.75 225
4433 31.15 6.75 225
4434 31.15 6.75 225
4435 31.15 6.75 225
4436 31.05 6.65 225
4437 31.05 6.65 225
4438 30.95 6.55 225
4439 30.95 6.55 225
4440 30.85 6.55 225
4441 30.85 6.55 225
4442 30.75 6.45 225
4443 30.75 6.45 225
4444 30.65 6.45 180
4445 30.65 6.45 180
4446 30.55 6.45 180
4447 30.55 6.45 180
4448 30.55 6.45 135
4449 30.55 6.45 135
4450 30.55 6.45 135
4451 30.55 6.45 135
4452 30.55 6.45 135
4453 30.55 6.45 135
4454 30.55 6.45 135
4455 30.55 6.45 135
4456 30.55 6.45 135
4457 30.55 6.45 135
4458 30.55 6.45 135
4459 30.55 6.45 135
4460 30.55 6.45 180
4461 30.45 6.45 180
4462 30.45 6.45 180
4463 30.35 6.45 180
4464 30.35 6.45 180
4465 30.35 6.45 180
4466 30.35 6.45 180
4467 30.35 6.45 180
4468 30.35 6.45 180
4469 30.35 6.45 180
4470 30.35 6.45 180
4471 30.35 6.45 180
4472 30.35 6.45 180
4473 30.35 6.45 180
4474 30.25 6.45 180
4475 30.25 6.45 180
4476 30.25 6.45 180
4477 30.15 6.45 180
4478 30.15 6.45 180
4479 30.05 6.45 180
4480 30.05 6.45 180
4481 29.95 6.45 180
4482 29.95 6.45 180
4483 29.85 6.45 180
4484 29.85 6.45 180
4485 29.75 6.45 180
4486 29.75 6.45 180
4487 29.65 6.45 180
4488 29.45 6.45 180
4489 29.35 6.45 180
4490 29.25 6.45 180
4491 29.15 6.45 180
4492 29.05 6.45 180
4493 28.95 6.45 180
4494 28.85 6.45 180
4495 28.75 6.45 180
4496 28.65 6.45 180
4497 28.55 6.45 180
4498 28.45 6.45 180
4499 28.35 6.45 180
4500 28.25 6.45 180
4501 28.15 6.45 180
4502 28.05 6.45 180
4503 27.95 6.45 180
4504 27.85 6.45 180
4505 27.65 6.45 180
4506 27.25 6.45 180
4507 27.15 6.45 180
4508 26.95 6.45 180
4509 26.85 6.45 180
4510 26.75 6.45 180
4511 26.75 6.45 180
4512 26.75 6.45 180
4513 26.75 6.45 180
4514 26.75 6.45 180
4515 26.75 6.45 180
4516 26.75 6.45 180
4517 26.65 6.45 180
4518 26.65 6.45 180
4519 26.55 6.45 180
4520 26.55 6.45 180
4521 26.45 6.45 180
4522 26.45 6.45 180
4523 26.45 6.45 180
4524 26.35 6.45 180
4525 26.35 6.45 180
4526 26.35 6.45 180
4527 26.25 6.45 180
4528 26.25 6.45 180
4529 26.15 6.45 180
4530 26.15 6.45 180
4531 26.15 6.45 180
4532 26.05 6.45 180
4533 26.05 6.45 180
4534 25.95 6.45 180
4535 25.85 6.45 180
4536 25.85 6.45 180
4537 25.75 6.45 180
4538 25.75 6.45 180
4539 25.65 6.45 180
4540 25.55 6.45 180
4541 25.55 6.45 180
4542 25.45 6.45 180
4543 24.85 6.45 180
4544 24.85 6.45 180
4545 24.65 6.45 180
4546 24.45 6.45 180
4547 24.25 6.45 180
4548 24.25 6.45 180
4549 24.05 6.45 180
4550 23.95 6.45 180
4551 23.85 6.45 180
4552 23.85 6.45 180
4553 23.85 6.45 180
4554 23.55 6.45 180
4555 23.55 6.45 180
4556 23.35 6.45 180
4557 23.25 6.45 180
4558 23.15 6.45 180
4559 23.05 6.45 180
4560 22.25 6.45 225
4561 22.25 6.45 225
4562 22.25 6.45 270
4563 22.25 6.45 270
4564 22.25 6.45 270
4565 22.25 6.45 270
4566 22.25 6.45 270
4567 22.25 6.45 270
4568 22.25 6.45 270
4569 22.25 6.45 270
4570 22.25 6.45 270
4571 22.25 6.45 270
4572 22.25 6.45 270
4573 22.25 6.45 270
4574 22.25 6.45 270
4575 22.25 6.45 270
4576 22.25 6.45 270
4577 22.25 6.45 270
4578 22.25 6.45 270
4579 22.25 6.45 270
4580 22.25 5.95 270
4581 22.25 5.85 270
4582 22.25 5.75 270
4583 22.25 5.75 270
4584 22.25 5.65 270
4585 22.25 5.55 270
4586 22.25 5.55 270
4587 22.25 4.55 225
4588 22.25 4.55 225
