3539 31.0 58.55 270
3557 31.0 58.45 270
3564 31.0 58.35 270
3569 31.0 58.25 270
3579 31.0 58.25 270
3583 31.0 58.15 270
3587 31.0 58.05 270
3591 31.0 58.05 270
3612 31.0 57.95 270
3613 31.0 57.95 270
3616 31.0 57.85 270
3619 31.0 57.85 270
3622 31.0 57.85 270
3637 31.0 57.85 270
3638 31.0 57.75 270
3651 31.0 57.65 270
3659 31.0 57.55 270
3669 31.0 57.35 270
3715 31.0 57.35 225
3723 31.0 57.25 180
3730 31.0 57.25 180
3741 31.0 57.25 180
3749 31.0 57.25 180
3755 31.0 57.25 180
3771 31.0 57.25 180
3780 31.0 57.25 180
3793 30.9 57.25 180
3800 30.9 57.25 180
3806 30.8 57.25 180
3811 30.7 57.25 180
3815 30.6 57.25 180
3819 30.5 57.25 180
3823 30.5 57.25 180
3827 30.4 57.25 180
3832 30.2 57.25 180
3836 30.1 57.25 180
3866 30.0 57.25 180
3868 29.9 57.25 180
3870 29.8 57.25 180
3872 29.7 57.25 180
3884 29.7 57.25 180
3888 29.6 57.25 180
3891 29.6 57.25 180
3904 29.5 57.25 180
3911 29.4 57.25 180
3915 29.3 57.25 180
3920 29.1 57.25 180
3927 28.9 57.25 180
3932 28.7 57.25 180
3936 28.5 57.25 180
3940 28.4 57.25 180
3944 28.2 57.25 180
3948 28.1 57.25 180
3952 28.0 57.25 180
3957 27.8 57.25 180
3961 27.7 57.25 180
3984 27.4 57.25 180
3990 27.3 57.25 180
4002 27.2 57.25 180
4007 27.1 57.25 180
4024 27.0 57.25 180
4033 26.8 57.25 180
4042 26.8 57.25 180
4050 26.7 57.25 180
4056 26.6 57.25 180
4064 26.5 57.25 180
4069 26.4 57.25 180
4073 26.3 57.25 180
4077 26.2 57.25 180
4081 26.2 57.25 180
4085 26.1 57.25 180
4089 26.0 57.15 180
4093 26.0 57.15 180
4097 25.9 57.15 180
4101 25.8 57.15 180
4105 25.7 57.15 180
4109 25.6 57.15 180
4113 25.5 57.15 180
4116 25.4 57.15 180
4132 25.3 57.15 180
4150 25.3 57.05 180
4158 25.3 57.05 180
4167 25.3 57.05 225
4172 25.3 57.05 225
4190 25.3 57.05 225
4202 25.3 57.05 270
4206 25.3 57.05 270
4223 25.3 57.05 270
4233 25.3 57.05 315
4239 25.3 57.05 315
4260 25.3 57.05 0
4279 25.3 57.05 0
4290 25.3 57.05 0
4304 25.3 57.05 45
4315 25.3 57.05 45
4326 25.3 57.05 45
4331 25.3 57.05 45
4339 25.3 57.05 90
4343 25.3 57.05 90
4347 25.3 57.05 90
4357 25.3 57.05 90
4377 25.3 57.05 90
4381 25.3 57.05 135
4384 25.3 57.05 135
4398 25.3 57.05 135
4403 25.3 57.05 135
4407 25.3 57.05 135
4418 25.3 57.05 180
4423 25.3 57.05 180
4433 25.3 57.05 180
4434 25.3 57.05 180
4444 25.2 57.05 180
4447 25.1 57.05 180
4450 25.1 57.05 180
4457 25.0 57.05 180
4460 24.8 57.05 180
4464 24.6 57.05 180
4467 24.4 57.05 180
4471 24.2 57.05 180
4474 24.0 57.05 180
4478 23.8 57.05 180
4481 23.7 57.05 180
4485 23.5 57.05 180
4488 23.3 57.05 180
4492 23.1 57.05 180
4495 22.9 57.05 180
4499 22.7 57.05 180
4502 22.5 57.05 180
4507 22.3 57.05 180
4510 22.3 57.05 180
4513 22.3 57.05 180
4516 22.3 57.05 180
4519 22.2 57.05 180
4522 22.1 57.05 180
4525 22.0 57.05 180
4528 21.9 57.05 180
4531 21.8 57.05 180
4534 21.7 57.05 180
4537 21.6 57.05 180
4540 21.5 57.05 180
4543 21.4 57.05 180
4544 21.3 57.05 180
4546 21.2 57.05 180
4548 21.2 57.05 180
4550 21.1 57.05 180
4552 21.0 57.05 180
4555 20.9 57.05 180
4558 20.8 57.05 180
4561 20.8 57.05 180
4564 20.7 57.05 180
4567 20.6 57.05 180
4571 20.5 57.05 180
4574 20.4 57.05 180
4578 20.3 57.05 180
4581 20.2 57.05 180
4585 20.2 57.05 180
4588 20.2 57.05 180
4592 20.2 57.05 180
4595 20.1 57.05 180
4599 20.1 57.05 180
4602 20.0 57.05 180
4606 20.0 57.05 180
4618 19.9 57.05 180
4645 19.9 57.05 180
4661 19.9 57.05 180
4673 19.9 57.05 225
4679 19.9 57.05 225
4689 19.9 57.05 225
4704 19.9 57.05 225
4722 19.9 57.05 225
4742 19.9 57.05 270
4753 19.9 57.05 270
4760 19.9 57.05 270
4768 19.9 57.05 270
4773 19.9 57.05 270
4786 19.9 57.05 315
4788 19.9 57.05 315
4790 19.9 57.05 315
4791 19.9 57.05 315
4792 19.9 57.05 315
4793 19.9 57.05 315
4806 19.9 57.05 315
4822 19.9 57.05 0
4841 19.9 57.05 0
4862 19.9 57.05 45
4880 19.9 57.05 45
4890 19.9 57.05 45
4892 19.9 57.05 45
4893 19.9 57.05 45
4936 19.9 57.05 45
4951 19.9 57.05 90
4972 19.9 57.05 90
4993 19.9 57.05 90
5007 19.9 57.05 90
5011 19.9 57.05 90
5013 19.9 57.05 90
5023 19.9 57.05 135
5049 19.9 57.05 180
5063 19.9 57.05 135
5075 19.9 57.05 135
5083 19.9 57.05 135
5093 19.9 57.05 180
5105 19.8 57.05 135
5139 19.8 57.05 180
5152 19.8 57.05 180
5159 19.7 57.05 180
5167 19.7 57.05 180
5174 19.6 57.05 180
5181 19.5 57.05 180
5186 19.3 57.05 180
5191 19.2 57.15 180
5196 19.1 57.15 180
5199 19.0 57.15 180
5206 18.9 57.15 180
5217 18.8 57.15 180
5224 18.7 57.15 180
5247 18.6 57.15 180
5250 18.5 57.15 180
5254 18.4 57.15 180
5258 18.3 57.15 180
5262 18.1 57.15 180
5266 18.0 57.15 180
5269 17.8 57.15 180
5273 17.6 57.15 180
5276 17.4 57.15 180
5280 17.2 57.15 180
5283 17.0 57.15 180
5284 17.0 57.15 180
5296 16.9 57.15 180
5300 16.7 57.15 180
5304 16.6 57.15 180
5308 16.5 57.15 180
5312 16.4 57.15 180
5316 16.3 57.15 180
5320 16.2 57.15 180
5324 16.1 57.15 180
5328 16.0 57.15 180
5332 15.9 57.15 180
5336 15.7 57.15 180
5339 15.5 57.15 180
5343 15.4 57.15 180
5346 15.3 57.15 180
5349 15.2 57.15 180
5353 15.1 57.15 180
5356 15.0 57.25 180
5360 14.9 57.35 180
5370 14.9 57.35 180
5389 14.9 57.35 180
5405 14.9 57.35 180
5408 14.9 57.35 180
5411 14.9 57.35 180
5414 14.9 57.35 180
5441 14.9 57.35 225
5454 14.9 57.35 225
5457 14.9 57.35 225
5466 14.9 57.35 225
5476 14.9 57.35 270
5480 14.9 57.35 270
5484 14.9 57.35 270
5490 14.9 57.35 270
5491 14.9 57.35 270
5505 14.9 57.35 270
5519 14.9 57.35 270
5524 14.9 57.35 315
5526 14.9 57.35 315
5536 14.9 57.35 315
5539 14.9 57.35 315
5561 14.9 57.35 0
5581 14.9 57.35 0
5595 14.9 57.35 45
5617 14.9 57.35 90
5641 14.9 57.35 90
5664 14.9 57.35 90
5685 14.9 57.35 90
5695 14.9 57.35 90
5715 14.9 57.35 135
5722 14.9 57.35 135
5730 14.9 57.35 135
5744 14.9 57.35 180
5753 14.9 57.35 180
5788 14.8 57.35 180
5810 14.7 57.35 180
5819 14.6 57.35 180
5837 14.5 57.35 180
5866 14.5 57.35 180
5949 14.4 57.35 180
5975 14.3 57.35 180
5989 14.1 57.35 180
6001 14.0 57.35 180
6018 13.8 57.35 180
6024 13.7 57.35 180
6028 13.6 57.35 180
6032 13.4 57.35 180
6035 13.3 57.35 180
6038 13.2 57.35 180
6041 13.1 57.35 180
6044 13.0 57.35 180
6047 12.9 57.35 180
6050 12.8 57.25 180
6053 12.7 57.25 180
6056 12.6 57.25 180
6059 12.5 57.25 180
6062 12.4 57.25 180
6065 12.3 57.25 180
6068 12.3 57.25 180
6071 12.2 57.25 180
6074 12.1 57.25 180
6077 12.1 57.25 180
6080 12.1 57.25 180
6083 12.1 57.25 180
6086 12.0 57.25 180
6089 11.8 57.25 180
6092 11.6 57.25 180
6095 11.4 57.25 180
6098 11.3 57.25 180
6101 11.1 57.25 180
6104 11.0 57.25 180
6107 10.8 57.25 180
6111 10.6 57.25 180
6114 10.5 57.25 180
6117 10.3 57.25 180
6120 10.1 57.25 180
6169 10.0 57.25 180
6185 10.0 57.25 180
6205 10.0 57.25 225
6213 10.0 57.25 225
6223 10.0 57.25 225
6227 10.0 57.25 225
6231 10.0 57.25 270
6240 10.0 57.25 270
6247 10.0 57.25 270
6250 10.0 57.25 270
6254 10.0 57.25 270
6264 10.0 57.25 315
6284 10.0 57.25 315
6292 10.0 57.25 315
6298 10.0 57.25 315
6311 10.0 57.25 0
6323 10.0 57.25 0
6337 10.0 57.25 0
6358 10.0 57.25 45
6378 10.0 57.25 90
6398 10.0 57.25 135
6410 10.0 57.25 135
6421 10.0 57.25 180
6435 10.0 57.25 225
6455 10.0 57.25 225
6489 10.0 57.25 180
6502 10.0 57.25 180
6520 9.9 57.25 180
6524 9.8 57.25 180
6528 9.7 57.25 180
6532 9.6 57.25 180
6536 9.5 57.25 180
6540 9.4 57.25 180
6544 9.3 57.25 180
6548 9.1 57.25 180
6552 9.0 57.25 180
6556 8.9 57.25 180
6560 8.8 57.25 180
6564 8.8 57.25 180
6568 8.7 57.25 180
6572 8.6 57.25 180
6576 8.5 57.25 180
6580 8.4 57.25 180
6585 8.3 57.25 180
6594 8.2 57.25 180
6599 8.0 57.25 180
6604 7.8 57.25 180
6609 7.7 57.25 180
6614 7.6 57.25 180
6619 7.5 57.25 180
6623 7.4 57.25 180
6627 7.2 57.25 180
6631 7.0 57.25 180
6635 6.7 57.25 180
6653 6.5 57.25 180
6657 6.3 57.25 180
6686 6.2 57.25 180
6714 6.2 57.25 225
6732 6.2 57.25 270
6743 6.2 57.25 270
6762 6.2 57.25 270
6776 6.2 57.25 315
6788 6.2 57.25 315
6791 6.2 57.25 315
6796 6.2 57.25 315
6800 6.2 57.25 315
6817 6.2 57.25 0
6833 6.2 57.25 0
6847 6.2 57.25 0
6856 6.2 57.25 0
6873 6.2 57.25 45
6881 6.2 57.25 45
6892 6.2 57.25 45
6923 6.2 57.25 90
6937 6.2 57.25 135
6956 6.2 57.25 180
6973 6.2 57.25 180
6989 6.2 57.25 180
7010 6.2 57.25 180
7112 6.2 57.25 180
7126 6.2 57.25 180
7151 6.2 57.25 225
7168 6.2 57.25 270
7204 6.2 57.25 315
7221 6.2 57.25 315
7242 6.2 57.25 315
7256 6.2 57.25 270
7283 6.2 57.15 270
7295 6.2 57.05 270
7307 6.2 56.85 270
7317 6.2 56.75 270
7332 6.2 56.65 270
7344 6.2 56.55 270
7353 6.2 56.45 270
7361 6.2 56.35 270
7370 6.2 56.15 270
7377 6.2 55.95 270
7382 6.2 55.75 270
7386 6.2 55.55 270
7389 6.2 55.35 270
7392 6.2 55.15 270
7395 6.2 54.95 270
7400 6.2 54.65 270
7404 6.2 54.35 270
7408 6.2 54.05 270
7412 6.2 53.85 270
7416 6.2 53.65 270
7419 6.2 53.65 270
7423 6.2 53.45 270
7426 6.2 53.35 270
7430 6.2 53.25 270
7433 6.2 53.15 270
7437 6.2 53.15 270
7440 6.2 53.15 270
7444 6.2 53.05 270
7447 6.2 52.95 270
7451 6.2 52.85 270
7454 6.2 52.75 270
7458 6.2 52.65 270
7461 6.2 52.55 270
7465 6.2 52.45 270
7468 6.2 52.35 270
7472 6.2 52.25 270
7474 6.2 52.15 270
7477 6.2 52.15 270
7482 6.2 52.05 270
7486 6.2 51.95 270
7490 6.2 51.85 270
7494 6.2 51.75 270
7498 6.2 51.75 270
7502 6.2 51.65 270
7506 6.2 51.55 270
7509 6.2 51.45 270
7510 6.2 51.35 270
7523 6.2 51.25 270
7528 6.2 51.15 270
7532 6.2 51.15 270
7536 6.2 51.15 270
7542 6.2 51.05 270
7546 6.2 50.95 270
7550 6.2 50.85 270
7554 6.2 50.75 270
7558 6.2 50.65 270
7562 6.2 50.55 270
7566 6.2 50.45 270
7571 6.2 50.35 270
7574 6.2 50.25 270
7578 6.2 50.15 270
7582 6.2 50.05 270
7586 6.2 49.95 270
7589 6.2 49.85 270
7593 6.2 49.75 270
7596 6.2 49.65 270
7600 6.2 49.55 270
7603 6.2 49.45 270
7607 6.2 49.35 270
7610 6.2 49.25 270
7614 6.2 49.15 270
7617 6.2 49.05 270
7621 6.2 48.95 270
7624 6.2 48.85 270
7628 6.2 48.75 270
7631 6.2 48.65 270
7635 6.2 48.55 270
7638 6.2 48.45 270
7642 6.2 48.35 270
7645 6.2 48.25 270
7649 6.2 48.15 270
7652 6.2 48.05 270
7656 6.2 48.05 270
7659 6.2 47.95 270
7663 6.2 47.85 270
7666 6.2 47.85 270
7670 6.2 47.85 270
7673 6.2 47.85 270
7677 6.2 47.85 270
7682 6.2 47.75 270
7686 6.2 47.65 270
7689 6.2 47.65 270
7693 6.2 47.55 270
7698 6.2 47.35 270
7703 6.2 47.25 270
7708 6.2 47.15 270
7713 6.2 47.15 270
7718 6.2 47.05 270
7723 6.2 46.95 270
7728 6.2 46.95 270
