1 20240702-11:25:27 32.1 53.75 270 100
2 20240702-11:25:28 32.1 53.75 270 100
3 20240702-11:25:43 32.1 53.75 225 100
4 20240702-11:25:53 32.1 53.75 180 100
5 20240702-11:26:06 32.1 53.75 135 100
6 20240702-11:26:17 32.1 53.75 90 100
7 20240702-11:26:26 32.1 53.75 45 100
8 20240702-11:26:36 32.1 53.75 0 100
9 20240702-11:26:50 32.1 53.75 315 100
10 20240702-11:26:58 32.1 53.75 270 100
11 20240702-11:27:07 32.1 53.75 270 100
12 20240702-11:27:30 31.95 52.8 270 100
13 20240702-11:27:42 31.95 52.8 225 100
14 20240702-11:27:54 31.95 52.8 180 100
15 20240702-11:28:07 31.95 52.8 135 100
16 20240702-11:28:15 31.95 52.8 90 100
17 20240702-11:28:26 31.95 52.8 45 100
18 20240702-11:28:35 31.95 52.8 0 100
19 20240702-11:28:47 31.95 52.8 315 100
20 20240702-11:28:57 31.95 52.8 270 100
21 20240702-11:29:05 31.95 52.8 270 100
22 20240702-11:29:31 32.0 52.15 270 100
23 20240702-11:29:44 32.0 52.15 225 100
24 20240702-11:29:54 32.0 52.15 180 100
25 20240702-11:30:05 32.0 52.15 135 100
26 20240702-11:30:15 32.0 52.15 90 100
27 20240702-11:30:38 32.0 52.15 45 100
28 20240702-11:30:41 32.0 52.15 0 100
29 20240702-11:30:55 32.0 52.15 315 100
30 20240702-11:31:06 32.0 52.15 270 100
31 20240702-11:31:39 31.95 50.75 270 98
32 20240702-11:31:39 31.95 50.75 270 98
33 20240702-11:31:40 31.95 50.75 270 98
34 20240702-11:31:51 31.95 50.75 270 98
35 20240702-11:31:51 31.95 50.75 270 98
36 20240702-11:32:27 31.95 50.75 225 98
37 20240702-11:32:30 31.95 50.75 180 98
38 20240702-11:32:41 31.95 50.75 135 98
39 20240702-11:32:52 31.95 50.75 90 98
40 20240702-11:33:04 31.95 50.75 45 98
41 20240702-11:33:14 31.95 50.75 0 98
42 20240702-11:33:26 31.95 50.75 315 98
43 20240702-11:33:36 31.95 50.75 270 98
44 20240702-11:34:00 32.05 49.85 270 96
45 20240702-11:34:00 32.05 49.85 270 96
46 20240702-11:34:01 32.05 49.85 270 96
47 20240702-11:34:12 32.05 49.85 225 96
48 20240702-11:34:22 32.05 49.85 180 96
49 20240702-11:34:33 32.05 49.85 135 96
50 20240702-11:34:44 32.05 49.85 90 96
51 20240702-11:34:56 32.05 49.85 45 96
52 20240702-11:35:07 32.05 49.85 0 96
53 20240702-11:35:19 32.05 49.85 315 96
54 20240702-11:35:36 32.05 49.85 270 96
55 20240702-11:35:54 31.95 48.65 270 96
56 20240702-11:35:55 31.95 48.65 270 96
57 20240702-11:36:09 31.95 48.65 225 96
58 20240702-11:36:19 31.95 48.65 180 96
59 20240702-11:36:31 31.95 48.65 135 96
60 20240702-11:36:40 31.95 48.65 90 96
61 20240702-11:36:51 31.95 48.65 45 96
62 20240702-11:37:03 31.95 48.65 0 96
63 20240702-11:37:15 31.95 48.65 315 96
64 20240702-11:37:33 31.95 48.65 270 96
65 20240702-11:37:49 32.15 48.0 270 96
66 20240702-11:38:05 32.15 48.0 225 96
67 20240702-11:38:13 32.15 48.0 180 96
68 20240702-11:38:27 32.15 48.0 135 96
69 20240702-11:38:36 32.15 48.0 90 96
70 20240702-11:38:47 32.15 48.0 45 96
71 20240702-11:38:57 32.15 48.0 0 96
72 20240702-11:39:12 32.15 48.0 315 96
73 20240702-11:39:26 32.15 48.0 270 96
74 20240702-11:39:51 32.1 47.3 270 94
75 20240702-11:40:04 32.1 47.3 225 94
76 20240702-11:40:15 32.1 47.3 180 94
77 20240702-11:40:27 32.1 47.3 135 94
78 20240702-11:40:38 32.1 47.3 90 94
79 20240702-11:40:49 32.1 47.3 45 94
80 20240702-11:41:00 32.1 47.3 0 94
81 20240702-11:41:13 32.1 47.3 315 94
82 20240702-11:41:31 32.1 47.3 270 94
83 20240702-11:41:59 32.1 46.0 270 94
84 20240702-11:41:59 32.1 46.0 270 94
85 20240702-11:42:12 32.1 46.0 225 94
86 20240702-11:42:22 32.1 46.0 180 94
87 20240702-11:42:34 32.1 46.0 135 94
88 20240702-11:42:44 32.1 46.0 90 94
89 20240702-11:42:55 32.1 46.0 45 94
90 20240702-11:43:06 32.1 46.0 0 94
91 20240702-11:43:19 32.1 46.0 315 94
92 20240702-11:43:32 32.1 46.0 270 94
93 20240702-11:43:54 32.1 46.0 225 94
94 20240702-11:44:03 32.1 46.0 180 94
95 20240702-11:44:58 31.3 46.35 180 94
96 20240702-11:44:58 31.3 46.35 180 94
97 20240702-11:45:03 30.3 46.25 180 95
98 20240702-11:45:03 30.3 46.25 180 95
99 20240702-11:45:21 30.3 46.25 135 95
100 20240702-11:45:32 30.3 46.25 90 95
101 20240702-11:45:47 30.3 46.25 45 95
102 20240702-11:45:58 30.3 46.25 0 95
103 20240702-11:46:11 30.3 46.25 315 95
104 20240702-11:46:20 30.3 46.25 270 95
105 20240702-11:46:35 30.3 46.25 225 95
106 20240702-11:46:48 30.3 46.25 180 95
107 20240702-11:46:58 30.3 46.25 135 95
108 20240702-11:47:06 30.3 46.25 90 95
109 20240702-11:47:11 30.3 46.25 90 95
110 20240702-11:47:39 30.4 47.05 90 95
111 20240702-11:47:50 30.4 47.05 45 95
112 20240702-11:48:03 30.4 47.05 0 95
113 20240702-11:48:16 30.4 47.05 315 95
114 20240702-11:48:22 30.4 47.05 270 95
115 20240702-11:48:34 30.4 47.05 225 95
116 20240702-11:48:45 30.4 47.05 180 95
117 20240702-11:49:00 30.4 47.05 135 95
118 20240702-11:49:15 30.4 47.05 90 95
119 20240702-11:49:30 30.45 48.05 90 97
120 20240702-11:49:30 30.45 48.05 90 97
121 20240702-11:49:42 30.45 48.05 45 97
122 20240702-11:49:52 30.45 48.05 0 97
123 20240702-11:50:04 30.45 48.05 315 97
124 20240702-11:50:14 30.45 48.05 270 97
125 20240702-11:50:31 30.45 48.05 225 97
126 20240702-11:50:36 30.45 48.05 180 97
127 20240702-11:50:48 30.45 48.05 135 97
128 20240702-11:50:49 30.45 48.05 135 97
129 20240702-11:50:59 30.45 48.05 90 97
130 20240702-11:51:34 30.55 49.25 90 97
131 20240702-11:51:34 30.55 49.25 90 97
132 20240702-11:51:47 30.55 49.25 45 97
133 20240702-11:52:00 30.55 49.25 0 97
134 20240702-11:52:10 30.55 49.25 315 97
135 20240702-11:52:21 30.55 49.25 270 97
136 20240702-11:52:33 30.55 49.25 225 97
137 20240702-11:52:40 30.55 49.25 180 97
138 20240702-11:52:53 30.55 49.25 135 97
139 20240702-11:53:03 30.55 49.25 90 97
140 20240702-11:53:11 30.55 49.25 90 97
141 20240702-11:53:27 30.55 50.1 90 99
142 20240702-11:53:40 30.55 50.1 45 99
143 20240702-11:53:49 30.55 50.1 0 99
144 20240702-11:54:01 30.55 50.1 315 99
145 20240702-11:54:20 30.55 50.1 270 99
146 20240702-11:54:26 30.55 50.1 225 99
147 20240702-11:54:31 30.55 50.1 180 99
148 20240702-11:54:34 30.55 50.1 180 99
149 20240702-11:54:45 30.55 50.1 135 99
150 20240702-11:54:52 30.55 50.1 90 99
151 20240702-11:55:18 30.5 51.1 90 99
152 20240702-11:55:18 30.5 51.1 90 99
153 20240702-11:55:31 30.5 51.1 45 99
154 20240702-11:55:39 30.5 51.1 0 99
155 20240702-11:55:53 30.5 51.1 315 99
156 20240702-11:56:03 30.5 51.1 270 99
157 20240702-11:56:16 30.5 51.1 225 99
158 20240702-11:56:26 30.5 51.1 180 99
159 20240702-11:56:37 30.5 51.1 135 99
160 20240702-11:56:55 30.5 51.1 90 99
161 20240702-11:57:14 30.8 52.15 90 101
162 20240702-11:57:29 30.8 52.15 45 101
163 20240702-11:57:38 30.8 52.15 0 101
164 20240702-11:57:50 30.8 52.15 315 101
165 20240702-11:58:00 30.8 52.15 270 101
166 20240702-11:58:12 30.8 52.15 225 101
167 20240702-11:58:21 30.8 52.15 180 101
168 20240702-11:58:34 30.8 52.15 135 101
169 20240702-11:58:43 30.8 52.15 90 101
170 20240702-11:58:50 30.8 52.15 90 101
171 20240702-11:59:06 30.75 52.8 90 101
172 20240702-11:59:07 30.75 52.8 90 101
173 20240702-11:59:16 30.75 52.8 45 101
174 20240702-11:59:28 30.75 52.8 0 101
175 20240702-11:59:39 30.75 52.8 315 101
176 20240702-11:59:50 30.75 52.8 270 101
177 20240702-12:00:03 30.75 52.8 225 101
178 20240702-12:00:11 30.75 52.8 180 101
179 20240702-12:00:26 30.75 52.8 135 101
180 20240702-12:00:41 30.75 52.8 90 101
181 20240702-12:01:04 30.75 53.9 90 101
182 20240702-12:01:15 30.75 53.9 45 101
183 20240702-12:01:26 30.75 53.9 0 101
184 20240702-12:01:38 30.75 53.9 315 101
185 20240702-12:01:47 30.75 53.9 270 101
186 20240702-12:02:00 30.75 53.9 225 101
187 20240702-12:02:16 30.75 53.9 180 101
188 20240702-12:02:24 30.75 53.9 135 101
189 20240702-12:02:39 30.75 53.9 90 101
190 20240702-12:02:40 30.75 53.9 90 101
