1 20220829-14:45:36 30.95 58.45 270 140
2 20220829-14:46:18 30.95 58.45 225 140
3 20220829-14:46:28 30.95 58.45 180 140
4 20220829-14:46:45 30.95 58.45 135 140
5 20220829-14:46:52 30.95 58.45 90 140
6 20220829-14:47:06 30.95 58.45 45 140
7 20220829-14:47:12 30.95 58.45 0 140
8 20220829-14:47:24 30.95 58.45 315 140
9 20220829-14:47:37 30.95 58.45 270 140
10 20220829-14:47:43 30.95 58.45 270 140
11 20220829-14:48:14 30.95 58.45 270 140
12 20220829-14:48:26 30.95 58.45 225 140
13 20220829-14:48:38 30.95 58.45 180 140
14 20220829-14:49:20 30.95 57.95 180 140
15 20220829-14:49:34 30.55 57.95 180 140
16 20220829-14:49:36 30.25 57.95 180 140
17 20220829-14:49:53 30.25 57.95 180 140
18 20220829-14:50:05 29.65 57.85 180 140
19 20220829-14:50:06 29.65 57.85 180 140
20 20220829-14:50:08 29.55 57.75 180 140
21 20220829-14:50:27 29.55 57.75 225 140
22 20220829-14:50:37 29.55 57.75 270 140
23 20220829-14:50:49 29.55 57.75 315 140
24 20220829-14:51:03 29.55 57.75 0 140
25 20220829-14:51:15 29.55 57.75 45 140
26 20220829-14:51:31 29.55 57.75 90 140
27 20220829-14:51:44 29.55 57.75 135 140
28 20220829-14:52:03 29.55 57.75 180 140
29 20220829-14:52:06 29.55 57.75 180 140
30 20220829-14:53:10 28.55 57.45 180 139
31 20220829-14:53:27 28.55 57.45 180 139
32 20220829-14:53:27 28.55 57.45 180 139
33 20220829-14:53:42 28.55 57.45 135 139
34 20220829-14:53:55 28.55 57.45 90 139
35 20220829-14:54:09 28.55 57.45 45 139
36 20220829-14:54:21 28.55 57.45 0 139
37 20220829-14:56:38 28.55 57.45 315 139
38 20220829-14:56:51 28.55 57.45 270 139
39 20220829-14:57:10 28.55 57.45 225 139
40 20220829-14:57:20 28.55 57.45 180 139
41 20220829-14:58:00 27.55 57.45 180 139
42 20220829-14:58:08 27.55 57.45 180 139
43 20220829-14:58:22 27.55 57.45 225 139
44 20220829-14:58:35 27.55 57.45 270 139
45 20220829-14:58:47 27.55 57.45 315 139
46 20220829-14:58:58 27.55 57.45 0 139
47 20220829-14:59:05 27.55 57.45 45 139
48 20220829-14:59:24 27.55 57.45 90 139
49 20220829-14:59:40 27.55 57.45 135 139
50 20220829-14:59:54 27.55 57.45 180 139
51 20220829-15:00:40 26.55 57.45 180 138
52 20220829-15:01:06 26.55 57.45 135 138
53 20220829-15:01:15 26.55 57.45 90 138
54 20220829-15:01:27 26.55 57.45 45 138
55 20220829-15:01:30 26.55 57.45 45 138
56 20220829-15:01:42 26.55 57.45 0 138
57 20220829-15:01:44 26.55 57.45 0 138
58 20220829-15:01:55 26.55 57.45 315 138
59 20220829-15:02:07 26.55 57.45 270 138
60 20220829-15:02:22 26.55 57.45 225 138
61 20220829-15:02:34 26.55 57.45 180 138
62 20220829-15:02:34 26.55 57.45 180 138
63 20220829-15:03:15 25.55 57.45 180 138
64 20220829-15:03:24 25.55 57.45 225 138
65 20220829-15:03:37 25.55 57.45 270 138
66 20220829-15:03:37 25.55 57.45 270 138
67 20220829-15:03:52 25.55 57.45 315 138
68 20220829-15:04:02 25.55 57.45 0 138
69 20220829-15:04:16 25.55 57.45 45 138
70 20220829-15:04:28 25.55 57.45 90 138
71 20220829-15:04:32 25.55 57.45 90 138
72 20220829-15:04:42 25.55 57.45 135 138
73 20220829-15:04:51 25.55 57.45 180 138
74 20220829-15:05:00 25.55 57.45 180 138
