1 20220809-11:19:34 20.0 21.65 90 34
2 20220809-11:20:36 20.0 21.65 90 34
3 20220809-11:20:43 20.0 21.65 135 34
4 20220809-11:20:54 20.0 21.65 180 34
5 20220809-11:21:08 20.0 21.65 225 34
6 20220809-11:21:20 20.0 21.65 270 34
7 20220809-11:21:32 20.0 21.65 315 34
8 20220809-11:21:44 20.0 21.65 0 34
9 20220809-11:21:45 20.0 21.65 0 34
10 20220809-11:21:56 20.0 21.65 45 34
11 20220809-11:22:09 20.0 21.65 90 34
12 20220809-11:22:16 20.0 21.65 90 34
13 20220809-11:22:42 20.0 22.45 90 34
14 20220809-11:22:45 20.0 22.45 90 34
15 20220809-11:22:59 20.0 22.45 90 34
16 20220809-11:23:01 20.0 22.45 45 34
17 20220809-11:23:03 20.0 22.45 45 34
18 20220809-11:23:14 20.0 22.45 0 34
19 20220809-11:23:29 20.0 22.45 315 34
20 20220809-11:23:36 20.0 22.45 270 34
21 20220809-11:23:44 20.0 22.45 225 34
22 20220809-11:23:49 20.0 22.45 225 34
23 20220809-11:23:58 20.0 22.45 180 34
24 20220809-11:24:01 20.0 22.45 180 34
25 20220809-11:24:08 20.0 22.45 135 34
26 20220809-11:24:22 20.0 22.45 90 34
27 20220809-11:24:27 20.0 22.45 90 34
28 20220809-11:24:50 20.0 23.55 90 35
29 20220809-11:24:53 20.0 23.55 90 35
30 20220809-11:25:09 20.0 23.55 135 35
31 20220809-11:25:20 20.0 23.55 180 35
32 20220809-11:25:31 20.0 23.55 225 35
33 20220809-11:25:37 20.0 23.55 270 35
34 20220809-11:25:49 20.0 23.55 315 35
35 20220809-11:25:59 20.0 23.55 0 35
36 20220809-11:26:10 20.0 23.55 45 35
37 20220809-11:26:28 20.0 23.55 90 35
38 20220809-11:26:36 20.0 23.55 90 35
39 20220809-11:27:07 20.0 24.45 90 35
40 20220809-11:27:17 20.0 24.45 45 35
41 20220809-11:27:28 20.0 24.45 0 35
42 20220809-11:27:41 20.0 24.45 315 35
43 20220809-11:27:53 20.0 24.45 270 35
44 20220809-11:28:06 20.0 24.45 225 35
45 20220809-11:28:15 20.0 24.45 180 35
46 20220809-11:28:22 20.0 24.45 135 35
47 20220809-11:28:29 20.0 24.45 90 35
48 20220809-11:28:41 20.0 24.45 90 35
49 20220809-11:28:59 20.0 25.45 90 36
50 20220809-11:29:01 20.0 25.45 90 36
51 20220809-11:29:06 20.0 25.45 90 36
52 20220809-11:29:18 20.0 25.45 135 36
53 20220809-11:29:22 20.0 25.45 180 36
54 20220809-11:29:35 20.0 25.45 225 36
55 20220809-11:29:49 20.0 25.45 270 36
56 20220809-11:29:57 20.0 25.45 315 36
57 20220809-11:29:58 20.0 25.45 315 36
58 20220809-11:30:10 20.0 25.45 0 36
59 20220809-11:30:12 20.0 25.45 0 36
60 20220809-11:30:17 20.0 25.45 45 36
61 20220809-11:30:17 20.0 25.45 45 36
62 20220809-11:30:35 20.0 25.45 90 36
63 20220809-11:30:35 20.0 25.45 90 36
64 20220809-11:31:25 20.0 26.45 90 36
65 20220809-11:31:25 20.0 26.45 90 36
66 20220809-11:31:40 20.0 26.45 45 36
67 20220809-11:31:41 20.0 26.45 45 36
68 20220809-11:31:52 20.0 26.45 0 36
69 20220809-11:32:02 20.0 26.45 315 36
70 20220809-11:32:14 20.0 26.45 270 36
71 20220809-11:32:15 20.0 26.45 270 36
72 20220809-11:32:24 20.0 26.45 225 36
73 20220809-11:32:25 20.0 26.45 225 36
74 20220809-11:32:35 20.0 26.45 180 36
75 20220809-11:32:44 20.0 26.45 135 36
76 20220809-11:32:53 20.0 26.45 135 36
77 20220809-11:32:58 20.0 26.45 90 36
78 20220809-11:33:19 20.0 27.45 90 37
79 20220809-11:33:24 20.0 27.45 90 37
80 20220809-11:33:31 20.0 27.45 90 37
81 20220809-11:33:36 20.0 27.45 135 37
82 20220809-11:33:51 20.0 27.45 180 37
83 20220809-11:33:56 20.0 27.45 225 37
84 20220809-11:33:58 20.0 27.45 225 37
85 20220809-11:34:12 20.0 27.45 270 37
86 20220809-11:34:12 20.0 27.45 270 37
87 20220809-11:34:19 20.0 27.45 315 37
88 20220809-11:34:20 20.0 27.45 315 37
89 20220809-11:34:34 20.0 27.45 0 37
90 20220809-11:34:35 20.0 27.45 0 37
91 20220809-11:34:44 20.0 27.45 45 37
92 20220809-11:34:51 20.0 27.45 45 37
93 20220809-11:34:57 20.0 27.45 90 37
94 20220809-11:34:58 20.0 27.45 90 37
95 20220809-11:35:29 20.0 28.45 90 37
96 20220809-11:35:44 20.0 28.45 45 37
97 20220809-11:35:52 20.0 28.45 0 37
98 20220809-11:36:01 20.0 28.45 315 37
99 20220809-11:36:14 20.0 28.45 270 37
100 20220809-11:36:24 20.0 28.45 225 37
101 20220809-11:36:36 20.0 28.45 180 37
102 20220809-11:36:37 20.0 28.45 180 37
103 20220809-11:36:47 20.0 28.45 135 37
104 20220809-11:36:54 20.0 28.45 90 37
105 20220809-11:37:35 20.0 29.55 90 38
106 20220809-11:37:51 20.0 29.55 135 38
107 20220809-11:37:59 20.0 29.55 180 38
108 20220809-11:38:11 20.0 29.55 225 38
109 20220809-11:38:12 20.0 29.55 225 38
110 20220809-11:38:22 20.0 29.55 270 38
111 20220809-11:38:31 20.0 29.55 315 38
112 20220809-11:38:37 20.0 29.55 0 38
113 20220809-11:38:42 20.0 29.55 0 38
114 20220809-11:38:49 20.0 29.55 45 38
115 20220809-11:38:50 20.0 29.55 45 38
116 20220809-11:39:00 20.0 29.55 90 38
117 20220809-11:39:40 20.0 29.45 90 38
118 20220809-11:39:54 20.0 30.45 90 38
119 20220809-11:40:15 20.0 30.45 45 38
120 20220809-11:40:26 20.0 30.45 0 38
121 20220809-11:40:37 20.0 30.45 315 38
122 20220809-11:40:46 20.0 30.45 270 38
123 20220809-11:40:57 20.0 30.45 225 38
124 20220809-11:41:10 20.0 30.45 180 38
125 20220809-11:41:21 20.0 30.45 135 38
126 20220809-11:41:22 20.0 30.45 135 38
127 20220809-11:41:31 20.0 30.45 90 38
128 20220809-11:41:53 20.0 31.45 90 39
129 20220809-11:42:20 20.0 31.45 90 39
130 20220809-11:42:37 20.0 31.45 135 39
131 20220809-11:42:52 20.0 31.45 180 39
132 20220809-11:42:58 20.0 31.45 225 39
133 20220809-11:43:12 20.0 31.45 270 39
134 20220809-11:43:19 20.0 31.45 315 39
135 20220809-11:43:32 20.0 31.45 0 39
136 20220809-11:43:32 20.0 31.45 0 39
137 20220809-11:43:40 20.0 31.45 45 39
138 20220809-11:43:50 20.0 31.45 45 39
139 20220809-11:43:57 20.0 31.45 90 39
140 20220809-11:44:18 20.0 32.55 90 39
141 20220809-11:44:18 20.0 32.55 90 39
142 20220809-11:44:31 20.0 32.55 45 39
143 20220809-11:44:37 20.0 32.55 0 39
144 20220809-11:44:37 20.0 32.55 0 39
145 20220809-11:44:47 20.0 32.55 315 39
146 20220809-11:44:49 20.0 32.55 315 39
147 20220809-11:44:57 20.0 32.55 270 39
148 20220809-11:45:09 20.0 32.55 225 39
149 20220809-11:45:17 20.0 32.55 225 39
150 20220809-11:45:21 20.0 32.55 180 39
151 20220809-11:45:27 20.0 32.55 180 39
152 20220809-11:45:30 20.0 32.55 135 39
153 20220809-11:45:42 20.0 32.55 90 39
154 20220809-11:45:43 20.0 32.55 90 39
155 20220809-11:46:02 20.0 32.55 90 39
156 20220809-11:46:20 20.0 33.45 90 39
157 20220809-11:46:21 20.0 33.45 90 39
158 20220809-11:46:28 20.0 33.55 90 39
159 20220809-11:46:44 20.0 33.55 135 39
160 20220809-11:46:52 20.0 33.55 180 39
161 20220809-11:46:53 20.0 33.55 180 39
162 20220809-11:47:02 20.0 33.55 225 39
163 20220809-11:47:03 20.0 33.55 225 39
164 20220809-11:47:15 20.0 33.55 270 39
165 20220809-11:47:24 20.0 33.55 315 39
166 20220809-11:47:24 20.0 33.55 315 39
167 20220809-11:47:38 20.0 33.55 0 39
168 20220809-11:47:44 20.0 33.55 45 39
169 20220809-11:47:47 20.0 33.55 45 39
170 20220809-11:47:58 20.0 33.55 90 39
171 20220809-11:48:04 20.0 33.55 90 39
172 20220809-11:48:28 20.0 34.45 90 40
173 20220809-11:48:31 20.0 34.45 90 40
174 20220809-11:48:51 20.0 34.45 45 40
175 20220809-11:49:03 20.0 34.45 0 40
176 20220809-11:49:10 20.0 34.45 315 40
177 20220809-11:49:24 20.0 34.45 270 40
178 20220809-11:49:32 20.0 34.45 225 40
179 20220809-11:49:33 20.0 34.45 225 40
180 20220809-11:49:47 20.0 34.45 180 40
181 20220809-11:49:48 20.0 34.45 180 40
182 20220809-11:49:53 20.0 34.45 135 40
183 20220809-11:50:10 20.0 34.45 90 40
184 20220809-11:50:39 20.0 35.45 90 40
185 20220809-11:50:49 20.0 35.45 90 40
186 20220809-11:51:02 20.0 35.45 135 40
187 20220809-11:51:16 20.0 35.45 180 40
188 20220809-11:51:24 20.0 35.45 225 40
189 20220809-11:51:37 20.0 35.45 270 40
190 20220809-11:51:44 20.0 35.45 315 40
191 20220809-11:51:54 20.0 35.45 0 40
192 20220809-11:51:59 20.0 35.45 45 40
193 20220809-11:52:03 20.0 35.45 45 40
194 20220809-11:52:18 20.0 35.45 90 40
195 20220809-11:52:41 20.0 36.55 90 41
196 20220809-11:52:42 20.0 36.55 90 41
197 20220809-11:53:01 20.0 36.55 135 41
198 20220809-11:53:09 20.0 36.55 45 41
199 20220809-11:53:10 20.0 36.55 0 41
200 20220809-11:53:18 20.0 36.55 315 41
201 20220809-11:53:29 20.0 36.55 270 41
202 20220809-11:53:40 20.0 36.55 225 41
203 20220809-11:53:51 20.0 36.55 180 41
204 20220809-11:54:02 20.0 36.55 135 41
205 20220809-11:54:13 20.0 36.55 90 41
206 20220809-11:54:45 20.0 36.55 90 41
207 20220809-11:54:45 20.0 36.55 90 41
208 20220809-11:54:58 20.0 36.55 90 41
209 20220809-11:55:18 20.0 37.45 90 41
210 20220809-11:55:33 20.0 37.45 135 41
211 20220809-11:55:36 20.0 37.45 135 41
212 20220809-11:55:43 20.0 37.45 180 41
213 20220809-11:55:52 20.0 37.45 225 41
214 20220809-11:56:03 20.0 37.45 270 41
215 20220809-11:56:04 20.0 37.45 270 41
216 20220809-11:56:21 20.0 37.45 315 41
217 20220809-11:56:22 20.0 37.45 315 41
218 20220809-11:56:30 20.0 37.45 0 41
219 20220809-11:56:42 20.0 37.45 45 41
220 20220809-11:56:57 20.0 37.45 90 41
221 20220809-11:57:24 20.0 37.45 90 41
222 20220809-11:58:14 20.0 37.45 90 41
