1 20220805-11:09:41 10.5 59.3 270 199
2 20220805-11:09:46 10.4 59.3 270 199
3 20220805-11:10:30 10.4 59.3 270 199
4 20220805-11:10:30 10.4 59.3 270 199
5 20220805-11:10:42 10.4 59.3 315 199
6 20220805-11:10:56 10.4 59.3 0 199
7 20220805-11:11:08 10.4 59.3 45 199
8 20220805-11:11:23 10.4 59.3 90 199
9 20220805-11:11:34 10.4 59.3 135 199
10 20220805-11:11:52 10.4 59.3 180 199
11 20220805-11:12:02 10.4 59.3 225 199
12 20220805-11:12:17 10.4 59.3 270 199
13 20220805-11:12:37 10.4 58.4 270 130
14 20220805-11:12:43 10.4 58.4 270 130
15 20220805-11:12:58 10.4 58.4 270 130
16 20220805-11:13:13 10.4 58.4 225 130
17 20220805-11:13:24 10.4 58.4 180 130
18 20220805-11:13:35 10.4 58.4 135 130
19 20220805-11:13:38 10.4 58.4 135 130
20 20220805-11:13:49 10.4 58.4 90 130
21 20220805-11:14:01 10.4 58.4 45 130
22 20220805-11:14:13 10.4 58.4 0 130
23 20220805-11:14:15 10.4 58.4 0 130
24 20220805-11:14:26 10.4 58.4 315 130
25 20220805-11:14:37 10.4 58.4 270 130
26 20220805-11:15:03 10.4 58.0 270 130
27 20220805-11:15:13 10.4 58.0 270 130
28 20220805-11:15:27 10.4 58.0 315 130
29 20220805-11:15:42 10.4 58.0 0 130
30 20220805-11:15:43 10.4 58.0 0 130
31 20220805-11:15:51 10.4 58.0 45 130
32 20220805-11:16:03 10.4 58.0 90 130
33 20220805-11:16:14 10.4 58.0 135 130
34 20220805-11:16:29 10.4 58.0 180 130
35 20220805-11:16:36 10.4 58.0 225 130
36 20220805-11:16:39 10.4 58.0 225 130
37 20220805-11:16:54 10.4 58.0 270 130
38 20220805-11:17:12 10.4 58.0 225 130
39 20220805-11:17:22 10.4 58.0 180 130
40 20220805-11:17:26 10.4 58.0 180 130
41 20220805-11:17:48 9.4 58.0 180 130
42 20220805-11:17:59 9.0 58.0 180 130
43 20220805-11:18:01 9.0 58.0 180 130
44 20220805-11:18:21 9.0 58.0 225 130
45 20220805-11:18:37 9.0 58.0 270 130
46 20220805-11:18:38 9.0 58.0 270 130
47 20220805-11:18:45 9.0 58.0 315 130
48 20220805-11:19:03 9.0 58.0 0 130
49 20220805-11:19:12 9.0 58.0 45 130
50 20220805-11:19:14 9.0 58.0 45 130
51 20220805-11:19:30 9.0 58.0 90 130
52 20220805-11:19:38 9.0 58.0 135 130
53 20220805-11:19:46 9.0 58.0 135 130
54 20220805-11:19:55 9.0 58.0 180 130
