1 20220708-11:06:26 31.25 71.0 270 148
2 20220708-11:06:33 31.15 70.7 270 147
3 20220708-11:06:40 31.15 69.8 270 147
4 20220708-11:06:42 31.15 69.3 270 147
5 20220708-11:06:44 31.15 68.9 270 146
6 20220708-11:06:46 31.15 68.6 270 146
7 20220708-11:06:47 31.15 68.2 270 146
8 20220708-11:06:51 31.15 68.0 270 146
9 20220708-11:06:53 31.15 67.7 270 146
10 20220708-11:06:58 31.15 67.2 270 146
11 20220708-11:07:07 31.15 66.7 270 145
12 20220708-11:07:11 31.15 65.9 270 145
13 20220708-11:07:13 31.15 65.2 270 145
14 20220708-11:07:19 31.15 64.7 270 144
15 20220708-11:07:22 31.15 64.1 270 144
16 20220708-11:07:22 31.15 64.0 270 144
17 20220708-11:07:24 31.15 63.7 270 144
18 20220708-11:07:27 31.15 63.3 270 144
19 20220708-11:07:36 31.15 63.1 270 144
20 20220708-11:07:40 31.15 62.8 270 143
21 20220708-11:07:42 31.15 62.5 270 143
22 20220708-11:07:43 31.15 62.3 270 143
23 20220708-11:07:45 31.15 62.2 270 143
24 20220708-11:07:47 31.15 62.0 270 143
25 20220708-11:07:49 31.15 61.8 270 143
26 20220708-11:07:51 31.15 61.3 270 143
27 20220708-11:07:52 31.15 61.0 270 143
28 20220708-11:07:53 31.15 60.9 270 142
29 20220708-11:07:54 31.15 60.7 270 142
30 20220708-11:07:57 31.15 60.4 270 142
31 20220708-11:08:00 31.15 60.2 270 142
32 20220708-11:08:01 31.15 60.0 270 142
33 20220708-11:08:04 31.15 59.5 270 142
34 20220708-11:08:06 31.15 59.3 270 142
35 20220708-11:08:08 31.15 59.2 270 142
36 20220708-11:08:12 31.15 59.1 270 142
37 20220708-11:08:16 31.15 58.9 270 142
38 20220708-11:08:24 31.15 58.9 315 142
39 20220708-11:08:30 31.15 58.9 315 142
40 20220708-11:08:39 31.15 58.9 315 142
41 20220708-11:08:45 31.15 58.9 315 142
42 20220708-11:09:01 31.15 58.9 0 142
43 20220708-11:09:07 31.55 58.3 0 141
44 20220708-11:09:09 31.75 57.9 0 141
45 20220708-11:09:23 31.75 57.7 315 141
46 20220708-11:09:29 31.75 57.7 315 141
47 20220708-11:09:34 31.75 57.7 270 141
48 20220708-11:09:46 31.95 57.3 270 141
49 20220708-11:09:48 31.95 57.2 270 141
50 20220708-11:09:51 31.95 57.0 270 141
51 20220708-11:09:53 31.95 56.6 270 141
52 20220708-11:09:57 32.05 56.6 270 141
53 20220708-11:09:58 32.05 56.4 270 141
54 20220708-11:09:59 32.05 56.2 270 141
55 20220708-11:10:02 32.05 55.9 270 102
56 20220708-11:10:04 32.05 55.5 270 102
57 20220708-11:10:08 32.25 55.5 270 102
58 20220708-11:10:09 32.25 55.3 270 102
59 20220708-11:10:11 32.25 55.1 270 102
60 20220708-11:10:12 32.05 55.1 270 102
61 20220708-11:10:13 32.05 54.9 270 102
62 20220708-11:10:14 32.05 54.7 270 102
63 20220708-11:10:16 32.05 54.4 270 102
64 20220708-11:10:17 32.05 54.2 270 102
65 20220708-11:10:19 32.05 54.0 270 102
66 20220708-11:10:22 32.05 53.6 270 100
67 20220708-11:10:24 32.05 53.0 270 100
68 20220708-11:10:25 32.05 52.8 270 100
69 20220708-11:10:28 32.05 52.5 270 100
70 20220708-11:10:33 32.35 51.9 270 98
71 20220708-11:10:39 32.65 51.5 270 98
72 20220708-11:10:41 32.65 51.3 270 98
73 20220708-11:10:43 32.65 50.4 270 98
74 20220708-11:10:44 32.65 50.2 270 98
75 20220708-11:10:46 32.65 49.7 270 96
76 20220708-11:10:47 32.65 49.4 270 96
77 20220708-11:10:48 32.65 49.1 270 96
78 20220708-11:10:49 32.65 48.6 270 96
79 20220708-11:10:51 32.65 48.3 270 96
80 20220708-11:10:52 32.65 48.0 270 96
81 20220708-11:10:58 32.65 48.0 270 96
82 20220708-11:11:08 32.0 46.75 270 94
83 20220708-11:11:22 31.7 45.3 270 93
84 20220708-11:11:37 31.8 42.85 270 66
85 20220708-11:11:58 31.4 42.65 225 66
86 20220708-11:12:07 31.4 42.65 225 66
87 20220708-11:12:14 31.4 42.65 180 66
88 20220708-11:12:34 30.35 42.9 180 67
89 20220708-11:12:51 30.35 42.9 135 67
90 20220708-11:12:58 30.35 42.9 180 67
91 20220708-11:13:14 29.85 43.2 180 67
92 20220708-11:13:18 29.85 43.2 135 67
93 20220708-11:13:20 29.85 43.2 90 67
94 20220708-11:13:30 29.45 43.7 90 67
95 20220708-11:13:31 29.45 43.9 90 67
96 20220708-11:13:34 29.45 44.7 90 92
97 20220708-11:13:36 29.45 45.2 90 92
98 20220708-11:13:38 29.45 45.4 90 92
99 20220708-11:13:47 29.45 45.4 45 92
100 20220708-11:13:58 29.65 45.9 90 92
101 20220708-11:14:00 29.65 46.1 90 95
102 20220708-11:14:02 29.65 47.0 90 95
103 20220708-11:14:04 29.65 47.3 90 95
104 20220708-11:14:05 29.65 47.6 90 95
105 20220708-11:14:07 29.65 47.9 90 95
106 20220708-11:14:09 29.65 48.6 90 97
107 20220708-11:14:11 29.65 48.8 90 97
108 20220708-11:14:13 29.65 49.2 90 97
109 20220708-11:14:14 29.65 49.4 90 97
110 20220708-11:14:17 29.65 49.6 90 97
111 20220708-11:14:18 29.65 49.8 90 97
112 20220708-11:14:47 29.65 49.8 180 97
113 20220708-11:15:21 28.75 49.6 180 -1
114 20220708-11:15:40 28.55 49.5 270 -1
115 20220708-11:15:50 28.55 50.3 270 -1
116 20220708-11:15:54 28.55 50.3 90 -1
117 20220708-11:15:58 28.55 50.3 90 -1
118 20220708-11:16:00 28.55 51.3 90 -1
119 20220708-11:16:02 28.55 52.5 90 -1
120 20220708-11:16:05 28.85 52.9 90 -1
121 20220708-11:16:06 28.85 53.5 90 -1
122 20220708-11:16:09 28.85 54.0 90 104
123 20220708-11:16:13 29.25 54.2 90 103
124 20220708-11:16:17 29.45 54.8 90 103
125 20220708-11:16:19 29.45 55.3 90 103
126 20220708-11:16:23 29.45 55.3 90 103
127 20220708-11:16:26 29.45 55.8 90 103
128 20220708-11:16:27 29.45 56.3 90 140
129 20220708-11:16:29 29.45 56.8 90 140
130 20220708-11:16:31 29.45 57.6 90 140
131 20220708-11:16:34 29.45 57.7 90 140
132 20220708-11:16:36 29.45 57.8 90 140
133 20220708-11:16:54 29.45 57.8 135 140
134 20220708-11:17:08 29.45 57.8 180 140
135 20220708-11:17:15 29.45 57.8 225 140
136 20220708-11:17:16 29.45 57.8 225 140
137 20220708-11:17:28 29.45 57.8 270 140
138 20220708-11:17:32 29.45 57.3 270 140
139 20220708-11:17:34 29.45 56.7 270 140
140 20220708-11:17:35 29.45 56.1 270 140
141 20220708-11:17:37 29.45 55.6 270 103
142 20220708-11:17:40 29.45 55.4 270 103
143 20220708-11:17:41 29.45 55.2 270 103
144 20220708-11:17:43 29.45 55.0 270 103
145 20220708-11:17:46 29.45 54.9 270 103
146 20220708-11:17:58 28.75 54.9 270 104
147 20220708-11:18:01 28.35 54.9 270 104
148 20220708-11:18:02 28.05 54.9 270 104
149 20220708-11:18:03 27.85 54.9 270 104
150 20220708-11:18:04 27.45 54.9 270 104
151 20220708-11:18:06 26.85 54.9 270 105
152 20220708-11:18:20 29.65 52.5 270 101
153 20220708-11:18:21 29.65 52.2 270 101
154 20220708-11:18:33 29.35 51.7 270 99
155 20220708-11:18:35 29.15 50.9 270 99
156 20220708-11:18:37 29.15 50.4 270 99
157 20220708-11:18:45 29.15 50.4 315 99
158 20220708-11:18:50 29.15 50.4 270 99
159 20220708-11:18:56 29.45 49.6 270 97
160 20220708-11:18:59 29.55 49.4 270 97
161 20220708-11:19:09 29.65 48.4 270 97
162 20220708-11:19:12 29.65 48.0 270 97
163 20220708-11:19:23 29.65 46.3 270 95
164 20220708-11:19:24 29.65 45.4 270 92
165 20220708-11:19:25 29.65 45.1 270 92
166 20220708-11:19:27 29.65 44.7 270 92
167 20220708-11:19:28 29.65 44.3 270 92
168 20220708-11:19:29 29.65 44.0 270 92
169 20220708-11:19:31 29.65 43.4 270 67
170 20220708-11:19:35 29.65 43.3 270 67
171 20220708-11:19:38 29.55 43.1 270 67
172 20220708-11:19:45 29.55 43.1 315 67
173 20220708-11:19:55 29.85 42.9 315 67
174 20220708-11:19:59 29.85 42.9 0 67
175 20220708-11:20:04 30.25 42.9 0 67
176 20220708-11:20:06 30.65 42.9 0 67
177 20220708-11:20:07 30.95 42.9 0 67
178 20220708-11:20:09 31.15 42.9 0 66
179 20220708-11:20:11 31.35 42.9 0 66
180 20220708-11:20:13 31.55 42.9 0 66
181 20220708-11:20:16 31.75 42.9 0 66
182 20220708-11:20:18 32.05 42.9 0 66
183 20220708-11:20:24 32.05 42.9 45 66
184 20220708-11:20:30 32.05 43.0 45 66
185 20220708-11:20:34 32.05 43.0 45 66
186 20220708-11:20:40 32.05 43.0 90 66
187 20220708-11:20:44 31.85 43.9 90 66
188 20220708-11:20:50 31.85 44.5 90 93
189 20220708-11:20:52 31.65 44.7 90 93
190 20220708-11:20:56 31.65 45.1 90 93
191 20220708-11:20:59 31.65 45.8 90 93
192 20220708-11:21:01 31.65 46.1 90 94
193 20220708-11:21:05 31.85 46.2 90 94
194 20220708-11:21:07 31.85 46.4 90 94
195 20220708-11:21:09 31.85 46.6 90 94
196 20220708-11:21:11 31.85 46.9 90 94
197 20220708-11:21:12 31.85 47.2 90 94
198 20220708-11:21:13 31.85 47.4 90 94
199 20220708-11:21:16 31.85 47.7 90 94
200 20220708-11:21:22 32.25 47.8 90 94
201 20220708-11:21:27 32.25 48.0 90 96
202 20220708-11:21:32 32.65 48.3 90 96
203 20220708-11:21:36 32.65 48.7 90 96
204 20220708-11:21:38 32.65 49.1 90 96
205 20220708-11:21:39 32.65 49.5 90 96
206 20220708-11:21:40 32.65 49.8 90 96
207 20220708-11:21:42 32.65 50.3 90 98
208 20220708-11:21:44 32.65 50.6 90 98
209 20220708-11:21:46 32.65 50.7 90 98
210 20220708-11:21:50 32.65 51.1 90 98
211 20220708-11:21:52 32.65 51.3 90 98
212 20220708-11:21:54 32.65 51.5 90 98
213 20220708-11:21:56 32.65 51.7 90 98
214 20220708-11:21:59 32.65 52.2 90 100
215 20220708-11:22:01 32.45 52.4 90 100
216 20220708-11:22:02 32.45 52.6 90 100
217 20220708-11:22:04 32.15 52.8 90 100
218 20220708-11:22:05 32.15 53.0 90 100
219 20220708-11:22:06 32.15 53.2 90 100
220 20220708-11:22:08 31.95 53.4 90 100
221 20220708-11:22:11 31.85 53.9 90 100
222 20220708-11:22:15 31.85 54.4 90 102
223 20220708-11:22:18 31.85 55.2 90 102
224 20220708-11:22:21 31.85 55.4 90 102
225 20220708-11:22:22 31.85 55.6 90 102
226 20220708-11:22:26 31.85 56.0 90 141
227 20220708-11:22:28 31.85 56.2 90 141
228 20220708-11:22:29 31.85 56.4 90 141
229 20220708-11:22:30 31.85 56.6 90 141
230 20220708-11:22:32 31.85 56.8 90 141
231 20220708-11:22:33 31.85 57.0 90 141
232 20220708-11:22:34 31.85 57.2 90 141
233 20220708-11:22:35 31.85 57.4 90 141
234 20220708-11:22:35 31.85 57.6 90 141
235 20220708-11:22:36 31.85 57.7 90 141
236 20220708-11:22:38 31.85 57.9 90 141
237 20220708-11:22:50 31.85 57.9 135 141
238 20220708-11:22:54 31.85 57.9 180 141
239 20220708-11:23:00 31.25 57.9 180 141
240 20220708-11:23:07 30.75 57.9 180 140
241 20220708-11:23:14 29.85 57.9 180 140
242 20220708-11:23:17 29.05 57.9 180 140
243 20220708-11:23:18 28.45 57.9 180 139
244 20220708-11:23:21 27.85 57.9 180 139
245 20220708-11:23:26 27.25 57.8 180 139
246 20220708-11:23:27 26.85 57.8 180 138
247 20220708-11:23:30 26.45 57.8 180 138
248 20220708-11:23:32 26.15 57.8 180 138
249 20220708-11:23:34 25.45 57.8 180 138
250 20220708-11:23:35 25.05 57.8 180 138
251 20220708-11:23:42 24.65 57.8 180 137
252 20220708-11:23:43 24.45 57.8 180 137
253 20220708-11:23:44 24.15 57.8 180 137
254 20220708-11:23:46 23.85 57.9 180 137
255 20220708-11:23:49 23.55 57.9 180 137
256 20220708-11:23:53 23.35 57.9 180 137
257 20220708-11:23:54 23.15 57.9 180 137
258 20220708-11:23:57 22.95 57.9 180 136
259 20220708-11:23:59 22.75 57.9 180 136
260 20220708-11:24:01 22.25 57.9 180 136
261 20220708-11:24:02 22.15 57.9 180 136
262 20220708-11:24:03 22.05 57.9 180 136
263 20220708-11:24:04 21.95 57.9 180 136
264 20220708-11:24:05 21.85 57.9 180 136
265 20220708-11:24:05 21.75 57.9 180 136
266 20220708-11:24:06 21.65 57.9 180 136
267 20220708-11:24:06 21.55 57.9 180 136
268 20220708-11:24:07 21.45 57.9 180 136
269 20220708-11:24:08 21.35 57.9 180 136
270 20220708-11:24:08 21.25 57.9 180 136
271 20220708-11:24:09 21.15 57.9 180 136
272 20220708-11:24:10 21.05 57.9 180 136
273 20220708-11:24:11 20.85 57.9 180 135
274 20220708-11:24:12 20.65 57.9 180 135
275 20220708-11:24:12 20.35 57.9 180 135
276 20220708-11:24:14 19.75 57.9 180 135
277 20220708-11:24:15 19.45 57.9 180 135
278 20220708-11:24:16 19.05 57.9 180 135
279 20220708-11:24:17 18.95 57.9 180 134
280 20220708-11:24:18 18.55 57.9 180 134
281 20220708-11:24:19 18.25 57.9 180 134
282 20220708-11:24:21 18.05 57.9 180 134
283 20220708-11:24:22 17.75 57.9 180 134
284 20220708-11:24:29 18.05 57.9 180 134
285 20220708-11:24:40 18.05 57.9 180 134
286 20220708-11:24:44 17.65 58.0 180 134
287 20220708-11:24:46 17.45 58.0 180 134
288 20220708-11:24:52 17.45 58.0 180 134
289 20220708-11:25:10 17.05 58.0 180 134
290 20220708-11:25:11 16.85 58.0 180 133
291 20220708-11:25:20 16.75 58.0 180 133
292 20220708-11:25:25 16.65 58.0 180 133
293 20220708-11:25:32 16.55 58.0 180 133
294 20220708-11:25:34 16.25 58.0 180 133
295 20220708-11:25:36 15.75 58.0 180 133
296 20220708-11:25:38 15.45 58.0 180 133
297 20220708-11:25:40 15.05 58.0 180 133
298 20220708-11:25:41 14.75 58.0 180 132
299 20220708-11:25:42 14.45 58.0 180 132
300 20220708-11:25:44 14.35 58.0 180 132
301 20220708-11:25:45 14.25 58.0 180 132
302 20220708-11:25:55 14.05 57.9 180 132
303 20220708-11:25:57 13.75 57.9 180 132
304 20220708-11:25:58 13.35 57.9 180 132
305 20220708-11:25:59 13.05 57.9 180 132
306 20220708-11:26:00 12.85 57.9 180 131
307 20220708-11:26:01 12.65 57.9 180 131
308 20220708-11:26:01 12.45 57.9 180 131
309 20220708-11:26:02 12.25 57.9 180 131
310 20220708-11:26:03 12.15 57.9 180 131
311 20220708-11:26:05 12.05 57.9 180 131
312 20220708-11:26:06 11.95 57.9 180 131
313 20220708-11:26:07 11.85 57.9 180 131
314 20220708-11:26:08 11.75 57.9 180 131
315 20220708-11:26:09 11.65 57.9 180 131
316 20220708-11:26:11 11.55 57.9 180 131
317 20220708-11:26:13 11.45 57.9 180 131
318 20220708-11:26:15 11.35 57.9 180 131
319 20220708-11:26:16 10.85 57.9 180 130
320 20220708-11:26:18 10.55 57.9 180 130
321 20220708-11:26:18 10.35 57.9 180 130
322 20220708-11:26:20 10.05 57.9 180 130
323 20220708-11:26:21 9.85 57.9 180 130
324 20220708-11:26:25 9.35 57.8 180 130
325 20220708-11:26:27 9.05 57.8 180 130
326 20220708-11:26:29 8.85 57.8 180 129
327 20220708-11:26:32 8.55 57.8 180 129
328 20220708-11:26:32 8.35 57.8 180 129
329 20220708-11:26:33 8.15 57.8 180 129
330 20220708-11:26:35 7.85 57.8 180 129
331 20220708-11:26:36 7.55 57.8 180 129
332 20220708-11:26:36 7.35 57.8 180 129
333 20220708-11:26:38 7.15 57.8 180 129
334 20220708-11:26:39 6.85 57.8 180 128
335 20220708-11:26:41 6.65 57.8 180 128
336 20220708-11:26:44 6.45 57.8 180 128
337 20220708-11:26:46 6.25 57.8 180 128
338 20220708-11:27:08 6.25 57.8 225 128
339 20220708-11:27:16 6.25 57.8 135 128
340 20220708-11:27:20 6.25 57.8 225 128
341 20220708-11:27:25 6.25 57.8 270 128
342 20220708-11:27:30 6.25 57.4 270 128
343 20220708-11:27:32 6.25 57.2 270 128
344 20220708-11:27:34 6.25 57.1 270 128
345 20220708-11:27:36 6.25 57.0 270 128
346 20220708-11:27:39 6.25 56.9 270 128
347 20220708-11:27:40 6.25 56.8 270 128
348 20220708-11:27:41 6.25 56.7 270 128
349 20220708-11:28:03 6.25 56.7 315 128
350 20220708-11:28:14 6.25 56.7 0 128
351 20220708-11:28:20 6.65 56.3 0 128
352 20220708-11:28:22 6.65 55.8 0 127
353 20220708-11:28:23 6.85 55.5 0 127
354 20220708-11:28:26 6.95 55.3 0 127
355 20220708-11:28:28 7.45 55.3 0 126
356 20220708-11:28:29 7.75 55.3 0 126
357 20220708-11:28:31 7.95 55.3 0 126
358 20220708-11:28:32 8.05 55.0 0 126
359 20220708-11:28:33 8.25 55.0 0 126
360 20220708-11:28:34 8.25 54.7 0 126
361 20220708-11:28:35 8.45 54.7 0 126
362 20220708-11:28:38 8.85 54.7 0 126
363 20220708-11:28:38 9.15 54.7 0 113
364 20220708-11:28:40 9.65 54.7 0 113
365 20220708-11:28:41 9.75 54.7 0 113
366 20220708-11:28:41 9.85 54.7 0 113
367 20220708-11:28:44 9.85 54.9 0 113
368 20220708-11:28:44 10.05 54.9 0 113
369 20220708-11:28:47 10.25 54.9 0 113
370 20220708-11:28:50 10.75 54.9 0 113
371 20220708-11:28:52 11.05 54.9 0 112
372 20220708-11:28:54 11.25 54.9 0 112
373 20220708-11:28:56 11.45 54.9 0 112
374 20220708-11:28:58 11.65 54.9 0 112
375 20220708-11:29:00 11.85 54.9 0 112
376 20220708-11:29:02 12.05 54.9 0 112
377 20220708-11:29:04 12.25 54.9 0 112
378 20220708-11:29:06 12.45 54.9 0 112
379 20220708-11:29:08 12.65 54.9 0 112
380 20220708-11:29:10 12.85 54.9 0 112
381 20220708-11:29:11 12.95 55.0 0 112
382 20220708-11:29:13 13.15 55.0 0 111
383 20220708-11:29:14 13.15 55.0 0 111
384 20220708-11:29:15 13.45 55.0 0 111
385 20220708-11:29:16 13.85 55.0 0 111
386 20220708-11:29:17 14.15 55.0 0 111
387 20220708-11:29:18 14.35 55.0 0 111
388 20220708-11:29:19 14.55 55.0 0 111
389 20220708-11:29:21 14.65 55.0 0 111
390 20220708-11:29:21 14.75 55.0 0 111
391 20220708-11:29:22 14.85 55.0 0 111
392 20220708-11:29:23 15.05 55.0 0 110
393 20220708-11:29:25 15.15 55.0 0 110
394 20220708-11:29:26 15.35 55.0 0 110
395 20220708-11:29:27 15.55 55.0 0 110
396 20220708-11:29:30 15.75 55.0 0 110
397 20220708-11:29:32 16.45 55.0 0 110
398 20220708-11:29:34 16.95 55.0 0 110
399 20220708-11:29:35 17.35 55.0 0 109
400 20220708-11:29:36 17.55 55.0 0 109
401 20220708-11:29:38 17.75 55.0 0 109
402 20220708-11:29:40 17.95 55.0 0 109
403 20220708-11:29:48 17.95 55.0 45 109
404 20220708-11:29:55 18.25 55.1 45 109
405 20220708-11:29:57 18.45 55.1 45 109
406 20220708-11:30:10 18.65 55.2 0 109
407 20220708-11:30:14 19.15 55.2 0 108
408 20220708-11:30:17 19.55 55.2 0 108
409 20220708-11:30:19 19.95 55.2 0 108
410 20220708-11:30:22 20.15 55.2 0 108
411 20220708-11:30:24 20.45 55.2 0 108
412 20220708-11:30:27 20.65 55.2 0 108
413 20220708-11:30:30 20.85 55.2 0 108
414 20220708-11:30:32 20.95 55.2 0 108
415 20220708-11:30:35 21.15 55.2 0 107
416 20220708-11:30:36 21.35 55.2 0 107
417 20220708-11:30:39 21.65 55.2 0 107
418 20220708-11:30:42 22.05 55.2 0 107
419 20220708-11:30:44 22.35 55.2 0 107
420 20220708-11:30:46 22.65 55.2 0 107
421 20220708-11:30:49 23.05 55.1 0 106
422 20220708-11:30:54 23.25 55.1 0 106
423 20220708-11:30:57 23.45 55.1 0 106
424 20220708-11:31:00 23.65 55.1 0 106
425 20220708-11:31:03 23.85 55.1 0 106
426 20220708-11:31:08 24.25 55.1 0 106
427 20220708-11:31:11 24.55 55.1 0 106
428 20220708-11:31:13 25.45 55.1 0 105
429 20220708-11:31:15 25.85 55.1 0 105
430 20220708-11:31:17 26.15 55.1 0 105
431 20220708-11:31:19 26.45 55.1 0 105
432 20220708-11:31:20 26.75 55.1 0 105
433 20220708-11:31:22 26.95 55.1 0 105
434 20220708-11:31:23 27.25 55.1 0 104
435 20220708-11:31:24 27.25 55.1 0 104
436 20220708-11:31:25 27.45 55.1 0 104
437 20220708-11:31:28 27.55 55.1 0 104
438 20220708-11:31:30 27.65 55.1 0 104
439 20220708-11:31:34 27.75 55.1 0 104
440 20220708-11:31:37 27.95 55.1 0 104
441 20220708-11:31:40 28.15 55.1 0 104
442 20220708-11:31:43 28.75 55.1 0 104
443 20220708-11:31:45 29.15 55.1 0 103
444 20220708-11:31:46 29.45 55.1 0 103
445 20220708-11:31:48 29.55 55.0 0 103
446 20220708-11:31:50 29.75 55.0 0 103
447 20220708-11:31:53 29.95 55.0 0 103
448 20220708-11:31:58 30.15 55.0 0 103
449 20220708-11:31:59 30.35 55.0 0 103
450 20220708-11:32:02 30.55 55.0 0 103
451 20220708-11:32:05 30.75 55.0 0 103
452 20220708-11:32:09 30.95 55.0 0 103
453 20220708-11:32:11 31.45 55.0 0 102
454 20220708-11:32:37 31.65 55.0 0 102
455 20220708-11:32:51 31.65 55.0 45 102
456 20220708-11:33:01 31.65 55.0 90 102
457 20220708-11:33:04 31.65 55.5 90 102
458 20220708-11:33:06 31.65 55.8 90 102
459 20220708-11:33:07 31.65 56.1 90 141
460 20220708-11:33:10 31.65 56.3 90 141
461 20220708-11:33:12 31.65 56.5 90 141
462 20220708-11:33:13 31.65 56.7 90 141
463 20220708-11:33:14 31.65 56.9 90 141
464 20220708-11:33:15 31.65 57.1 90 141
465 20220708-11:33:17 31.65 57.3 90 141
466 20220708-11:33:19 31.65 57.5 90 141
467 20220708-11:33:24 31.65 57.5 135 141
468 20220708-11:33:30 31.25 57.6 135 141
469 20220708-11:33:33 31.15 58.2 135 141
470 20220708-11:33:35 30.95 58.6 135 142
471 20220708-11:33:38 30.95 58.9 135 142
472 20220708-11:33:54 30.95 59.0 135 142
473 20220708-11:33:56 30.95 59.0 90 142
474 20220708-11:34:01 30.95 59.8 90 142
475 20220708-11:34:02 30.95 60.0 90 142
476 20220708-11:34:05 30.95 60.3 90 142
477 20220708-11:34:07 30.95 60.6 90 142
478 20220708-11:34:09 30.95 60.8 90 142
479 20220708-11:34:12 30.95 61.0 90 143
480 20220708-11:34:17 30.95 61.5 90 143
481 20220708-11:34:18 30.95 61.7 90 143
482 20220708-11:34:24 30.95 62.2 90 143
483 20220708-11:34:26 30.95 62.6 90 143
484 20220708-11:34:27 30.95 62.8 90 143
485 20220708-11:34:31 30.95 63.2 90 144
486 20220708-11:34:33 30.95 63.5 90 144
487 20220708-11:34:34 30.95 63.8 90 144
488 20220708-11:34:35 30.95 64.0 90 144
489 20220708-11:34:37 30.95 64.2 90 144
490 20220708-11:34:39 30.95 64.4 90 144
491 20220708-11:34:40 30.95 64.6 90 144
492 20220708-11:34:42 30.95 64.8 90 144
493 20220708-11:34:44 30.95 65.0 90 145
494 20220708-11:34:46 30.95 65.5 90 145
495 20220708-11:34:49 30.95 65.6 90 145
496 20220708-11:34:51 30.95 65.7 90 145
497 20220708-11:34:53 30.95 65.8 90 145
498 20220708-11:34:54 30.95 65.9 90 145
499 20220708-11:34:56 30.95 66.0 90 145
500 20220708-11:34:57 30.95 66.1 90 145
501 20220708-11:34:58 30.95 66.3 90 145
502 20220708-11:34:59 30.95 66.5 90 145
503 20220708-11:35:00 30.95 66.7 90 145
504 20220708-11:35:01 30.95 66.9 90 145
505 20220708-11:35:04 30.95 67.1 90 146
506 20220708-11:35:05 30.95 67.3 90 146
507 20220708-11:35:08 30.95 67.5 90 146
508 20220708-11:35:09 30.95 67.5 90 146
509 20220708-11:35:10 30.95 67.7 90 146
510 20220708-11:35:12 30.95 68.1 90 146
511 20220708-11:35:14 30.95 68.3 90 146
512 20220708-11:35:16 30.95 68.5 90 146
513 20220708-11:35:17 30.95 68.7 90 146
514 20220708-11:35:18 30.95 68.9 90 146
515 20220708-11:35:19 30.95 69.1 90 147
516 20220708-11:35:20 30.95 69.3 90 147
517 20220708-11:35:21 30.95 69.5 90 147
518 20220708-11:35:23 30.95 69.6 90 147
519 20220708-11:35:25 30.95 69.7 90 147
520 20220708-11:35:33 30.95 69.8 90 147
521 20220708-11:35:34 30.95 70.0 90 147
522 20220708-11:35:35 30.95 70.2 90 147
523 20220708-11:35:37 30.95 70.4 90 147
524 20220708-11:35:40 30.95 70.6 90 147
525 20220708-11:35:41 30.95 70.8 90 147
526 20220708-11:35:43 30.95 71.0 90 148
527 20220708-11:35:44 30.95 71.2 90 148
528 20220708-11:35:45 30.95 71.4 90 148
529 20220708-11:35:46 30.95 71.6 90 148
530 20220708-11:35:47 30.95 71.8 90 148
531 20220708-11:35:57 30.95 71.8 90 148
