1 20220721-14:08:39 31.7 72.05 270 148
2 20220721-14:08:43 31.4 71.95 270 148
3 20220721-14:08:44 31.4 71.75 270 148
4 20220721-14:08:45 31.4 71.55 270 148
5 20220721-14:08:47 31.4 71.35 270 148
6 20220721-14:08:49 31.4 71.25 270 148
7 20220721-14:08:51 31.4 71.05 270 148
8 20220721-14:08:52 31.4 70.85 270 147
9 20220721-14:08:54 31.4 70.65 270 147
10 20220721-14:08:55 31.4 70.55 270 147
11 20220721-14:08:56 31.4 70.35 270 147
12 20220721-14:08:57 31.4 70.25 270 147
13 20220721-14:08:58 31.4 70.15 270 147
14 20220721-14:08:59 31.4 70.05 270 147
15 20220721-14:09:00 31.4 69.85 270 147
16 20220721-14:09:00 31.4 69.75 270 147
17 20220721-14:09:01 31.4 69.65 270 147
18 20220721-14:09:03 31.4 69.55 270 147
19 20220721-14:09:06 31.4 69.45 270 147
20 20220721-14:09:07 31.4 69.35 270 147
21 20220721-14:09:08 31.4 69.15 270 147
22 20220721-14:09:09 31.4 68.95 270 146
23 20220721-14:09:10 31.4 68.75 270 146
24 20220721-14:09:11 31.4 68.75 270 146
25 20220721-14:09:12 31.4 68.65 270 146
26 20220721-14:09:14 31.4 68.55 270 146
27 20220721-14:09:14 31.4 68.45 270 146
28 20220721-14:09:15 31.4 68.35 270 146
29 20220721-14:09:17 31.4 68.25 270 146
30 20220721-14:09:18 31.4 68.15 270 146
31 20220721-14:09:19 31.4 68.05 270 146
32 20220721-14:09:20 31.4 67.95 270 146
33 20220721-14:09:21 31.4 67.85 270 146
34 20220721-14:09:22 31.4 67.75 270 146
35 20220721-14:09:22 31.4 67.65 270 146
36 20220721-14:09:23 31.4 67.55 270 146
37 20220721-14:09:24 31.4 67.45 270 146
38 20220721-14:09:24 31.4 67.35 270 146
39 20220721-14:09:25 31.4 67.25 270 146
40 20220721-14:09:26 31.4 67.15 270 146
41 20220721-14:09:27 31.4 67.05 270 146
42 20220721-14:09:27 31.4 66.95 270 145
43 20220721-14:09:28 31.4 66.85 270 145
44 20220721-14:09:29 31.4 66.75 270 145
45 20220721-14:09:30 31.4 66.65 270 145
46 20220721-14:09:31 31.4 66.55 270 145
47 20220721-14:09:32 31.4 66.45 270 145
48 20220721-14:09:32 31.4 66.35 270 145
49 20220721-14:09:33 31.4 66.25 270 145
50 20220721-14:09:34 31.4 66.15 270 145
51 20220721-14:09:35 31.4 66.05 270 145
52 20220721-14:09:36 31.4 65.95 270 145
53 20220721-14:09:37 31.4 65.85 270 145
54 20220721-14:09:38 31.4 65.75 270 145
55 20220721-14:09:39 31.4 65.65 270 145
56 20220721-14:09:40 31.4 65.55 270 145
57 20220721-14:09:41 31.4 65.45 270 145
58 20220721-14:09:42 31.4 65.35 270 145
59 20220721-14:09:43 31.4 65.25 270 145
60 20220721-14:09:44 31.4 65.15 270 145
61 20220721-14:09:45 31.4 65.05 270 145
62 20220721-14:09:47 31.4 64.95 270 144
63 20220721-14:09:48 31.4 64.85 270 144
64 20220721-14:09:49 31.4 64.75 270 144
65 20220721-14:09:51 31.4 64.65 270 144
66 20220721-14:09:52 31.4 64.55 270 144
67 20220721-14:09:53 31.4 64.45 270 144
68 20220721-14:09:54 31.4 64.35 270 144
69 20220721-14:09:55 31.4 64.25 270 144
70 20220721-14:09:56 31.4 64.15 270 144
71 20220721-14:09:56 31.4 64.05 270 144
72 20220721-14:09:57 31.4 63.95 270 144
73 20220721-14:09:58 31.4 63.85 270 144
74 20220721-14:09:59 31.4 63.75 270 144
75 20220721-14:10:00 31.4 63.65 270 144
76 20220721-14:10:01 31.4 63.55 270 144
77 20220721-14:10:02 31.4 63.45 270 144
78 20220721-14:10:03 31.4 63.35 270 144
79 20220721-14:10:04 31.4 63.25 270 144
80 20220721-14:10:05 31.4 63.15 270 144
81 20220721-14:10:06 31.4 63.05 270 144
82 20220721-14:10:07 31.4 62.95 270 143
83 20220721-14:10:07 31.4 62.85 270 143
84 20220721-14:10:08 31.4 62.75 270 143
85 20220721-14:10:10 31.4 62.65 270 143
86 20220721-14:10:11 31.4 62.55 270 143
87 20220721-14:10:12 31.4 62.45 270 143
88 20220721-14:10:13 31.4 62.35 270 143
89 20220721-14:10:14 31.4 62.25 270 143
90 20220721-14:10:15 31.4 62.15 270 143
91 20220721-14:10:16 31.4 62.05 270 143
92 20220721-14:10:17 31.4 61.95 270 143
93 20220721-14:10:18 31.4 61.85 270 143
94 20220721-14:10:18 31.4 61.75 270 143
95 20220721-14:10:19 31.4 61.65 270 143
96 20220721-14:10:20 31.4 61.55 270 143
97 20220721-14:10:21 31.4 61.45 270 143
98 20220721-14:10:21 31.4 61.35 270 143
99 20220721-14:10:22 31.4 61.25 270 143
100 20220721-14:10:23 31.4 61.15 270 143
101 20220721-14:10:23 31.4 61.05 270 143
102 20220721-14:10:24 31.4 60.95 270 142
103 20220721-14:10:25 31.4 60.85 270 142
104 20220721-14:10:28 31.3 60.65 270 142
105 20220721-14:10:28 31.3 60.55 270 142
106 20220721-14:10:30 31.2 60.45 270 142
107 20220721-14:10:31 31.2 60.35 270 142
108 20220721-14:10:32 31.2 60.25 270 142
109 20220721-14:10:33 31.2 60.15 270 142
110 20220721-14:10:35 31.2 60.05 270 142
111 20220721-14:10:36 31.2 59.95 270 142
112 20220721-14:10:37 31.2 59.85 270 142
113 20220721-14:10:38 31.2 59.75 270 142
114 20220721-14:10:39 31.2 59.65 270 142
115 20220721-14:10:40 31.2 59.55 270 142
116 20220721-14:10:41 31.2 59.45 270 142
117 20220721-14:10:42 31.2 59.35 270 142
118 20220721-14:10:43 31.2 59.25 270 142
119 20220721-14:10:44 31.2 59.15 270 142
120 20220721-14:10:45 31.2 59.05 270 142
121 20220721-14:10:48 31.2 58.85 270 142
122 20220721-14:10:48 31.2 58.75 270 142
123 20220721-14:10:49 31.2 58.65 270 142
124 20220721-14:10:50 31.2 58.55 270 141
125 20220721-14:10:51 31.2 58.45 270 141
126 20220721-14:10:52 31.2 58.35 270 141
127 20220721-14:10:53 31.2 58.25 270 141
128 20220721-14:10:54 31.2 58.15 270 141
129 20220721-14:10:55 31.2 58.05 270 141
130 20220721-14:10:56 31.2 57.95 270 141
131 20220721-14:10:57 31.2 57.85 270 141
132 20220721-14:10:58 31.2 57.75 270 141
133 20220721-14:10:59 31.2 57.65 270 141
134 20220721-14:11:00 31.2 57.55 270 141
135 20220721-14:11:01 31.2 57.45 270 141
136 20220721-14:11:04 31.2 57.35 270 141
137 20220721-14:11:08 31.1 57.15 270 141
138 20220721-14:11:10 31.2 57.15 270 141
139 20220721-14:11:11 31.2 57.05 270 141
140 20220721-14:11:11 31.2 56.95 270 141
141 20220721-14:11:12 31.2 56.85 270 141
142 20220721-14:11:13 31.2 56.75 270 141
143 20220721-14:11:14 31.2 56.65 270 141
144 20220721-14:11:15 31.2 56.55 270 141
145 20220721-14:11:17 31.2 56.45 270 141
146 20220721-14:11:18 31.2 56.35 270 141
147 20220721-14:11:19 31.2 56.25 270 141
148 20220721-14:11:20 31.2 56.15 270 141
149 20220721-14:11:21 31.2 56.05 270 141
150 20220721-14:11:22 31.2 55.95 270 102
151 20220721-14:11:23 31.2 55.85 270 102
152 20220721-14:11:24 31.2 55.75 270 102
153 20220721-14:11:26 31.2 55.65 270 102
154 20220721-14:11:41 31.2 55.65 270 102
155 20220721-14:11:56 31.2 55.55 270 102
156 20220721-14:12:00 31.2 55.45 270 102
157 20220721-14:12:01 31.2 55.35 270 102
158 20220721-14:12:02 31.2 55.25 270 102
159 20220721-14:12:03 31.2 55.15 270 102
160 20220721-14:12:03 31.2 55.05 270 102
161 20220721-14:12:04 31.2 54.95 270 102
162 20220721-14:12:05 31.2 54.85 270 102
163 20220721-14:12:05 31.2 54.75 270 102
164 20220721-14:12:06 31.2 54.65 270 102
165 20220721-14:12:07 31.2 54.55 270 102
166 20220721-14:12:08 31.2 54.45 270 102
167 20220721-14:12:08 31.2 54.35 270 102
168 20220721-14:12:09 31.2 54.25 270 102
169 20220721-14:12:09 31.2 54.15 270 102
170 20220721-14:12:10 31.2 54.05 270 102
171 20220721-14:12:10 31.2 53.95 270 100
172 20220721-14:12:11 31.2 53.85 270 100
173 20220721-14:12:12 31.2 53.75 270 100
174 20220721-14:12:14 31.2 53.65 270 100
175 20220721-14:12:15 31.2 53.55 270 100
176 20220721-14:12:16 31.2 53.45 270 100
177 20220721-14:12:17 31.2 53.35 270 100
178 20220721-14:12:17 31.2 53.25 270 100
179 20220721-14:12:18 31.2 53.15 270 100
180 20220721-14:12:19 31.2 53.05 270 100
181 20220721-14:12:20 31.2 52.95 270 100
182 20220721-14:12:20 31.2 52.85 270 100
183 20220721-14:12:21 31.2 52.75 270 100
184 20220721-14:12:22 31.2 52.65 270 100
185 20220721-14:12:23 31.2 52.55 270 100
186 20220721-14:12:23 31.2 52.45 270 100
187 20220721-14:12:26 31.2 52.35 270 100
188 20220721-14:12:27 31.2 52.25 270 100
189 20220721-14:12:29 31.2 52.15 270 100
190 20220721-14:12:30 31.2 52.05 270 100
191 20220721-14:12:31 31.2 51.95 270 98
192 20220721-14:12:32 31.2 51.85 270 98
193 20220721-14:12:33 31.2 51.75 270 98
194 20220721-14:12:34 31.2 51.65 270 98
195 20220721-14:12:36 31.2 51.55 270 98
196 20220721-14:12:37 31.2 51.45 270 98
197 20220721-14:12:38 31.2 51.35 270 98
198 20220721-14:12:39 31.2 51.25 270 98
199 20220721-14:12:41 31.2 51.15 270 98
200 20220721-14:12:42 31.2 51.05 270 98
201 20220721-14:12:43 31.2 50.95 270 98
202 20220721-14:12:44 31.2 50.85 270 98
203 20220721-14:12:45 31.2 50.75 270 98
204 20220721-14:12:46 31.2 50.65 270 98
205 20220721-14:12:47 31.2 50.55 270 98
206 20220721-14:12:49 31.2 50.45 270 98
207 20220721-14:12:50 31.2 50.35 270 98
208 20220721-14:12:51 31.2 50.25 270 98
209 20220721-14:12:52 31.2 50.15 270 98
210 20220721-14:12:52 31.2 50.05 270 98
211 20220721-14:12:56 31.2 49.95 270 96
212 20220721-14:12:58 31.2 49.85 270 96
213 20220721-14:13:03 31.2 49.75 270 96
214 20220721-14:13:05 31.2 49.65 270 96
215 20220721-14:13:06 31.2 49.55 270 96
216 20220721-14:13:08 31.2 49.45 270 96
217 20220721-14:13:09 31.2 49.35 270 96
218 20220721-14:13:10 31.2 49.25 270 96
219 20220721-14:13:11 31.2 49.15 270 96
220 20220721-14:13:12 31.2 49.05 270 96
221 20220721-14:13:13 31.2 48.95 270 96
222 20220721-14:13:14 31.2 48.85 270 96
223 20220721-14:13:15 31.2 48.75 270 96
224 20220721-14:13:16 31.2 48.65 270 96
225 20220721-14:13:17 31.2 48.55 270 96
226 20220721-14:13:18 31.2 48.45 270 96
227 20220721-14:13:19 31.2 48.35 270 96
228 20220721-14:13:20 31.2 48.25 270 96
229 20220721-14:13:21 31.2 48.15 270 96
230 20220721-14:13:23 31.2 48.05 270 96
231 20220721-14:13:24 31.2 47.95 270 94
232 20220721-14:13:24 31.2 47.85 270 94
233 20220721-14:13:25 31.2 47.75 270 94
234 20220721-14:13:25 31.2 47.65 270 94
235 20220721-14:13:26 31.2 47.55 270 94
236 20220721-14:13:26 31.2 47.45 270 94
237 20220721-14:13:27 31.2 47.35 270 94
238 20220721-14:13:28 31.2 47.25 270 94
239 20220721-14:13:28 31.2 47.15 270 94
240 20220721-14:13:29 31.2 47.05 270 94
241 20220721-14:13:30 31.2 46.95 270 94
242 20220721-14:13:30 31.2 46.85 270 94
243 20220721-14:13:31 31.2 46.75 270 94
244 20220721-14:13:32 31.2 46.65 270 94
245 20220721-14:13:33 31.2 46.55 270 94
246 20220721-14:13:34 31.2 46.45 270 94
247 20220721-14:13:34 31.2 46.35 270 94
248 20220721-14:13:35 31.2 46.25 270 94
249 20220721-14:13:36 31.2 46.15 270 94
250 20220721-14:13:37 31.2 46.05 270 94
251 20220721-14:13:38 31.2 45.95 270 93
252 20220721-14:13:38 31.2 45.85 270 93
253 20220721-14:13:39 31.2 45.75 270 93
254 20220721-14:13:40 31.2 45.65 270 93
255 20220721-14:13:41 31.2 45.55 270 93
256 20220721-14:13:42 31.2 45.45 270 93
257 20220721-14:13:43 31.2 45.35 270 93
258 20220721-14:13:45 31.2 45.25 270 93
259 20220721-14:13:46 31.2 45.15 270 93
260 20220721-14:13:55 31.2 45.15 225 93
261 20220721-14:13:56 31.2 45.15 225 93
262 20220721-14:13:59 31.2 45.15 225 93
263 20220721-14:14:00 31.2 45.15 225 93
264 20220721-14:14:02 31.2 45.15 225 93
265 20220721-14:14:06 31.2 45.15 225 93
266 20220721-14:14:12 31.2 45.15 180 93
267 20220721-14:14:14 31.2 45.15 180 93
268 20220721-14:14:16 31.2 45.15 180 93
269 20220721-14:14:21 31.0 45.05 180 93
270 20220721-14:14:24 30.8 45.05 180 92
271 20220721-14:14:25 30.7 45.05 180 92
272 20220721-14:14:30 30.5 45.05 180 92
273 20220721-14:14:32 30.4 45.05 180 92
274 20220721-14:14:33 30.3 45.05 180 92
275 20220721-14:14:34 30.1 45.05 180 92
276 20220721-14:14:39 29.9 45.05 180 92
277 20220721-14:14:40 29.4 45.05 180 92
278 20220721-14:14:41 29.3 45.05 180 92
279 20220721-14:14:42 29.2 45.05 180 92
280 20220721-14:14:43 29.1 45.05 180 92
281 20220721-14:14:44 29.0 45.05 180 92
282 20220721-14:14:45 28.9 45.05 180 91
283 20220721-14:14:49 28.8 45.05 180 91
284 20220721-14:14:51 28.7 45.05 180 91
285 20220721-14:14:52 28.6 45.05 180 91
286 20220721-14:14:54 28.5 45.05 180 91
287 20220721-14:14:56 28.4 45.05 180 91
288 20220721-14:14:57 28.3 45.05 180 91
289 20220721-14:14:58 28.1 45.05 180 91
290 20220721-14:15:00 27.9 45.05 180 91
291 20220721-14:15:00 27.8 45.05 180 91
292 20220721-14:15:02 27.6 45.05 180 91
293 20220721-14:15:05 27.5 45.15 180 91
294 20220721-14:15:07 27.3 45.15 180 91
295 20220721-14:15:08 27.2 45.15 180 91
296 20220721-14:15:09 27.0 45.15 180 91
297 20220721-14:15:10 26.9 45.15 180 90
298 20220721-14:15:11 26.8 45.15 180 90
299 20220721-14:15:13 26.7 45.15 180 90
300 20220721-14:15:14 26.6 45.15 180 90
301 20220721-14:15:15 26.5 45.15 180 90
302 20220721-14:15:16 26.4 45.15 180 90
303 20220721-14:15:17 26.3 45.15 180 90
304 20220721-14:15:18 26.2 45.15 180 90
305 20220721-14:15:19 26.1 45.15 180 90
306 20220721-14:15:20 26.0 45.15 180 90
307 20220721-14:15:21 25.9 45.15 180 90
308 20220721-14:15:22 25.8 45.15 180 90
309 20220721-14:15:23 25.7 45.15 180 90
310 20220721-14:15:24 25.6 45.15 180 90
311 20220721-14:15:25 25.5 45.15 180 90
312 20220721-14:15:25 25.4 45.15 180 90
313 20220721-14:15:26 25.3 45.15 180 90
314 20220721-14:15:27 25.2 45.15 180 90
315 20220721-14:15:29 25.1 45.15 180 90
316 20220721-14:15:29 25.0 45.15 180 90
317 20220721-14:15:31 24.9 45.15 180 89
318 20220721-14:15:32 24.9 45.15 180 89
319 20220721-14:15:33 24.8 45.15 180 89
320 20220721-14:15:34 24.7 45.15 180 89
321 20220721-14:15:38 24.6 45.15 180 89
322 20220721-14:15:39 24.5 45.15 180 89
323 20220721-14:15:40 24.4 45.15 180 89
324 20220721-14:15:42 24.3 45.15 180 89
325 20220721-14:15:43 24.2 45.15 180 89
326 20220721-14:15:45 24.1 45.15 180 89
327 20220721-14:15:46 24.0 45.15 180 89
328 20220721-14:15:47 23.9 45.15 180 89
329 20220721-14:15:48 23.8 45.15 180 89
330 20220721-14:15:49 23.7 45.15 180 89
331 20220721-14:15:50 23.6 45.15 180 89
332 20220721-14:15:50 23.5 45.15 180 89
333 20220721-14:15:51 23.4 45.15 180 89
334 20220721-14:15:52 23.3 45.15 180 89
335 20220721-14:15:53 23.2 45.15 180 89
336 20220721-14:15:54 23.1 45.15 180 89
337 20220721-14:15:55 23.0 45.15 180 89
338 20220721-14:15:56 22.9 45.15 180 88
339 20220721-14:15:57 22.8 45.15 180 88
340 20220721-14:16:02 22.7 45.15 180 88
341 20220721-14:16:03 22.6 45.15 180 88
342 20220721-14:16:04 22.3 45.15 180 88
343 20220721-14:16:05 22.1 45.15 180 88
344 20220721-14:16:06 21.9 45.15 180 88
345 20220721-14:16:07 21.8 45.15 180 88
346 20220721-14:16:07 21.7 45.15 180 88
347 20220721-14:16:08 21.6 45.15 180 88
348 20220721-14:16:09 21.5 45.15 180 88
349 20220721-14:16:10 21.4 45.15 180 88
350 20220721-14:16:11 21.3 45.15 180 88
351 20220721-14:16:12 21.2 45.15 180 88
352 20220721-14:16:12 21.1 45.15 180 88
353 20220721-14:16:14 21.0 45.15 180 88
354 20220721-14:16:14 20.9 45.15 180 87
355 20220721-14:16:15 20.8 45.15 180 87
356 20220721-14:16:16 20.7 45.15 180 87
357 20220721-14:16:17 20.6 45.15 180 87
358 20220721-14:16:18 20.5 45.15 180 87
359 20220721-14:16:19 20.4 45.15 180 87
360 20220721-14:16:21 20.2 45.15 180 87
361 20220721-14:16:22 20.1 45.15 180 87
362 20220721-14:16:23 20.0 45.15 180 87
363 20220721-14:16:24 19.9 45.15 180 87
364 20220721-14:16:26 19.8 45.15 180 87
365 20220721-14:16:35 19.8 45.15 225 87
366 20220721-14:16:39 19.8 45.15 225 87
367 20220721-14:16:42 19.8 45.15 225 87
368 20220721-14:16:52 19.8 45.15 225 87
369 20220721-14:16:59 19.8 45.15 270 87
370 20220721-14:17:01 19.8 45.05 270 87
371 20220721-14:17:03 19.8 44.95 270 87
372 20220721-14:17:04 19.8 44.85 270 87
373 20220721-14:17:05 19.8 44.75 270 87
374 20220721-14:17:06 19.8 44.65 270 87
375 20220721-14:17:06 19.8 44.55 270 87
376 20220721-14:17:07 19.8 44.45 270 87
377 20220721-14:17:08 19.8 44.35 270 87
378 20220721-14:17:10 19.8 44.25 270 87
379 20220721-14:17:11 19.8 44.15 270 87
380 20220721-14:17:12 19.8 44.05 270 87
381 20220721-14:17:13 19.8 43.95 270 72
382 20220721-14:17:14 19.8 43.85 270 72
383 20220721-14:17:15 19.8 43.75 270 72
384 20220721-14:17:16 19.8 43.65 270 72
385 20220721-14:17:17 19.8 43.55 270 72
386 20220721-14:17:18 19.8 43.45 270 72
387 20220721-14:17:18 19.8 43.35 270 72
388 20220721-14:17:19 19.8 43.25 270 72
389 20220721-14:17:20 19.8 43.15 270 72
390 20220721-14:17:21 19.8 43.05 270 72
391 20220721-14:17:22 19.8 42.95 270 72
392 20220721-14:17:23 19.8 42.85 270 72
393 20220721-14:17:23 19.8 42.75 270 72
394 20220721-14:17:24 19.8 42.65 270 72
395 20220721-14:17:24 19.8 42.55 270 72
396 20220721-14:17:25 19.8 42.45 270 72
397 20220721-14:17:26 19.8 42.35 270 72
398 20220721-14:17:27 19.8 42.25 270 72
399 20220721-14:17:28 19.8 42.15 270 72
400 20220721-14:17:29 19.8 42.05 270 72
401 20220721-14:17:30 19.8 41.95 270 43
402 20220721-14:17:31 19.8 41.85 270 43
403 20220721-14:17:32 19.8 41.75 270 43
404 20220721-14:17:33 19.8 41.65 270 43
405 20220721-14:17:34 19.8 41.55 270 43
406 20220721-14:17:35 19.8 41.45 270 43
407 20220721-14:17:36 19.8 41.35 270 43
408 20220721-14:17:38 19.8 41.25 270 43
409 20220721-14:17:39 19.8 41.15 270 43
410 20220721-14:17:40 19.8 41.05 270 43
411 20220721-14:17:41 19.8 40.95 270 43
412 20220721-14:17:42 19.8 40.85 270 43
413 20220721-14:17:43 19.8 40.75 270 43
414 20220721-14:17:46 19.8 40.65 270 43
415 20220721-14:17:47 19.8 40.55 270 43
416 20220721-14:17:47 19.8 40.45 270 43
417 20220721-14:17:48 19.8 40.35 270 43
418 20220721-14:17:49 19.8 40.25 270 43
419 20220721-14:17:50 19.8 40.15 270 43
420 20220721-14:17:50 19.8 40.05 270 43
421 20220721-14:17:51 19.8 39.95 270 42
422 20220721-14:17:52 19.8 39.85 270 42
423 20220721-14:17:52 19.8 39.75 270 42
424 20220721-14:17:53 19.8 39.65 270 42
425 20220721-14:17:54 19.8 39.55 270 42
426 20220721-14:17:55 19.8 39.45 270 42
427 20220721-14:17:55 19.8 39.35 270 42
428 20220721-14:17:56 19.8 39.25 270 42
429 20220721-14:17:56 19.8 39.15 270 42
430 20220721-14:17:57 19.8 39.05 270 42
431 20220721-14:17:58 19.8 38.85 270 42
432 20220721-14:17:58 19.8 38.75 270 42
433 20220721-14:17:59 19.8 38.65 270 42
434 20220721-14:17:59 19.8 38.55 270 42
435 20220721-14:18:00 19.8 38.45 270 42
436 20220721-14:18:00 19.8 38.35 270 42
437 20220721-14:18:01 19.8 38.25 270 42
438 20220721-14:18:02 19.8 38.15 270 42
439 20220721-14:18:02 19.8 38.05 270 42
440 20220721-14:18:03 19.8 37.95 270 41
441 20220721-14:18:04 19.8 37.85 270 41
442 20220721-14:18:04 19.8 37.75 270 41
443 20220721-14:18:05 19.8 37.65 270 41
444 20220721-14:18:06 19.8 37.55 270 41
445 20220721-14:18:07 19.8 37.45 270 41
446 20220721-14:18:08 19.8 37.35 270 41
447 20220721-14:18:09 19.8 37.25 270 41
448 20220721-14:18:09 19.8 37.15 270 41
449 20220721-14:18:10 19.8 37.05 270 41
450 20220721-14:18:11 19.8 36.95 270 41
451 20220721-14:18:11 19.8 36.85 270 41
452 20220721-14:18:12 19.8 36.75 270 41
453 20220721-14:18:13 19.8 36.65 270 41
454 20220721-14:18:14 19.8 36.55 270 41
455 20220721-14:18:15 19.8 36.45 270 41
456 20220721-14:18:16 19.8 36.35 270 41
457 20220721-14:18:17 19.8 36.25 270 41
458 20220721-14:18:18 19.8 36.15 270 41
459 20220721-14:18:19 19.8 36.05 270 41
460 20220721-14:18:23 19.8 35.95 270 40
461 20220721-14:18:24 19.8 35.85 270 40
462 20220721-14:18:27 19.8 35.75 270 40
463 20220721-14:18:28 19.8 35.65 270 40
464 20220721-14:18:29 19.8 35.55 270 40
465 20220721-14:18:30 19.8 35.45 270 40
466 20220721-14:18:30 19.8 35.35 270 40
467 20220721-14:18:31 19.8 35.25 270 40
468 20220721-14:18:33 19.8 35.15 270 40
469 20220721-14:18:34 19.8 35.05 270 40
470 20220721-14:18:34 19.8 34.95 270 40
471 20220721-14:18:36 19.8 34.85 270 40
472 20220721-14:18:37 19.8 34.75 270 40
473 20220721-14:18:38 19.8 34.65 270 40
474 20220721-14:18:39 19.8 34.55 270 40
475 20220721-14:18:40 19.8 34.45 270 40
476 20220721-14:18:40 19.8 34.35 270 40
477 20220721-14:18:41 19.8 34.25 270 40
478 20220721-14:18:42 19.8 34.15 270 40
479 20220721-14:18:43 19.8 34.05 270 40
480 20220721-14:18:43 19.8 33.95 270 39
481 20220721-14:18:45 19.8 33.85 270 39
482 20220721-14:18:45 19.8 33.75 270 39
483 20220721-14:18:46 19.8 33.65 270 39
484 20220721-14:18:47 19.8 33.55 270 39
485 20220721-14:18:48 19.8 33.45 270 39
486 20220721-14:18:49 19.8 33.35 270 39
487 20220721-14:18:50 19.8 33.25 270 39
488 20220721-14:18:51 19.8 33.15 270 39
489 20220721-14:18:52 19.8 33.05 270 39
490 20220721-14:18:53 19.8 32.95 270 39
491 20220721-14:18:53 19.8 32.85 270 39
492 20220721-14:18:54 19.8 32.75 270 39
493 20220721-14:18:55 19.8 32.65 270 39
494 20220721-14:18:56 19.8 32.55 270 39
495 20220721-14:18:57 19.8 32.45 270 39
496 20220721-14:18:58 19.8 32.35 270 39
497 20220721-14:18:58 19.8 32.25 270 39
498 20220721-14:18:59 19.8 32.15 270 39
499 20220721-14:19:00 19.8 32.05 270 39
500 20220721-14:19:01 19.8 31.95 270 39
501 20220721-14:19:02 19.8 31.85 270 39
502 20220721-14:19:03 19.8 31.75 270 39
503 20220721-14:19:04 19.8 31.65 270 39
504 20220721-14:19:05 19.8 31.55 270 39
505 20220721-14:19:06 19.8 31.45 270 39
506 20220721-14:19:06 19.8 31.35 270 39
507 20220721-14:19:07 19.8 31.25 270 39
508 20220721-14:19:08 19.8 31.15 270 39
509 20220721-14:19:09 19.8 31.05 270 39
510 20220721-14:19:10 19.8 30.95 270 38
511 20220721-14:19:10 19.8 30.85 270 38
512 20220721-14:19:11 19.8 30.75 270 38
513 20220721-14:19:12 19.8 30.65 270 38
514 20220721-14:19:13 19.8 30.55 270 38
515 20220721-14:19:14 19.8 30.45 270 38
516 20220721-14:19:15 19.8 30.35 270 38
517 20220721-14:19:15 19.8 30.25 270 38
518 20220721-14:19:16 19.8 30.15 270 38
519 20220721-14:19:17 19.8 30.05 270 38
520 20220721-14:19:18 19.8 29.95 270 38
521 20220721-14:19:19 19.8 29.85 270 38
522 20220721-14:19:19 19.8 29.75 270 38
523 20220721-14:19:21 19.8 29.65 270 38
524 20220721-14:19:23 19.8 29.55 270 38
525 20220721-14:19:24 19.8 29.45 270 38
526 20220721-14:19:25 19.8 29.35 270 38
527 20220721-14:19:26 19.8 29.25 270 38
528 20220721-14:19:27 19.8 29.15 270 38
529 20220721-14:19:28 19.8 29.05 270 38
530 20220721-14:19:29 19.8 28.95 270 37
531 20220721-14:19:29 19.8 28.85 270 37
532 20220721-14:19:30 19.8 28.75 270 37
533 20220721-14:19:31 19.8 28.65 270 37
534 20220721-14:19:32 19.8 28.55 270 37
535 20220721-14:19:33 19.8 28.45 270 37
536 20220721-14:19:34 19.8 28.35 270 37
537 20220721-14:19:34 19.8 28.25 270 37
538 20220721-14:19:35 19.8 28.15 270 37
539 20220721-14:19:36 19.8 28.05 270 37
540 20220721-14:19:36 19.8 27.95 270 37
541 20220721-14:19:37 19.8 27.85 270 37
542 20220721-14:19:38 19.8 27.75 270 37
543 20220721-14:19:39 19.8 27.65 270 37
544 20220721-14:19:40 19.8 27.55 270 37
545 20220721-14:19:40 19.8 27.45 270 37
546 20220721-14:19:41 19.8 27.35 270 37
547 20220721-14:19:42 19.8 27.25 270 37
548 20220721-14:19:43 19.8 27.15 270 37
549 20220721-14:19:44 19.8 27.05 270 37
550 20220721-14:19:44 19.8 26.95 270 36
551 20220721-14:19:45 19.8 26.85 270 36
552 20220721-14:19:46 19.8 26.75 270 36
553 20220721-14:19:47 19.8 26.65 270 36
554 20220721-14:19:48 19.8 26.55 270 36
555 20220721-14:19:49 19.8 26.45 270 36
556 20220721-14:19:50 19.8 26.35 270 36
557 20220721-14:19:51 19.8 26.25 270 36
558 20220721-14:19:52 19.8 26.15 270 36
559 20220721-14:19:53 19.8 26.05 270 36
560 20220721-14:19:54 19.8 25.95 270 36
561 20220721-14:19:55 19.8 25.85 270 36
562 20220721-14:19:56 19.8 25.75 270 36
563 20220721-14:19:56 19.8 25.65 270 36
564 20220721-14:19:57 19.8 25.55 270 36
565 20220721-14:19:58 19.8 25.45 270 36
566 20220721-14:19:59 19.8 25.35 270 36
567 20220721-14:20:00 19.8 25.25 270 36
568 20220721-14:20:01 19.8 25.15 270 36
569 20220721-14:20:02 19.8 25.05 270 36
570 20220721-14:20:03 19.8 24.95 270 35
571 20220721-14:20:04 19.8 24.85 270 35
572 20220721-14:20:05 19.8 24.75 270 35
573 20220721-14:20:06 19.8 24.65 270 35
574 20220721-14:20:07 19.8 24.55 270 35
575 20220721-14:20:08 19.8 24.45 270 35
576 20220721-14:20:09 19.8 24.35 270 35
577 20220721-14:20:10 19.8 24.25 270 35
578 20220721-14:20:11 19.8 24.15 270 35
579 20220721-14:20:12 19.8 24.05 270 35
580 20220721-14:20:13 19.8 23.95 270 35
581 20220721-14:20:14 19.8 23.85 270 35
582 20220721-14:20:15 19.8 23.75 270 35
583 20220721-14:20:15 19.8 23.65 270 35
584 20220721-14:20:17 19.8 23.55 270 35
585 20220721-14:20:18 19.8 23.45 270 35
586 20220721-14:20:19 19.8 23.35 270 35
587 20220721-14:20:20 19.8 23.25 270 35
588 20220721-14:20:22 19.8 23.15 270 35
589 20220721-14:20:23 19.8 23.05 270 35
590 20220721-14:20:24 19.8 22.95 270 34
591 20220721-14:20:25 19.8 22.85 270 34
592 20220721-14:20:26 19.8 22.75 270 34
593 20220721-14:20:27 19.8 22.65 270 34
594 20220721-14:20:28 19.8 22.55 270 34
595 20220721-14:20:29 19.8 22.45 270 34
596 20220721-14:20:30 19.8 22.35 270 34
597 20220721-14:20:30 19.8 22.25 270 34
598 20220721-14:20:31 19.8 22.15 270 34
599 20220721-14:20:32 19.8 22.05 270 34
600 20220721-14:20:33 19.8 21.95 270 34
601 20220721-14:20:34 19.8 21.85 270 34
602 20220721-14:20:35 19.8 21.75 270 34
603 20220721-14:20:36 19.8 21.65 270 34
604 20220721-14:20:37 19.8 21.55 270 34
605 20220721-14:20:37 19.8 21.45 270 34
606 20220721-14:20:38 19.8 21.35 270 34
607 20220721-14:20:39 19.8 21.25 270 34
608 20220721-14:20:40 19.8 21.15 270 34
609 20220721-14:20:41 19.8 21.05 270 34
610 20220721-14:20:42 19.8 20.95 270 33
611 20220721-14:20:42 19.8 20.85 270 33
612 20220721-14:20:43 19.8 20.75 270 33
613 20220721-14:20:44 19.8 20.65 270 33
614 20220721-14:20:45 19.8 20.55 270 33
615 20220721-14:20:46 19.8 20.45 270 33
616 20220721-14:20:47 19.8 20.35 270 33
617 20220721-14:20:48 19.8 20.25 270 33
618 20220721-14:20:49 19.8 20.15 270 33
619 20220721-14:20:49 19.8 20.05 270 33
620 20220721-14:20:50 19.8 19.95 270 33
621 20220721-14:20:51 19.8 19.85 270 33
622 20220721-14:20:52 19.8 19.75 270 33
623 20220721-14:20:53 19.8 19.65 270 33
624 20220721-14:20:54 19.8 19.55 270 33
625 20220721-14:20:54 19.8 19.45 270 33
626 20220721-14:20:55 19.8 19.35 270 33
627 20220721-14:20:56 19.8 19.25 270 33
628 20220721-14:20:57 19.8 19.15 270 33
629 20220721-14:20:57 19.8 19.05 270 33
630 20220721-14:20:58 19.8 18.95 270 32
631 20220721-14:20:59 19.8 18.85 270 32
632 20220721-14:21:00 19.8 18.75 270 32
633 20220721-14:21:00 19.8 18.65 270 32
634 20220721-14:21:01 19.8 18.55 270 32
635 20220721-14:21:02 19.8 18.45 270 32
636 20220721-14:21:03 19.8 18.35 270 32
637 20220721-14:21:04 19.8 18.25 270 32
638 20220721-14:21:05 19.8 18.15 270 32
639 20220721-14:21:06 19.8 18.05 270 32
640 20220721-14:21:06 19.8 17.95 270 32
641 20220721-14:21:07 19.8 17.85 270 32
642 20220721-14:21:08 19.8 17.75 270 32
643 20220721-14:21:09 19.8 17.65 270 32
644 20220721-14:21:10 19.8 17.55 270 32
645 20220721-14:21:11 19.8 17.45 270 32
646 20220721-14:21:12 19.8 17.35 270 32
647 20220721-14:21:13 19.8 17.25 270 32
648 20220721-14:21:14 19.8 17.15 270 32
649 20220721-14:21:15 19.8 17.05 270 32
650 20220721-14:21:16 19.8 16.95 270 31
651 20220721-14:21:16 19.8 16.85 270 31
652 20220721-14:21:17 19.8 16.75 270 31
653 20220721-14:21:18 19.8 16.65 270 31
654 20220721-14:21:19 19.8 16.55 270 31
655 20220721-14:21:20 19.8 16.45 270 31
656 20220721-14:21:21 19.8 16.35 270 31
657 20220721-14:21:22 19.8 16.25 270 31
658 20220721-14:21:22 19.8 16.15 270 31
659 20220721-14:21:23 19.8 16.05 270 31
660 20220721-14:21:24 19.8 15.95 270 31
661 20220721-14:21:25 19.8 15.85 270 31
662 20220721-14:21:26 19.8 15.75 270 31
663 20220721-14:21:27 19.8 15.65 270 31
664 20220721-14:21:28 19.8 15.55 270 31
665 20220721-14:21:29 19.8 15.45 270 31
666 20220721-14:21:30 19.8 15.35 270 31
667 20220721-14:21:30 19.8 15.25 270 31
668 20220721-14:21:31 19.8 15.15 270 31
669 20220721-14:21:32 19.8 15.05 270 31
670 20220721-14:21:33 19.8 14.95 270 30
671 20220721-14:21:34 19.8 14.85 270 30
672 20220721-14:21:35 19.8 14.75 270 30
673 20220721-14:21:36 19.8 14.65 270 30
674 20220721-14:21:37 19.8 14.55 270 30
675 20220721-14:21:37 19.8 14.45 270 30
676 20220721-14:21:38 19.8 14.35 270 30
677 20220721-14:21:39 19.8 14.25 270 30
678 20220721-14:21:40 19.8 14.15 270 30
679 20220721-14:21:40 19.8 14.05 270 30
680 20220721-14:21:41 19.8 13.95 270 30
681 20220721-14:21:42 19.8 13.85 270 30
682 20220721-14:21:43 19.8 13.75 270 30
683 20220721-14:21:44 19.8 13.65 270 30
684 20220721-14:21:45 19.8 13.55 270 30
685 20220721-14:21:45 19.8 13.45 270 30
686 20220721-14:21:46 19.8 13.35 270 30
687 20220721-14:21:47 19.8 13.25 270 30
688 20220721-14:21:48 19.8 13.15 270 30
689 20220721-14:21:49 19.8 13.05 270 30
690 20220721-14:21:49 19.8 12.95 270 29
691 20220721-14:21:50 19.8 12.85 270 29
692 20220721-14:21:51 19.8 12.75 270 29
693 20220721-14:21:52 19.8 12.65 270 29
694 20220721-14:21:53 19.8 12.55 270 29
695 20220721-14:21:54 19.8 12.45 270 29
696 20220721-14:21:55 19.8 12.35 270 29
697 20220721-14:21:55 19.8 12.25 270 29
698 20220721-14:21:56 19.8 12.15 270 29
699 20220721-14:21:57 19.8 12.05 270 29
700 20220721-14:21:58 19.8 11.95 270 29
701 20220721-14:21:59 19.8 11.85 270 29
702 20220721-14:22:00 19.8 11.75 270 29
703 20220721-14:22:02 19.8 11.65 270 29
704 20220721-14:22:02 19.8 11.55 270 29
705 20220721-14:22:03 19.8 11.45 270 29
706 20220721-14:22:04 19.8 11.35 270 29
707 20220721-14:22:05 19.8 11.25 270 29
708 20220721-14:22:05 19.8 11.15 270 29
709 20220721-14:22:06 19.8 11.05 270 29
710 20220721-14:22:07 19.8 10.95 270 28
711 20220721-14:22:08 19.8 10.85 270 28
712 20220721-14:22:08 19.8 10.75 270 28
713 20220721-14:22:09 19.8 10.65 270 28
714 20220721-14:22:11 19.8 10.55 270 28
715 20220721-14:22:11 19.8 10.45 270 28
716 20220721-14:22:12 19.8 10.35 270 28
717 20220721-14:22:13 19.8 10.25 270 28
718 20220721-14:22:14 19.8 10.15 270 28
719 20220721-14:22:15 19.8 10.05 270 28
720 20220721-14:22:16 19.8 9.95 270 28
721 20220721-14:22:17 19.8 9.85 270 28
722 20220721-14:22:18 19.8 9.75 270 28
723 20220721-14:22:18 19.8 9.65 270 28
724 20220721-14:22:19 19.8 9.55 270 28
725 20220721-14:22:20 19.8 9.45 270 28
726 20220721-14:22:21 19.8 9.35 270 28
727 20220721-14:22:22 19.8 9.25 270 28
728 20220721-14:22:23 19.8 9.15 270 28
729 20220721-14:22:24 19.8 9.05 270 28
730 20220721-14:22:25 19.8 8.95 270 27
731 20220721-14:22:29 19.8 8.85 270 27
732 20220721-14:22:30 19.8 8.75 270 27
733 20220721-14:22:31 19.8 8.65 270 27
734 20220721-14:22:32 19.8 8.55 270 27
735 20220721-14:22:33 19.8 8.45 270 27
736 20220721-14:22:34 19.8 8.35 270 27
737 20220721-14:22:35 19.8 8.25 270 27
738 20220721-14:22:36 19.8 8.15 270 27
739 20220721-14:22:37 19.8 8.05 270 27
740 20220721-14:22:38 19.8 7.95 270 27
741 20220721-14:22:39 19.8 7.85 270 27
742 20220721-14:22:40 19.8 7.75 270 27
743 20220721-14:22:41 19.8 7.65 270 27
744 20220721-14:22:42 19.8 7.55 270 27
745 20220721-14:22:43 19.8 7.45 270 27
746 20220721-14:22:44 19.8 7.35 270 27
747 20220721-14:22:45 19.8 7.25 270 27
748 20220721-14:22:46 19.8 7.15 270 27
749 20220721-14:22:47 19.8 7.05 270 27
750 20220721-14:22:48 19.8 6.95 270 26
751 20220721-14:22:48 19.8 6.85 270 26
752 20220721-14:22:49 19.8 6.75 270 26
753 20220721-14:22:50 19.8 6.65 270 26
754 20220721-14:22:51 19.8 6.55 270 26
755 20220721-14:22:52 19.8 6.45 270 26
756 20220721-14:22:52 19.8 6.35 270 26
757 20220721-14:22:53 19.8 6.25 270 26
758 20220721-14:22:54 19.8 6.15 270 26
759 20220721-14:22:55 19.8 6.05 270 26
760 20220721-14:23:11 19.8 6.05 225 26
761 20220721-14:23:14 19.8 6.05 225 26
762 20220721-14:23:23 19.8 6.05 180 26
763 20220721-14:23:25 19.8 6.05 180 26
764 20220721-14:23:26 19.8 6.05 180 26
765 20220721-14:23:29 19.8 6.05 135 26
766 20220721-14:23:31 19.8 6.05 135 26
767 20220721-14:23:33 19.8 6.05 135 26
768 20220721-14:23:34 19.8 6.05 135 26
769 20220721-14:23:35 19.8 6.05 135 26
770 20220721-14:23:37 19.8 6.05 135 26
771 20220721-14:23:43 19.8 6.05 90 26
772 20220721-14:23:45 19.8 6.05 90 26
773 20220721-14:24:38 19.8 6.15 90 26
774 20220721-14:24:39 19.8 6.25 90 26
775 20220721-14:24:40 19.8 6.35 90 26
776 20220721-14:24:40 19.8 6.45 90 26
777 20220721-14:24:41 19.8 6.55 90 26
778 20220721-14:24:42 19.8 6.65 90 26
779 20220721-14:24:43 19.8 6.75 90 26
780 20220721-14:24:44 19.8 6.85 90 26
781 20220721-14:24:46 19.8 6.95 90 26
782 20220721-14:24:46 19.8 7.05 90 27
783 20220721-14:24:47 19.8 7.15 90 27
784 20220721-14:24:48 19.8 7.25 90 27
785 20220721-14:24:50 19.8 7.35 90 27
786 20220721-14:24:51 19.8 7.45 90 27
787 20220721-14:24:53 19.8 7.55 90 27
788 20220721-14:24:54 19.8 7.65 90 27
789 20220721-14:24:55 19.8 7.75 90 27
790 20220721-14:24:56 19.8 7.85 90 27
791 20220721-14:24:58 19.8 7.95 90 27
792 20220721-14:24:59 19.8 8.05 90 27
793 20220721-14:25:00 19.8 8.15 90 27
794 20220721-14:25:01 19.8 8.25 90 27
795 20220721-14:25:03 19.8 8.35 90 27
796 20220721-14:25:04 19.8 8.45 90 27
797 20220721-14:25:06 19.8 8.55 90 27
798 20220721-14:25:07 19.8 8.65 90 27
799 20220721-14:25:07 19.8 8.75 90 27
800 20220721-14:25:08 19.8 8.85 90 27
801 20220721-14:25:09 19.8 8.95 90 27
802 20220721-14:25:09 19.8 9.05 90 28
803 20220721-14:25:10 19.8 9.15 90 28
804 20220721-14:25:11 19.8 9.25 90 28
805 20220721-14:25:12 19.8 9.35 90 28
806 20220721-14:25:12 19.8 9.45 90 28
807 20220721-14:25:13 19.8 9.55 90 28
808 20220721-14:25:14 19.8 9.65 90 28
809 20220721-14:25:15 19.8 9.75 90 28
810 20220721-14:25:15 19.8 9.85 90 28
811 20220721-14:25:16 19.8 9.95 90 28
812 20220721-14:25:17 19.8 10.05 90 28
813 20220721-14:25:18 19.8 10.15 90 28
814 20220721-14:25:18 19.8 10.25 90 28
815 20220721-14:25:19 19.8 10.35 90 28
816 20220721-14:25:20 19.8 10.45 90 28
817 20220721-14:25:21 19.8 10.55 90 28
818 20220721-14:25:21 19.8 10.65 90 28
819 20220721-14:25:22 19.8 10.75 90 28
820 20220721-14:25:23 19.8 10.85 90 28
821 20220721-14:25:24 19.8 10.95 90 28
822 20220721-14:25:25 19.8 11.05 90 29
823 20220721-14:25:26 19.8 11.15 90 29
824 20220721-14:25:26 19.8 11.25 90 29
825 20220721-14:25:27 19.8 11.35 90 29
826 20220721-14:25:28 19.8 11.45 90 29
827 20220721-14:25:29 19.8 11.55 90 29
828 20220721-14:25:30 19.8 11.65 90 29
829 20220721-14:25:31 19.8 11.75 90 29
830 20220721-14:25:32 19.8 11.85 90 29
831 20220721-14:25:33 19.8 11.95 90 29
832 20220721-14:25:34 19.8 12.05 90 29
833 20220721-14:25:35 19.8 12.15 90 29
834 20220721-14:25:36 19.8 12.25 90 29
835 20220721-14:25:37 19.8 12.35 90 29
836 20220721-14:25:37 19.8 12.45 90 29
837 20220721-14:25:38 19.8 12.55 90 29
838 20220721-14:25:39 19.8 12.65 90 29
839 20220721-14:25:40 19.8 12.75 90 29
840 20220721-14:25:41 19.8 12.85 90 29
841 20220721-14:25:42 19.8 12.95 90 29
842 20220721-14:25:42 19.8 13.05 90 30
843 20220721-14:25:43 19.8 13.15 90 30
844 20220721-14:25:44 19.8 13.25 90 30
845 20220721-14:25:45 19.8 13.35 90 30
846 20220721-14:25:46 19.8 13.45 90 30
847 20220721-14:25:47 19.8 13.55 90 30
848 20220721-14:25:47 19.8 13.65 90 30
849 20220721-14:25:48 19.8 13.75 90 30
850 20220721-14:25:49 19.8 13.85 90 30
851 20220721-14:25:50 19.8 13.95 90 30
852 20220721-14:25:51 19.8 14.05 90 30
853 20220721-14:25:52 19.8 14.15 90 30
854 20220721-14:25:52 19.8 14.25 90 30
855 20220721-14:25:53 19.8 14.35 90 30
856 20220721-14:25:54 19.8 14.45 90 30
857 20220721-14:25:54 19.8 14.55 90 30
858 20220721-14:25:55 19.8 14.65 90 30
859 20220721-14:25:56 19.8 14.75 90 30
860 20220721-14:25:57 19.8 14.85 90 30
861 20220721-14:25:58 19.8 14.95 90 30
862 20220721-14:25:58 19.8 15.05 90 31
863 20220721-14:25:59 19.8 15.15 90 31
864 20220721-14:26:00 19.8 15.25 90 31
865 20220721-14:26:01 19.8 15.35 90 31
866 20220721-14:26:02 19.8 15.45 90 31
867 20220721-14:26:03 19.8 15.55 90 31
868 20220721-14:26:04 19.8 15.65 90 31
869 20220721-14:26:05 19.8 15.75 90 31
870 20220721-14:26:05 19.8 15.85 90 31
871 20220721-14:26:06 19.8 15.95 90 31
872 20220721-14:26:07 19.8 16.05 90 31
873 20220721-14:26:08 19.8 16.15 90 31
874 20220721-14:26:09 19.8 16.25 90 31
875 20220721-14:26:09 19.8 16.35 90 31
876 20220721-14:26:10 19.8 16.45 90 31
877 20220721-14:26:11 19.8 16.55 90 31
878 20220721-14:26:12 19.8 16.65 90 31
879 20220721-14:26:13 19.8 16.75 90 31
880 20220721-14:26:14 19.8 16.85 90 31
881 20220721-14:26:15 19.8 16.95 90 31
882 20220721-14:26:16 19.8 17.05 90 32
883 20220721-14:26:16 19.8 17.15 90 32
884 20220721-14:26:18 19.8 17.25 90 32
885 20220721-14:26:19 19.8 17.35 90 32
886 20220721-14:26:19 19.8 17.45 90 32
887 20220721-14:26:20 19.8 17.55 90 32
888 20220721-14:26:21 19.8 17.65 90 32
889 20220721-14:26:22 19.8 17.75 90 32
890 20220721-14:26:23 19.8 17.85 90 32
891 20220721-14:26:23 19.8 17.95 90 32
892 20220721-14:26:24 19.8 18.05 90 32
893 20220721-14:26:25 19.8 18.15 90 32
894 20220721-14:26:27 19.8 18.25 90 32
895 20220721-14:26:27 19.8 18.35 90 32
896 20220721-14:26:28 19.8 18.45 90 32
897 20220721-14:26:29 19.8 18.55 90 32
898 20220721-14:26:30 19.8 18.65 90 32
899 20220721-14:26:31 19.8 18.75 90 32
900 20220721-14:26:31 19.8 18.85 90 32
901 20220721-14:26:32 19.8 18.95 90 32
902 20220721-14:26:33 19.8 19.05 90 33
903 20220721-14:26:34 19.8 19.15 90 33
904 20220721-14:26:35 19.8 19.25 90 33
905 20220721-14:26:36 19.8 19.35 90 33
906 20220721-14:26:37 19.8 19.45 90 33
907 20220721-14:26:38 19.8 19.55 90 33
908 20220721-14:26:39 19.8 19.65 90 33
909 20220721-14:26:40 19.8 19.75 90 33
910 20220721-14:26:41 19.8 19.85 90 33
911 20220721-14:26:42 19.8 19.95 90 33
912 20220721-14:26:43 19.8 20.05 90 33
913 20220721-14:26:43 19.8 20.15 90 33
914 20220721-14:26:44 19.8 20.25 90 33
915 20220721-14:26:45 19.8 20.35 90 33
916 20220721-14:26:46 19.8 20.45 90 33
917 20220721-14:26:47 19.8 20.55 90 33
918 20220721-14:26:48 19.8 20.65 90 33
919 20220721-14:26:49 19.8 20.75 90 33
920 20220721-14:26:50 19.8 20.85 90 33
921 20220721-14:26:50 19.8 20.95 90 33
922 20220721-14:26:51 19.8 21.05 90 34
923 20220721-14:26:52 19.8 21.15 90 34
924 20220721-14:26:53 19.8 21.25 90 34
925 20220721-14:26:54 19.8 21.35 90 34
926 20220721-14:26:55 19.8 21.45 90 34
927 20220721-14:26:56 19.8 21.55 90 34
928 20220721-14:26:57 19.8 21.65 90 34
929 20220721-14:26:58 19.8 21.75 90 34
930 20220721-14:26:59 19.8 21.85 90 34
931 20220721-14:26:59 19.8 21.95 90 34
932 20220721-14:27:00 19.8 22.05 90 34
933 20220721-14:27:01 19.8 22.15 90 34
934 20220721-14:27:02 19.8 22.25 90 34
935 20220721-14:27:03 19.8 22.35 90 34
936 20220721-14:27:04 19.8 22.45 90 34
937 20220721-14:27:05 19.8 22.55 90 34
938 20220721-14:27:05 19.8 22.65 90 34
939 20220721-14:27:06 19.8 22.75 90 34
940 20220721-14:27:07 19.8 22.85 90 34
941 20220721-14:27:08 19.8 22.95 90 34
942 20220721-14:27:09 19.8 23.05 90 35
943 20220721-14:27:10 19.8 23.15 90 35
944 20220721-14:27:11 19.8 23.25 90 35
945 20220721-14:27:11 19.8 23.35 90 35
946 20220721-14:27:12 19.8 23.45 90 35
947 20220721-14:27:13 19.8 23.55 90 35
948 20220721-14:27:14 19.8 23.65 90 35
949 20220721-14:27:15 19.8 23.75 90 35
950 20220721-14:27:16 19.8 23.85 90 35
951 20220721-14:27:17 19.8 23.95 90 35
952 20220721-14:27:23 19.8 24.05 90 35
953 20220721-14:27:24 19.8 24.15 90 35
954 20220721-14:27:25 19.8 24.25 90 35
955 20220721-14:27:26 19.8 24.35 90 35
956 20220721-14:27:27 19.8 24.45 90 35
957 20220721-14:27:28 19.8 24.55 90 35
958 20220721-14:27:29 19.8 24.65 90 35
959 20220721-14:27:29 19.8 24.75 90 35
960 20220721-14:27:30 19.8 24.85 90 35
961 20220721-14:27:31 19.8 24.95 90 35
962 20220721-14:27:32 19.8 25.05 90 36
963 20220721-14:27:33 19.8 25.15 90 36
964 20220721-14:27:34 19.8 25.25 90 36
965 20220721-14:27:35 19.8 25.35 90 36
966 20220721-14:27:35 19.8 25.45 90 36
967 20220721-14:27:36 19.8 25.55 90 36
968 20220721-14:27:37 19.8 25.65 90 36
969 20220721-14:27:38 19.8 25.75 90 36
970 20220721-14:27:39 19.8 25.85 90 36
971 20220721-14:27:39 19.8 25.95 90 36
972 20220721-14:27:40 19.8 26.05 90 36
973 20220721-14:27:42 19.8 26.15 90 36
974 20220721-14:27:43 19.8 26.25 90 36
975 20220721-14:27:44 19.8 26.35 90 36
976 20220721-14:27:45 19.8 26.45 90 36
977 20220721-14:27:46 19.8 26.55 90 36
978 20220721-14:27:47 19.8 26.65 90 36
979 20220721-14:27:48 19.8 26.75 90 36
980 20220721-14:27:48 19.8 26.85 90 36
981 20220721-14:27:49 19.8 26.95 90 36
982 20220721-14:27:50 19.8 27.05 90 37
983 20220721-14:27:51 19.8 27.15 90 37
984 20220721-14:27:52 19.8 27.25 90 37
985 20220721-14:27:53 19.8 27.35 90 37
986 20220721-14:27:54 19.8 27.45 90 37
987 20220721-14:27:55 19.8 27.55 90 37
988 20220721-14:27:56 19.8 27.65 90 37
989 20220721-14:27:57 19.8 27.75 90 37
990 20220721-14:27:58 19.8 27.85 90 37
991 20220721-14:27:59 19.8 27.95 90 37
992 20220721-14:28:00 19.8 28.05 90 37
993 20220721-14:28:01 19.8 28.15 90 37
994 20220721-14:28:02 19.8 28.25 90 37
995 20220721-14:28:03 19.8 28.35 90 37
996 20220721-14:28:03 19.8 28.45 90 37
997 20220721-14:28:04 19.8 28.55 90 37
998 20220721-14:28:05 19.8 28.65 90 37
999 20220721-14:28:06 19.8 28.75 90 37
1000 20220721-14:28:07 19.8 28.85 90 37
1001 20220721-14:28:08 19.8 28.95 90 37
1002 20220721-14:28:09 19.8 29.05 90 38
1003 20220721-14:28:10 19.8 29.15 90 38
1004 20220721-14:28:10 19.8 29.25 90 38
1005 20220721-14:28:11 19.8 29.35 90 38
1006 20220721-14:28:12 19.8 29.45 90 38
1007 20220721-14:28:14 19.8 29.55 90 38
1008 20220721-14:28:15 19.8 29.65 90 38
1009 20220721-14:28:16 19.8 29.75 90 38
1010 20220721-14:28:17 19.8 29.85 90 38
1011 20220721-14:28:18 19.8 29.95 90 38
1012 20220721-14:28:19 19.8 30.05 90 38
1013 20220721-14:28:19 19.8 30.15 90 38
1014 20220721-14:28:20 19.8 30.25 90 38
1015 20220721-14:28:21 19.8 30.35 90 38
1016 20220721-14:28:22 19.8 30.45 90 38
1017 20220721-14:28:23 19.8 30.55 90 38
1018 20220721-14:28:23 19.8 30.65 90 38
1019 20220721-14:28:24 19.8 30.75 90 38
1020 20220721-14:28:25 19.8 30.85 90 38
1021 20220721-14:28:26 19.8 30.95 90 38
1022 20220721-14:28:27 19.8 31.05 90 39
1023 20220721-14:28:29 19.8 31.15 90 39
1024 20220721-14:28:29 19.8 31.25 90 39
1025 20220721-14:28:30 19.8 31.35 90 39
1026 20220721-14:28:31 19.8 31.45 90 39
1027 20220721-14:28:32 19.8 31.55 90 39
1028 20220721-14:28:33 19.8 31.65 90 39
1029 20220721-14:28:33 19.8 31.75 90 39
1030 20220721-14:28:34 19.8 31.85 90 39
1031 20220721-14:28:35 19.8 31.95 90 39
1032 20220721-14:28:35 19.8 32.05 90 39
1033 20220721-14:28:36 19.8 32.15 90 39
1034 20220721-14:28:37 19.8 32.25 90 39
1035 20220721-14:28:38 19.8 32.35 90 39
1036 20220721-14:28:38 19.8 32.45 90 39
1037 20220721-14:28:39 19.8 32.55 90 39
1038 20220721-14:28:40 19.8 32.65 90 39
1039 20220721-14:28:41 19.8 32.75 90 39
1040 20220721-14:28:42 19.8 32.85 90 39
1041 20220721-14:28:42 19.8 32.95 90 39
1042 20220721-14:28:43 19.8 33.05 90 39
1043 20220721-14:28:44 19.8 33.15 90 39
1044 20220721-14:28:45 19.8 33.25 90 39
1045 20220721-14:28:46 19.8 33.35 90 39
1046 20220721-14:28:46 19.8 33.45 90 39
1047 20220721-14:28:47 19.8 33.55 90 39
1048 20220721-14:28:48 19.8 33.65 90 39
1049 20220721-14:28:49 19.8 33.75 90 39
1050 20220721-14:28:50 19.8 33.85 90 39
1051 20220721-14:28:50 19.8 33.95 90 39
1052 20220721-14:28:51 19.8 34.05 90 40
1053 20220721-14:28:52 19.8 34.15 90 40
1054 20220721-14:28:53 19.8 34.25 90 40
1055 20220721-14:28:54 19.8 34.35 90 40
1056 20220721-14:28:55 19.8 34.45 90 40
1057 20220721-14:28:56 19.8 34.55 90 40
1058 20220721-14:28:57 19.8 34.65 90 40
1059 20220721-14:28:58 19.8 34.75 90 40
1060 20220721-14:28:58 19.8 34.85 90 40
1061 20220721-14:28:59 19.8 34.95 90 40
1062 20220721-14:29:00 19.8 35.05 90 40
1063 20220721-14:29:01 19.8 35.15 90 40
1064 20220721-14:29:02 19.8 35.25 90 40
1065 20220721-14:29:03 19.8 35.35 90 40
1066 20220721-14:29:04 19.8 35.45 90 40
1067 20220721-14:29:05 19.8 35.55 90 40
1068 20220721-14:29:06 19.8 35.65 90 40
1069 20220721-14:29:07 19.8 35.75 90 40
1070 20220721-14:29:08 19.8 35.85 90 40
1071 20220721-14:29:09 19.8 35.95 90 40
1072 20220721-14:29:10 19.8 36.05 90 41
1073 20220721-14:29:10 19.8 36.15 90 41
1074 20220721-14:29:11 19.8 36.25 90 41
1075 20220721-14:29:12 19.8 36.35 90 41
1076 20220721-14:29:13 19.8 36.45 90 41
1077 20220721-14:29:14 19.8 36.55 90 41
1078 20220721-14:29:15 19.8 36.65 90 41
1079 20220721-14:29:16 19.8 36.75 90 41
1080 20220721-14:29:17 19.8 36.85 90 41
1081 20220721-14:29:18 19.8 36.95 90 41
1082 20220721-14:29:19 19.8 37.05 90 41
1083 20220721-14:29:20 19.8 37.15 90 41
1084 20220721-14:29:20 19.8 37.25 90 41
1085 20220721-14:29:21 19.8 37.35 90 41
1086 20220721-14:29:22 19.8 37.45 90 41
1087 20220721-14:29:23 19.8 37.55 90 41
1088 20220721-14:29:24 19.8 37.65 90 41
1089 20220721-14:29:24 19.8 37.75 90 41
1090 20220721-14:29:25 19.8 37.85 90 41
1091 20220721-14:29:26 19.8 37.95 90 41
1092 20220721-14:29:27 19.8 38.05 90 42
1093 20220721-14:29:28 19.8 38.15 90 42
1094 20220721-14:29:29 19.8 38.25 90 42
1095 20220721-14:29:30 19.8 38.35 90 42
1096 20220721-14:29:31 19.8 38.45 90 42
1097 20220721-14:29:32 19.8 38.55 90 42
1098 20220721-14:29:32 19.8 38.65 90 42
1099 20220721-14:29:33 19.8 38.75 90 42
1100 20220721-14:29:34 19.8 38.85 90 42
1101 20220721-14:29:35 19.8 38.95 90 42
1102 20220721-14:29:36 19.8 39.05 90 42
1103 20220721-14:29:37 19.8 39.15 90 42
1104 20220721-14:29:40 19.8 39.25 90 42
1105 20220721-14:29:40 19.8 39.35 90 42
1106 20220721-14:29:41 19.8 39.45 90 42
1107 20220721-14:29:42 19.8 39.55 90 42
1108 20220721-14:29:43 19.8 39.65 90 42
1109 20220721-14:29:44 19.8 39.75 90 42
1110 20220721-14:29:45 19.8 39.85 90 42
1111 20220721-14:29:46 19.8 39.95 90 42
1112 20220721-14:29:47 19.8 40.05 90 43
1113 20220721-14:29:48 19.8 40.15 90 43
1114 20220721-14:29:49 19.8 40.25 90 43
1115 20220721-14:29:49 19.8 40.35 90 43
1116 20220721-14:29:50 19.8 40.45 90 43
1117 20220721-14:29:51 19.8 40.55 90 43
1118 20220721-14:29:52 19.8 40.65 90 43
1119 20220721-14:29:53 19.8 40.75 90 43
1120 20220721-14:29:54 19.8 40.85 90 43
1121 20220721-14:29:54 19.8 40.95 90 43
1122 20220721-14:29:55 19.8 41.05 90 43
1123 20220721-14:29:56 19.8 41.15 90 43
1124 20220721-14:29:57 19.8 41.25 90 43
1125 20220721-14:29:58 19.8 41.35 90 43
1126 20220721-14:29:58 19.8 41.45 90 43
1127 20220721-14:29:59 19.8 41.55 90 43
1128 20220721-14:30:00 19.8 41.65 90 43
1129 20220721-14:30:01 19.8 41.75 90 43
1130 20220721-14:30:01 19.8 41.85 90 43
1131 20220721-14:30:02 19.8 41.95 90 43
1132 20220721-14:30:03 19.8 42.05 90 72
1133 20220721-14:30:03 19.8 42.15 90 72
1134 20220721-14:30:04 19.8 42.25 90 72
1135 20220721-14:30:06 19.8 42.35 90 72
1136 20220721-14:30:07 19.8 42.45 90 72
1137 20220721-14:30:08 19.8 42.55 90 72
1138 20220721-14:30:09 19.8 42.65 90 72
1139 20220721-14:30:10 19.8 42.75 90 72
1140 20220721-14:30:12 19.8 42.85 90 72
1141 20220721-14:30:13 19.8 42.95 90 72
1142 20220721-14:30:15 19.8 43.05 90 72
1143 20220721-14:30:15 19.8 43.15 90 72
1144 20220721-14:30:16 19.8 43.25 90 72
1145 20220721-14:30:18 19.8 43.35 90 72
1146 20220721-14:30:21 19.8 43.45 90 72
1147 20220721-14:30:22 19.8 43.55 90 72
1148 20220721-14:30:23 19.8 43.65 90 72
1149 20220721-14:30:24 19.8 43.75 90 72
1150 20220721-14:30:25 19.8 43.85 90 72
1151 20220721-14:30:26 19.8 43.95 90 72
1152 20220721-14:30:27 19.8 44.05 90 87
1153 20220721-14:30:28 19.8 44.15 90 87
1154 20220721-14:30:29 19.8 44.25 90 87
1155 20220721-14:30:30 19.8 44.35 90 87
1156 20220721-14:30:31 19.8 44.45 90 87
1157 20220721-14:30:31 19.8 44.55 90 87
1158 20220721-14:30:32 19.8 44.65 90 87
1159 20220721-14:30:33 19.8 44.75 90 87
1160 20220721-14:30:34 19.8 44.85 90 87
1161 20220721-14:30:35 19.8 44.95 90 87
1162 20220721-14:30:36 19.8 45.05 90 87
1163 20220721-14:30:36 19.8 45.15 90 87
1164 20220721-14:30:39 19.8 45.25 90 87
1165 20220721-14:30:40 19.8 45.35 90 87
1166 20220721-14:30:50 19.8 45.35 135 87
1167 20220721-14:30:54 19.8 45.35 135 87
1168 20220721-14:30:58 19.8 45.35 135 87
1169 20220721-14:31:02 19.8 45.35 135 87
1170 20220721-14:31:06 19.8 45.35 180 87
1171 20220721-14:31:13 19.7 45.35 180 87
1172 20220721-14:31:14 19.6 45.35 180 87
1173 20220721-14:31:15 19.5 45.35 180 87
1174 20220721-14:31:16 19.4 45.35 180 87
1175 20220721-14:31:17 19.3 45.35 180 87
1176 20220721-14:31:18 19.2 45.35 180 87
1177 20220721-14:31:19 19.1 45.35 180 87
1178 20220721-14:31:20 19.0 45.35 180 87
1179 20220721-14:31:20 18.9 45.35 180 86
1180 20220721-14:31:21 18.8 45.35 180 86
1181 20220721-14:31:22 18.7 45.35 180 86
1182 20220721-14:31:24 18.6 45.35 180 86
1183 20220721-14:31:25 18.5 45.35 180 86
1184 20220721-14:31:27 18.4 45.35 180 86
1185 20220721-14:31:29 18.3 45.35 180 86
1186 20220721-14:31:30 18.2 45.35 180 86
1187 20220721-14:31:31 18.1 45.35 180 86
1188 20220721-14:31:33 18.0 45.35 180 86
1189 20220721-14:31:34 17.9 45.35 180 86
1190 20220721-14:31:35 17.8 45.35 180 86
1191 20220721-14:31:35 17.7 45.35 180 86
1192 20220721-14:31:37 17.6 45.35 180 86
1193 20220721-14:31:39 17.5 45.35 180 86
1194 20220721-14:31:44 17.4 45.35 180 86
1195 20220721-14:31:45 17.3 45.35 180 86
1196 20220721-14:31:46 17.2 45.35 180 86
1197 20220721-14:31:47 17.1 45.35 180 86
1198 20220721-14:31:48 17.0 45.35 180 86
1199 20220721-14:31:49 16.9 45.35 180 85
1200 20220721-14:31:50 16.8 45.35 180 85
1201 20220721-14:31:52 16.7 45.35 180 85
1202 20220721-14:31:53 16.6 45.35 180 85
1203 20220721-14:31:54 16.5 45.35 180 85
1204 20220721-14:31:55 16.4 45.35 180 85
1205 20220721-14:31:56 16.3 45.35 180 85
1206 20220721-14:31:57 16.2 45.35 180 85
1207 20220721-14:31:58 16.1 45.35 180 85
1208 20220721-14:31:59 16.0 45.35 180 85
1209 20220721-14:32:00 15.9 45.35 180 85
1210 20220721-14:32:01 15.8 45.35 180 85
1211 20220721-14:32:02 15.7 45.35 180 85
1212 20220721-14:32:02 15.6 45.35 180 85
1213 20220721-14:32:03 15.5 45.35 180 85
1214 20220721-14:32:03 15.4 45.35 180 85
1215 20220721-14:32:04 15.3 45.35 180 85
1216 20220721-14:32:05 15.2 45.35 180 85
1217 20220721-14:32:06 15.1 45.35 180 85
1218 20220721-14:32:06 15.0 45.35 180 85
1219 20220721-14:32:07 14.9 45.35 180 84
1220 20220721-14:32:08 14.8 45.35 180 84
1221 20220721-14:32:08 14.7 45.35 180 84
1222 20220721-14:32:09 14.6 45.35 180 84
1223 20220721-14:32:09 14.5 45.35 180 84
1224 20220721-14:32:10 14.4 45.35 180 84
1225 20220721-14:32:11 14.3 45.35 180 84
1226 20220721-14:32:11 14.2 45.35 180 84
1227 20220721-14:32:12 14.1 45.35 180 84
1228 20220721-14:32:12 14.0 45.35 180 84
1229 20220721-14:32:13 13.9 45.35 180 84
1230 20220721-14:32:14 13.8 45.35 180 84
1231 20220721-14:32:17 13.6 45.35 180 84
1232 20220721-14:32:18 13.5 45.35 180 84
1233 20220721-14:32:19 13.4 45.35 180 84
1234 20220721-14:32:20 13.3 45.35 180 84
1235 20220721-14:32:20 13.2 45.35 180 84
1236 20220721-14:32:21 13.1 45.35 180 84
1237 20220721-14:32:22 13.0 45.35 180 84
1238 20220721-14:32:23 12.9 45.35 180 83
1239 20220721-14:32:25 12.8 45.35 180 83
1240 20220721-14:32:26 12.7 45.35 180 83
1241 20220721-14:32:28 12.6 45.35 180 83
1242 20220721-14:32:29 12.5 45.35 180 83
1243 20220721-14:32:30 12.4 45.35 180 83
1244 20220721-14:32:36 12.3 45.35 180 83
1245 20220721-14:32:37 12.2 45.35 180 83
1246 20220721-14:32:38 12.1 45.35 180 83
1247 20220721-14:32:39 12.0 45.35 180 83
1248 20220721-14:32:41 11.9 45.35 180 83
1249 20220721-14:32:42 11.8 45.35 180 83
1250 20220721-14:32:44 11.7 45.35 180 83
1251 20220721-14:32:45 11.6 45.35 180 83
1252 20220721-14:32:46 11.5 45.35 180 83
1253 20220721-14:32:46 11.4 45.35 180 83
1254 20220721-14:32:47 11.3 45.35 180 83
1255 20220721-14:32:48 11.2 45.35 180 83
1256 20220721-14:32:49 11.1 45.35 180 83
1257 20220721-14:32:50 11.0 45.35 180 83
1258 20220721-14:32:51 10.9 45.35 180 82
1259 20220721-14:32:52 10.8 45.35 180 82
1260 20220721-14:32:57 10.7 45.35 180 82
1261 20220721-14:32:59 10.6 45.35 180 82
1262 20220721-14:33:00 10.5 45.35 180 82
1263 20220721-14:33:02 10.4 45.35 180 82
1264 20220721-14:33:03 10.3 45.35 180 82
1265 20220721-14:33:05 10.2 45.35 180 82
1266 20220721-14:33:06 10.1 45.35 180 82
1267 20220721-14:33:07 10.0 45.35 180 82
1268 20220721-14:33:11 9.9 45.35 180 82
1269 20220721-14:33:13 9.8 45.35 180 82
1270 20220721-14:33:14 9.7 45.35 180 82
1271 20220721-14:33:15 9.6 45.35 180 82
1272 20220721-14:33:16 9.5 45.35 180 82
1273 20220721-14:33:17 9.4 45.35 180 82
1274 20220721-14:33:18 9.3 45.35 180 82
1275 20220721-14:33:19 9.2 45.35 180 82
1276 20220721-14:33:20 9.1 45.35 180 82
1277 20220721-14:33:20 9.0 45.35 180 82
1278 20220721-14:33:21 8.9 45.35 180 81
1279 20220721-14:33:22 8.8 45.35 180 81
1280 20220721-14:33:23 8.7 45.35 180 81
1281 20220721-14:33:24 8.6 45.35 180 81
1282 20220721-14:33:25 8.5 45.35 180 81
1283 20220721-14:33:43 8.5 45.35 225 81
1284 20220721-14:33:49 8.5 45.35 270 81
1285 20220721-14:33:54 8.5 45.15 270 81
1286 20220721-14:33:56 8.5 45.05 270 81
1287 20220721-14:33:57 8.5 44.95 270 81
1288 20220721-14:33:58 8.5 44.85 270 81
1289 20220721-14:33:59 8.5 44.75 270 81
1290 20220721-14:34:00 8.5 44.65 270 81
1291 20220721-14:34:01 8.5 44.55 270 81
1292 20220721-14:34:01 8.5 44.45 270 81
1293 20220721-14:34:02 8.5 44.35 270 81
1294 20220721-14:34:03 8.5 44.25 270 81
1295 20220721-14:34:04 8.5 44.15 270 81
1296 20220721-14:34:04 8.5 44.05 270 81
1297 20220721-14:34:05 8.5 43.95 270 78
1298 20220721-14:34:06 8.5 43.85 270 78
1299 20220721-14:34:07 8.5 43.75 270 78
1300 20220721-14:34:08 8.5 43.65 270 78
1301 20220721-14:34:09 8.5 43.55 270 78
1302 20220721-14:34:10 8.5 43.45 270 78
1303 20220721-14:34:12 8.5 43.35 270 78
1304 20220721-14:34:13 8.5 43.25 270 78
1305 20220721-14:34:14 8.5 43.15 270 78
1306 20220721-14:34:16 8.5 43.05 270 78
1307 20220721-14:34:18 8.5 42.95 270 78
1308 20220721-14:34:19 8.5 42.85 270 78
1309 20220721-14:34:21 8.5 42.75 270 78
1310 20220721-14:34:22 8.5 42.65 270 78
1311 20220721-14:34:23 8.5 42.55 270 78
1312 20220721-14:34:46 8.5 42.55 225 78
1313 20220721-14:34:51 8.5 42.55 225 78
1314 20220721-14:34:53 8.5 42.55 225 78
1315 20220721-14:34:54 8.5 42.55 225 78
1316 20220721-14:34:55 8.5 42.55 225 78
1317 20220721-14:34:56 8.5 42.55 225 78
1318 20220721-14:35:00 8.5 42.55 180 78
1319 20220721-14:35:08 8.5 42.55 135 78
1320 20220721-14:35:11 8.5 42.55 135 78
1321 20220721-14:35:12 8.5 42.55 135 78
1322 20220721-14:35:22 8.5 42.55 90 78
1323 20220721-14:35:30 8.5 42.65 90 78
1324 20220721-14:35:32 8.5 42.75 90 78
1325 20220721-14:35:34 8.5 42.85 90 78
1326 20220721-14:35:35 8.5 42.95 90 78
1327 20220721-14:35:36 8.5 43.05 90 78
1328 20220721-14:35:37 8.5 43.15 90 78
1329 20220721-14:35:38 8.5 43.25 90 78
1330 20220721-14:35:40 8.5 43.35 90 78
1331 20220721-14:35:42 8.5 43.45 90 78
1332 20220721-14:35:43 8.5 43.55 90 78
1333 20220721-14:35:44 8.5 43.65 90 78
1334 20220721-14:35:45 8.5 43.75 90 78
1335 20220721-14:35:45 8.5 43.85 90 78
1336 20220721-14:35:46 8.5 43.95 90 78
1337 20220721-14:35:47 8.5 44.05 90 81
1338 20220721-14:35:48 8.5 44.15 90 81
1339 20220721-14:35:49 8.5 44.25 90 81
1340 20220721-14:35:51 8.5 44.35 90 81
1341 20220721-14:35:52 8.5 44.45 90 81
1342 20220721-14:35:54 8.5 44.55 90 81
1343 20220721-14:35:55 8.5 44.65 90 81
1344 20220721-14:35:56 8.5 44.75 90 81
1345 20220721-14:35:57 8.5 44.85 90 81
1346 20220721-14:35:58 8.5 44.95 90 81
1347 20220721-14:35:59 8.5 45.05 90 81
1348 20220721-14:36:05 8.5 45.15 90 81
1349 20220721-14:36:07 8.5 45.25 90 81
1350 20220721-14:36:08 8.5 45.35 90 81
1351 20220721-14:36:09 8.5 45.45 90 81
1352 20220721-14:36:10 8.5 45.55 90 81
1353 20220721-14:36:12 8.5 45.65 90 81
1354 20220721-14:36:13 8.5 45.75 90 81
1355 20220721-14:36:13 8.5 45.85 90 81
1356 20220721-14:36:15 8.5 45.95 90 81
1357 20220721-14:36:16 8.5 46.05 90 118
1358 20220721-14:36:17 8.5 46.15 90 118
1359 20220721-14:36:20 8.5 46.25 90 118
1360 20220721-14:36:23 8.5 46.35 90 118
1361 20220721-14:36:24 8.5 46.45 90 118
1362 20220721-14:36:25 8.5 46.55 90 118
1363 20220721-14:36:26 8.5 46.65 90 118
1364 20220721-14:36:27 8.5 46.75 90 118
1365 20220721-14:36:29 8.5 46.85 90 118
1366 20220721-14:36:30 8.5 46.95 90 118
1367 20220721-14:36:32 8.5 47.05 90 118
1368 20220721-14:36:34 8.5 47.15 90 118
1369 20220721-14:36:34 8.5 47.25 90 118
1370 20220721-14:36:35 8.5 47.35 90 118
1371 20220721-14:36:36 8.5 47.45 90 118
1372 20220721-14:36:37 8.5 47.55 90 118
1373 20220721-14:36:39 8.5 47.65 90 118
1374 20220721-14:36:40 8.5 47.75 90 118
1375 20220721-14:36:40 8.5 47.85 90 118
1376 20220721-14:36:42 8.5 47.95 90 118
1377 20220721-14:36:43 8.5 48.05 90 120
1378 20220721-14:36:44 8.5 48.15 90 120
1379 20220721-14:36:46 8.5 48.25 90 120
1380 20220721-14:36:47 8.5 48.35 90 120
1381 20220721-14:36:48 8.5 48.45 90 120
1382 20220721-14:36:49 8.5 48.55 90 120
1383 20220721-14:36:50 8.5 48.65 90 120
1384 20220721-14:36:51 8.5 48.75 90 120
1385 20220721-14:36:52 8.5 48.85 90 120
1386 20220721-14:36:53 8.5 48.95 90 120
1387 20220721-14:36:53 8.5 49.05 90 120
1388 20220721-14:36:54 8.5 49.15 90 120
1389 20220721-14:36:55 8.5 49.25 90 120
1390 20220721-14:36:56 8.5 49.35 90 120
1391 20220721-14:36:57 8.5 49.45 90 120
1392 20220721-14:36:58 8.5 49.55 90 120
1393 20220721-14:36:58 8.5 49.65 90 120
1394 20220721-14:36:59 8.5 49.75 90 120
1395 20220721-14:37:00 8.5 49.85 90 120
1396 20220721-14:37:01 8.5 49.95 90 120
1397 20220721-14:37:01 8.5 50.05 90 122
1398 20220721-14:37:02 8.5 50.15 90 122
1399 20220721-14:37:03 8.5 50.25 90 122
1400 20220721-14:37:04 8.5 50.35 90 122
1401 20220721-14:37:05 8.5 50.45 90 122
1402 20220721-14:37:05 8.5 50.55 90 122
1403 20220721-14:37:06 8.5 50.65 90 122
1404 20220721-14:37:06 8.5 50.75 90 122
1405 20220721-14:37:07 8.5 50.85 90 122
1406 20220721-14:37:08 8.5 50.95 90 122
1407 20220721-14:37:08 8.5 51.05 90 122
1408 20220721-14:37:09 8.5 51.15 90 122
1409 20220721-14:37:10 8.5 51.25 90 122
1410 20220721-14:37:10 8.5 51.35 90 122
1411 20220721-14:37:11 8.5 51.45 90 122
1412 20220721-14:37:12 8.5 51.55 90 122
1413 20220721-14:37:13 8.5 51.65 90 122
1414 20220721-14:37:15 8.5 51.75 90 122
1415 20220721-14:37:16 8.5 51.85 90 122
1416 20220721-14:37:16 8.5 51.95 90 122
1417 20220721-14:37:17 8.5 52.05 90 124
1418 20220721-14:37:18 8.5 52.15 90 124
1419 20220721-14:37:19 8.5 52.25 90 124
1420 20220721-14:37:20 8.5 52.35 90 124
1421 20220721-14:37:21 8.5 52.45 90 124
1422 20220721-14:37:22 8.5 52.45 90 124
1423 20220721-14:37:24 8.5 52.55 90 124
1424 20220721-14:37:25 8.5 52.65 90 124
1425 20220721-14:37:26 8.5 52.75 90 124
1426 20220721-14:37:30 8.5 52.85 90 124
1427 20220721-14:37:31 8.5 52.95 90 124
1428 20220721-14:37:32 8.5 53.05 90 124
1429 20220721-14:37:33 8.5 53.15 90 124
1430 20220721-14:37:34 8.5 53.25 90 124
1431 20220721-14:37:35 8.5 53.35 90 124
1432 20220721-14:37:36 8.5 53.45 90 124
1433 20220721-14:37:36 8.5 53.55 90 124
1434 20220721-14:37:37 8.5 53.65 90 124
1435 20220721-14:37:38 8.5 53.75 90 124
1436 20220721-14:37:39 8.5 53.85 90 124
1437 20220721-14:37:40 8.5 53.95 90 124
1438 20220721-14:37:40 8.5 54.05 90 126
1439 20220721-14:37:41 8.5 54.15 90 126
1440 20220721-14:37:43 8.5 54.25 90 126
1441 20220721-14:37:44 8.5 54.35 90 126
1442 20220721-14:37:45 8.5 54.45 90 126
1443 20220721-14:37:46 8.5 54.55 90 126
1444 20220721-14:37:47 8.5 54.65 90 126
1445 20220721-14:37:48 8.5 54.75 90 126
1446 20220721-14:37:49 8.5 54.85 90 126
1447 20220721-14:37:51 8.5 54.95 90 126
1448 20220721-14:37:52 8.5 55.05 90 126
1449 20220721-14:37:53 8.5 55.15 90 126
1450 20220721-14:37:53 8.5 55.25 90 126
1451 20220721-14:37:54 8.5 55.35 90 126
1452 20220721-14:37:55 8.5 55.45 90 126
1453 20220721-14:37:56 8.5 55.55 90 126
1454 20220721-14:37:57 8.5 55.65 90 126
1455 20220721-14:37:57 8.5 55.75 90 126
1456 20220721-14:37:58 8.5 55.85 90 126
1457 20220721-14:37:59 8.5 55.95 90 126
1458 20220721-14:38:00 8.5 56.05 90 129
1459 20220721-14:38:01 8.5 56.15 90 129
1460 20220721-14:38:01 8.5 56.25 90 129
1461 20220721-14:38:02 8.5 56.35 90 129
1462 20220721-14:38:03 8.5 56.45 90 129
1463 20220721-14:38:04 8.5 56.55 90 129
1464 20220721-14:38:05 8.5 56.65 90 129
1465 20220721-14:38:05 8.5 56.75 90 129
1466 20220721-14:38:06 8.5 56.85 90 129
1467 20220721-14:38:07 8.5 56.95 90 129
1468 20220721-14:38:07 8.5 57.05 90 129
1469 20220721-14:38:08 8.5 57.15 90 129
1470 20220721-14:38:08 8.5 57.25 90 129
1471 20220721-14:38:09 8.5 57.35 90 129
1472 20220721-14:38:10 8.5 57.45 90 129
1473 20220721-14:38:10 8.5 57.55 90 129
1474 20220721-14:38:11 8.5 57.65 90 129
1475 20220721-14:38:11 8.5 57.75 90 129
1476 20220721-14:38:12 8.5 57.85 90 129
1477 20220721-14:38:12 8.5 57.95 90 129
1478 20220721-14:38:13 8.5 58.05 90 129
1479 20220721-14:38:13 8.5 58.15 90 129
1480 20220721-14:38:14 8.5 58.25 90 129
1481 20220721-14:38:16 8.5 58.35 90 129
1482 20220721-14:38:24 8.5 58.45 90 129
1483 20220721-14:38:32 8.5 58.45 135 129
1484 20220721-14:38:38 8.5 58.45 135 129
1485 20220721-14:38:50 8.5 58.45 180 129
1486 20220721-14:38:51 8.5 58.45 180 129
1487 20220721-14:38:53 8.5 58.45 225 129
1488 20220721-14:38:58 8.5 58.45 225 129
1489 20220721-14:38:59 8.5 58.45 225 129
1490 20220721-14:39:00 8.5 58.45 225 129
1491 20220721-14:39:01 8.5 58.45 225 129
1492 20220721-14:39:02 8.5 58.45 225 129
1493 20220721-14:39:07 8.5 58.45 270 129
1494 20220721-14:39:15 8.5 58.35 270 129
1495 20220721-14:39:16 8.5 58.25 270 129
1496 20220721-14:39:17 8.5 58.15 270 129
1497 20220721-14:39:19 8.5 58.05 270 129
1498 20220721-14:39:20 8.5 57.95 270 129
1499 20220721-14:39:21 8.5 57.85 270 129
1500 20220721-14:39:22 8.5 57.75 270 129
1501 20220721-14:39:23 8.5 57.65 270 129
1502 20220721-14:39:24 8.5 57.55 270 129
1503 20220721-14:39:25 8.5 57.45 270 129
1504 20220721-14:39:27 8.5 57.35 270 129
1505 20220721-14:39:28 8.5 57.25 270 129
1506 20220721-14:39:29 8.5 57.15 270 129
1507 20220721-14:39:30 8.5 57.05 270 129
1508 20220721-14:39:31 8.5 56.95 270 129
1509 20220721-14:39:32 8.5 56.85 270 129
1510 20220721-14:39:33 8.5 56.75 270 129
1511 20220721-14:39:34 8.5 56.65 270 129
1512 20220721-14:39:35 8.5 56.55 270 129
1513 20220721-14:39:36 8.5 56.45 270 129
1514 20220721-14:39:37 8.5 56.35 270 129
1515 20220721-14:39:38 8.5 56.25 270 129
1516 20220721-14:39:39 8.5 56.15 270 129
1517 20220721-14:39:41 8.5 56.05 270 129
1518 20220721-14:39:42 8.5 55.95 270 126
1519 20220721-14:39:43 8.5 55.85 270 126
1520 20220721-14:39:44 8.5 55.75 270 126
1521 20220721-14:39:46 8.5 55.65 270 126
1522 20220721-14:39:47 8.5 55.55 270 126
1523 20220721-14:39:48 8.5 55.45 270 126
1524 20220721-14:39:49 8.5 55.35 270 126
1525 20220721-14:39:50 8.5 55.25 270 126
1526 20220721-14:39:51 8.5 55.15 270 126
1527 20220721-14:39:51 8.5 55.05 270 126
1528 20220721-14:39:52 8.5 54.95 270 126
1529 20220721-14:39:53 8.5 54.85 270 126
1530 20220721-14:39:54 8.5 54.75 270 126
1531 20220721-14:39:55 8.5 54.65 270 126
1532 20220721-14:39:56 8.5 54.55 270 126
1533 20220721-14:39:57 8.5 54.45 270 126
1534 20220721-14:39:58 8.5 54.35 270 126
1535 20220721-14:39:59 8.5 54.25 270 126
1536 20220721-14:39:59 8.5 54.15 270 126
1537 20220721-14:40:00 8.5 54.05 270 126
1538 20220721-14:40:01 8.5 53.95 270 124
1539 20220721-14:40:02 8.5 53.85 270 124
1540 20220721-14:40:03 8.5 53.75 270 124
1541 20220721-14:40:04 8.5 53.65 270 124
1542 20220721-14:40:05 8.5 53.55 270 124
1543 20220721-14:40:06 8.5 53.45 270 124
1544 20220721-14:40:06 8.5 53.35 270 124
1545 20220721-14:40:07 8.5 53.25 270 124
1546 20220721-14:40:08 8.5 53.15 270 124
1547 20220721-14:40:08 8.5 53.05 270 124
1548 20220721-14:40:09 8.5 52.95 270 124
1549 20220721-14:40:10 8.5 52.85 270 124
1550 20220721-14:40:11 8.5 52.75 270 124
1551 20220721-14:40:11 8.5 52.65 270 124
1552 20220721-14:40:12 8.5 52.55 270 124
1553 20220721-14:40:13 8.5 52.45 270 124
1554 20220721-14:40:14 8.5 52.35 270 124
1555 20220721-14:40:15 8.5 52.25 270 124
1556 20220721-14:40:15 8.5 52.15 270 124
1557 20220721-14:40:16 8.5 52.05 270 124
1558 20220721-14:40:17 8.5 51.95 270 122
1559 20220721-14:40:17 8.5 51.85 270 122
1560 20220721-14:40:19 8.5 51.75 270 122
1561 20220721-14:40:20 8.5 51.65 270 122
1562 20220721-14:40:20 8.5 51.55 270 122
1563 20220721-14:40:21 8.5 51.45 270 122
1564 20220721-14:40:22 8.5 51.35 270 122
1565 20220721-14:40:22 8.5 51.25 270 122
1566 20220721-14:40:23 8.5 51.15 270 122
1567 20220721-14:40:24 8.5 51.05 270 122
1568 20220721-14:40:25 8.5 50.95 270 122
1569 20220721-14:40:25 8.5 50.85 270 122
1570 20220721-14:40:27 8.5 50.75 270 122
1571 20220721-14:40:28 8.5 50.65 270 122
1572 20220721-14:40:29 8.5 50.55 270 122
1573 20220721-14:40:30 8.5 50.45 270 122
1574 20220721-14:40:31 8.5 50.35 270 122
1575 20220721-14:40:32 8.5 50.25 270 122
1576 20220721-14:40:33 8.5 50.15 270 122
1577 20220721-14:40:34 8.5 50.05 270 122
1578 20220721-14:40:35 8.5 49.95 270 120
1579 20220721-14:40:35 8.5 49.85 270 120
1580 20220721-14:40:36 8.5 49.75 270 120
1581 20220721-14:40:37 8.5 49.65 270 120
1582 20220721-14:40:37 8.5 49.55 270 120
1583 20220721-14:40:38 8.5 49.45 270 120
1584 20220721-14:40:40 8.5 49.35 270 120
1585 20220721-14:40:42 8.5 49.25 270 120
1586 20220721-14:40:42 8.5 49.15 270 120
1587 20220721-14:40:43 8.5 49.05 270 120
1588 20220721-14:40:44 8.5 48.95 270 120
1589 20220721-14:40:45 8.5 48.85 270 120
1590 20220721-14:40:46 8.5 48.75 270 120
1591 20220721-14:40:47 8.5 48.65 270 120
1592 20220721-14:40:48 8.5 48.55 270 120
1593 20220721-14:40:49 8.5 48.45 270 120
1594 20220721-14:40:50 8.5 48.35 270 120
1595 20220721-14:40:50 8.5 48.25 270 120
1596 20220721-14:40:51 8.5 48.15 270 120
1597 20220721-14:40:52 8.5 48.05 270 120
1598 20220721-14:40:52 8.5 47.95 270 118
1599 20220721-14:40:53 8.5 47.85 270 118
1600 20220721-14:40:54 8.5 47.75 270 118
1601 20220721-14:40:55 8.5 47.65 270 118
1602 20220721-14:40:56 8.5 47.55 270 118
1603 20220721-14:40:57 8.5 47.45 270 118
1604 20220721-14:40:58 8.5 47.35 270 118
1605 20220721-14:40:58 8.5 47.25 270 118
1606 20220721-14:40:59 8.5 47.15 270 118
1607 20220721-14:40:59 8.5 47.05 270 118
1608 20220721-14:41:00 8.5 46.95 270 118
1609 20220721-14:41:01 8.5 46.85 270 118
1610 20220721-14:41:02 8.5 46.75 270 118
1611 20220721-14:41:03 8.5 46.65 270 118
1612 20220721-14:41:06 8.5 46.55 270 118
1613 20220721-14:41:08 8.5 46.45 270 118
1614 20220721-14:41:09 8.5 46.35 270 118
1615 20220721-14:41:10 8.5 46.25 270 118
1616 20220721-14:41:12 8.5 46.15 270 118
1617 20220721-14:41:13 8.5 46.05 270 118
1618 20220721-14:41:16 8.5 45.95 270 81
1619 20220721-14:41:25 8.5 45.85 270 81
1620 20220721-14:41:27 8.5 45.75 270 81
1621 20220721-14:41:28 8.5 45.65 270 81
1622 20220721-14:41:29 8.5 45.55 270 81
1623 20220721-14:41:31 8.5 45.45 270 81
1624 20220721-14:41:46 8.5 45.45 315 81
1625 20220721-14:41:52 8.5 45.45 315 81
1626 20220721-14:41:58 8.5 45.45 315 81
1627 20220721-14:42:00 8.5 45.45 315 81
1628 20220721-14:42:09 8.5 45.45 315 81
1629 20220721-14:42:12 8.5 45.45 0 81
1630 20220721-14:42:17 8.6 45.45 0 81
1631 20220721-14:42:18 8.7 45.45 0 81
1632 20220721-14:42:19 8.8 45.45 0 81
1633 20220721-14:42:20 8.9 45.45 0 81
1634 20220721-14:42:21 9.0 45.45 0 82
1635 20220721-14:42:22 9.1 45.45 0 82
1636 20220721-14:42:25 9.3 45.45 0 82
1637 20220721-14:42:27 9.4 45.45 0 82
1638 20220721-14:42:27 9.5 45.45 0 82
1639 20220721-14:42:28 9.6 45.45 0 82
1640 20220721-14:42:30 9.7 45.45 0 82
1641 20220721-14:42:30 9.8 45.45 0 82
1642 20220721-14:42:31 9.9 45.45 0 82
1643 20220721-14:42:31 10.0 45.45 0 82
1644 20220721-14:42:32 10.1 45.45 0 82
1645 20220721-14:42:33 10.2 45.45 0 82
1646 20220721-14:42:33 10.3 45.45 0 82
1647 20220721-14:42:34 10.4 45.45 0 82
1648 20220721-14:42:35 10.5 45.45 0 82
1649 20220721-14:42:35 10.6 45.45 0 82
1650 20220721-14:42:36 10.7 45.45 0 82
1651 20220721-14:42:37 10.8 45.45 0 82
1652 20220721-14:42:38 10.9 45.45 0 82
1653 20220721-14:42:40 10.9 45.45 0 82
1654 20220721-14:42:41 10.9 45.45 0 82
1655 20220721-14:42:43 11.0 45.45 0 83
1656 20220721-14:42:46 11.1 45.45 0 83
1657 20220721-14:42:48 11.2 45.45 0 83
1658 20220721-14:42:49 11.3 45.45 0 83
1659 20220721-14:42:50 11.4 45.45 0 83
1660 20220721-14:42:51 11.5 45.45 0 83
1661 20220721-14:42:52 11.6 45.45 0 83
1662 20220721-14:42:52 11.7 45.45 0 83
1663 20220721-14:42:53 11.8 45.45 0 83
1664 20220721-14:42:54 11.9 45.45 0 83
1665 20220721-14:42:55 12.0 45.45 0 83
1666 20220721-14:42:56 12.1 45.45 0 83
1667 20220721-14:42:57 12.2 45.45 0 83
1668 20220721-14:42:57 12.3 45.45 0 83
1669 20220721-14:42:58 12.4 45.45 0 83
1670 20220721-14:42:59 12.5 45.45 0 83
1671 20220721-14:43:00 12.6 45.45 0 83
1672 20220721-14:43:01 12.7 45.45 0 83
1673 20220721-14:43:02 12.8 45.45 0 83
1674 20220721-14:43:03 12.9 45.45 0 83
1675 20220721-14:43:03 13.0 45.45 0 84
1676 20220721-14:43:05 13.1 45.45 0 84
1677 20220721-14:43:05 13.2 45.45 0 84
1678 20220721-14:43:06 13.3 45.45 0 84
1679 20220721-14:43:07 13.4 45.45 0 84
1680 20220721-14:43:07 13.5 45.45 0 84
1681 20220721-14:43:08 13.6 45.45 0 84
1682 20220721-14:43:09 13.7 45.45 0 84
1683 20220721-14:43:10 13.8 45.45 0 84
1684 20220721-14:43:10 13.9 45.45 0 84
1685 20220721-14:43:11 14.0 45.45 0 84
1686 20220721-14:43:12 14.1 45.45 0 84
1687 20220721-14:43:13 14.2 45.45 0 84
1688 20220721-14:43:14 14.3 45.45 0 84
1689 20220721-14:43:15 14.4 45.45 0 84
1690 20220721-14:43:15 14.5 45.45 0 84
1691 20220721-14:43:16 14.6 45.45 0 84
1692 20220721-14:43:17 14.7 45.45 0 84
1693 20220721-14:43:18 14.8 45.45 0 84
1694 20220721-14:43:20 14.9 45.45 0 84
1695 20220721-14:43:21 15.0 45.45 0 85
1696 20220721-14:43:22 15.1 45.45 0 85
1697 20220721-14:43:23 15.2 45.45 0 85
1698 20220721-14:43:24 15.3 45.45 0 85
1699 20220721-14:43:26 15.4 45.45 0 85
1700 20220721-14:43:28 15.5 45.45 0 85
1701 20220721-14:43:28 15.6 45.45 0 85
1702 20220721-14:43:29 15.7 45.45 0 85
1703 20220721-14:43:30 15.8 45.45 0 85
1704 20220721-14:43:30 15.9 45.45 0 85
1705 20220721-14:43:31 16.0 45.45 0 85
1706 20220721-14:43:32 16.1 45.45 0 85
1707 20220721-14:43:33 16.2 45.45 0 85
1708 20220721-14:43:33 16.3 45.45 0 85
1709 20220721-14:43:34 16.4 45.45 0 85
1710 20220721-14:43:35 16.5 45.45 0 85
1711 20220721-14:43:35 16.6 45.45 0 85
1712 20220721-14:43:36 16.7 45.45 0 85
1713 20220721-14:43:37 16.8 45.45 0 85
1714 20220721-14:43:38 16.9 45.45 0 85
1715 20220721-14:43:38 17.0 45.45 0 86
1716 20220721-14:43:39 17.1 45.45 0 86
1717 20220721-14:43:40 17.2 45.45 0 86
1718 20220721-14:43:41 17.3 45.45 0 86
1719 20220721-14:43:42 17.4 45.45 0 86
1720 20220721-14:43:43 17.5 45.45 0 86
1721 20220721-14:43:43 17.6 45.45 0 86
1722 20220721-14:43:44 17.7 45.45 0 86
1723 20220721-14:43:45 17.8 45.45 0 86
1724 20220721-14:43:46 17.9 45.45 0 86
1725 20220721-14:43:47 18.0 45.45 0 86
1726 20220721-14:43:48 18.1 45.45 0 86
1727 20220721-14:43:49 18.2 45.45 0 86
1728 20220721-14:43:50 18.3 45.45 0 86
1729 20220721-14:43:51 18.4 45.45 0 86
1730 20220721-14:43:52 18.5 45.45 0 86
1731 20220721-14:43:53 18.6 45.45 0 86
1732 20220721-14:43:53 18.7 45.45 0 86
1733 20220721-14:43:54 18.8 45.45 0 86
1734 20220721-14:43:54 18.9 45.45 0 86
1735 20220721-14:43:55 19.0 45.45 0 87
1736 20220721-14:43:56 19.1 45.45 0 87
1737 20220721-14:43:57 19.2 45.45 0 87
1738 20220721-14:43:57 19.3 45.45 0 87
1739 20220721-14:43:58 19.4 45.45 0 87
1740 20220721-14:43:59 19.5 45.45 0 87
1741 20220721-14:44:00 19.6 45.45 0 87
1742 20220721-14:44:01 19.7 45.45 0 87
1743 20220721-14:44:02 19.8 45.45 0 87
1744 20220721-14:44:03 19.9 45.45 0 87
1745 20220721-14:44:03 20.0 45.45 0 87
1746 20220721-14:44:04 20.1 45.45 0 87
1747 20220721-14:44:05 20.2 45.45 0 87
1748 20220721-14:44:05 20.3 45.45 0 87
1749 20220721-14:44:06 20.4 45.45 0 87
1750 20220721-14:44:07 20.5 45.45 0 87
1751 20220721-14:44:07 20.6 45.45 0 87
1752 20220721-14:44:08 20.7 45.45 0 87
1753 20220721-14:44:08 20.8 45.45 0 87
1754 20220721-14:44:09 20.9 45.45 0 87
1755 20220721-14:44:10 21.0 45.45 0 88
1756 20220721-14:44:10 21.1 45.45 0 88
1757 20220721-14:44:11 21.2 45.45 0 88
1758 20220721-14:44:12 21.3 45.45 0 88
1759 20220721-14:44:13 21.4 45.45 0 88
1760 20220721-14:44:13 21.5 45.45 0 88
1761 20220721-14:44:14 21.6 45.45 0 88
1762 20220721-14:44:15 21.7 45.45 0 88
1763 20220721-14:44:15 21.8 45.45 0 88
1764 20220721-14:44:16 21.9 45.45 0 88
1765 20220721-14:44:17 22.0 45.45 0 88
1766 20220721-14:44:17 22.1 45.45 0 88
1767 20220721-14:44:18 22.2 45.45 0 88
1768 20220721-14:44:18 22.3 45.45 0 88
1769 20220721-14:44:19 22.4 45.45 0 88
1770 20220721-14:44:20 22.5 45.45 0 88
1771 20220721-14:44:20 22.6 45.45 0 88
1772 20220721-14:44:21 22.7 45.45 0 88
1773 20220721-14:44:22 22.8 45.45 0 88
1774 20220721-14:44:23 22.9 45.45 0 88
1775 20220721-14:44:25 23.0 45.45 0 89
1776 20220721-14:44:29 23.1 45.45 0 89
1777 20220721-14:44:30 23.2 45.45 0 89
1778 20220721-14:44:32 23.3 45.45 0 89
1779 20220721-14:44:33 23.4 45.45 0 89
1780 20220721-14:44:35 23.5 45.45 0 89
1781 20220721-14:44:36 23.6 45.45 0 89
1782 20220721-14:44:38 23.7 45.45 0 89
1783 20220721-14:44:39 23.8 45.45 0 89
1784 20220721-14:44:40 23.9 45.45 0 89
1785 20220721-14:44:40 24.0 45.45 0 89
1786 20220721-14:44:41 24.1 45.45 0 89
1787 20220721-14:44:42 24.2 45.45 0 89
1788 20220721-14:44:43 24.3 45.45 0 89
1789 20220721-14:44:43 24.4 45.45 0 89
1790 20220721-14:44:44 24.5 45.45 0 89
1791 20220721-14:44:45 24.6 45.45 0 89
1792 20220721-14:44:46 24.7 45.45 0 89
1793 20220721-14:44:47 24.8 45.45 0 89
1794 20220721-14:44:47 24.9 45.45 0 89
1795 20220721-14:44:48 25.0 45.45 0 90
1796 20220721-14:44:49 25.1 45.45 0 90
1797 20220721-14:44:50 25.2 45.45 0 90
1798 20220721-14:44:51 25.3 45.45 0 90
1799 20220721-14:44:52 25.4 45.45 0 90
1800 20220721-14:44:53 25.5 45.45 0 90
1801 20220721-14:44:54 25.6 45.45 0 90
1802 20220721-14:44:55 25.7 45.45 0 90
1803 20220721-14:44:56 25.8 45.45 0 90
1804 20220721-14:44:56 25.9 45.45 0 90
1805 20220721-14:44:57 26.0 45.45 0 90
1806 20220721-14:44:58 26.1 45.45 0 90
1807 20220721-14:44:59 26.2 45.45 0 90
1808 20220721-14:45:00 26.3 45.45 0 90
1809 20220721-14:45:00 26.4 45.45 0 90
1810 20220721-14:45:01 26.5 45.45 0 90
1811 20220721-14:45:02 26.6 45.45 0 90
1812 20220721-14:45:02 26.7 45.45 0 90
1813 20220721-14:45:03 26.8 45.45 0 90
1814 20220721-14:45:03 26.9 45.45 0 90
1815 20220721-14:45:04 27.0 45.45 0 91
1816 20220721-14:45:05 27.1 45.45 0 91
1817 20220721-14:45:05 27.2 45.45 0 91
1818 20220721-14:45:06 27.3 45.45 0 91
1819 20220721-14:45:06 27.4 45.45 0 91
1820 20220721-14:45:07 27.5 45.45 0 91
1821 20220721-14:45:08 27.6 45.45 0 91
1822 20220721-14:45:08 27.7 45.45 0 91
1823 20220721-14:45:09 27.8 45.45 0 91
1824 20220721-14:45:10 27.9 45.45 0 91
1825 20220721-14:45:10 28.0 45.45 0 91
1826 20220721-14:45:11 28.1 45.45 0 91
1827 20220721-14:45:11 28.2 45.45 0 91
1828 20220721-14:45:12 28.3 45.45 0 91
1829 20220721-14:45:13 28.4 45.45 0 91
1830 20220721-14:45:14 28.5 45.45 0 91
1831 20220721-14:45:15 28.6 45.45 0 91
1832 20220721-14:45:16 28.7 45.45 0 91
1833 20220721-14:45:16 28.8 45.45 0 91
1834 20220721-14:45:17 28.9 45.45 0 91
1835 20220721-14:45:18 29.0 45.45 0 92
1836 20220721-14:45:18 29.1 45.45 0 92
1837 20220721-14:45:19 29.2 45.45 0 92
1838 20220721-14:45:20 29.3 45.45 0 92
1839 20220721-14:45:21 29.4 45.45 0 92
1840 20220721-14:45:21 29.5 45.45 0 92
1841 20220721-14:45:23 29.6 45.45 0 92
1842 20220721-14:45:27 29.6 45.45 0 92
1843 20220721-14:45:29 29.6 45.45 0 92
1844 20220721-14:45:58 29.5 45.45 0 92
1845 20220721-14:45:59 29.4 45.45 0 92
1846 20220721-14:46:00 29.3 45.45 0 92
1847 20220721-14:46:01 29.2 45.45 0 92
1848 20220721-14:46:05 29.1 45.45 0 92
1849 20220721-14:46:10 29.1 45.45 45 92
1850 20220721-14:46:12 29.1 45.45 45 92
1851 20220721-14:46:15 29.1 45.45 45 92
1852 20220721-14:46:16 29.1 45.45 90 92
1853 20220721-14:46:17 29.1 45.45 90 92
1854 20220721-14:46:18 29.1 45.55 90 92
1855 20220721-14:46:19 29.1 45.65 90 92
1856 20220721-14:46:20 29.1 45.75 90 92
1857 20220721-14:46:21 29.1 45.85 90 92
1858 20220721-14:46:22 29.1 45.95 90 92
1859 20220721-14:46:24 29.1 46.05 90 95
1860 20220721-14:46:25 29.1 46.15 90 95
1861 20220721-14:46:27 29.1 46.25 90 95
1862 20220721-14:46:28 29.1 46.35 90 95
1863 20220721-14:46:30 29.1 46.45 90 95
1864 20220721-14:46:31 29.1 46.55 90 95
1865 20220721-14:46:32 29.1 46.65 90 95
1866 20220721-14:46:33 29.1 46.75 90 95
1867 20220721-14:46:34 29.1 46.85 90 95
1868 20220721-14:46:34 29.1 46.95 90 95
1869 20220721-14:46:35 29.1 47.05 90 95
1870 20220721-14:46:36 29.1 47.15 90 95
1871 20220721-14:46:37 29.1 47.25 90 95
1872 20220721-14:46:38 29.1 47.35 90 95
1873 20220721-14:46:38 29.1 47.45 90 95
1874 20220721-14:46:39 29.1 47.55 90 95
1875 20220721-14:46:40 29.1 47.65 90 95
1876 20220721-14:46:41 29.1 47.75 90 95
1877 20220721-14:46:42 29.1 47.85 90 95
1878 20220721-14:46:43 29.1 47.95 90 95
1879 20220721-14:46:43 29.1 48.05 90 97
1880 20220721-14:46:44 29.1 48.15 90 97
1881 20220721-14:46:45 29.1 48.25 90 97
1882 20220721-14:46:46 29.1 48.35 90 97
1883 20220721-14:46:47 29.1 48.45 90 97
1884 20220721-14:46:47 29.1 48.55 90 97
1885 20220721-14:46:48 29.1 48.65 90 97
1886 20220721-14:46:49 29.1 48.75 90 97
1887 20220721-14:46:50 29.1 48.85 90 97
1888 20220721-14:46:51 29.1 48.95 90 97
1889 20220721-14:46:52 29.1 49.05 90 97
1890 20220721-14:46:52 29.1 49.15 90 97
1891 20220721-14:46:53 29.1 49.25 90 97
1892 20220721-14:46:54 29.1 49.35 90 97
1893 20220721-14:46:55 29.1 49.45 90 97
1894 20220721-14:46:56 29.1 49.55 90 97
1895 20220721-14:46:58 29.1 49.65 90 97
1896 20220721-14:47:00 29.1 49.75 90 97
1897 20220721-14:47:01 29.1 49.85 90 97
1898 20220721-14:47:03 29.1 49.95 90 97
1899 20220721-14:47:04 29.1 50.05 90 99
1900 20220721-14:47:05 29.1 50.15 90 99
1901 20220721-14:47:06 29.1 50.25 90 99
1902 20220721-14:47:07 29.1 50.35 90 99
1903 20220721-14:47:08 29.1 50.45 90 99
1904 20220721-14:47:09 29.1 50.55 90 99
1905 20220721-14:47:10 29.1 50.65 90 99
1906 20220721-14:47:11 29.1 50.75 90 99
1907 20220721-14:47:12 29.1 50.85 90 99
1908 20220721-14:47:12 29.1 50.95 90 99
1909 20220721-14:47:13 29.1 51.05 90 99
1910 20220721-14:47:14 29.1 51.15 90 99
1911 20220721-14:47:14 29.1 51.25 90 99
1912 20220721-14:47:15 29.1 51.35 90 99
1913 20220721-14:47:16 29.1 51.45 90 99
1914 20220721-14:47:17 29.1 51.55 90 99
1915 20220721-14:47:17 29.1 51.65 90 99
1916 20220721-14:47:18 29.1 51.75 90 99
1917 20220721-14:47:23 29.1 52.15 90 101
1918 20220721-14:47:24 29.1 52.25 90 101
1919 20220721-14:47:25 29.1 52.35 90 101
1920 20220721-14:47:26 29.1 52.45 90 101
1921 20220721-14:47:27 29.1 52.55 90 101
1922 20220721-14:47:28 29.1 52.65 90 101
1923 20220721-14:47:28 29.1 52.75 90 101
1924 20220721-14:47:30 29.1 52.85 90 101
1925 20220721-14:47:31 29.1 52.95 90 101
1926 20220721-14:47:33 29.1 53.05 90 101
1927 20220721-14:47:33 29.1 53.15 90 101
1928 20220721-14:47:35 29.1 53.25 90 101
1929 20220721-14:47:36 29.1 53.35 90 101
1930 20220721-14:47:37 29.1 53.55 90 101
1931 20220721-14:47:40 29.1 53.65 90 101
1932 20220721-14:47:41 29.1 53.75 90 101
1933 20220721-14:47:42 29.1 53.85 90 101
1934 20220721-14:47:44 29.1 53.95 90 101
1935 20220721-14:47:47 29.1 54.05 90 103
1936 20220721-14:47:49 29.1 54.15 90 103
1937 20220721-14:47:51 29.1 54.25 90 103
1938 20220721-14:47:52 29.1 54.35 90 103
1939 20220721-14:47:53 29.1 54.45 90 103
1940 20220721-14:47:57 29.1 54.55 90 103
1941 20220721-14:48:15 29.1 54.55 45 103
1942 20220721-14:48:19 29.3 54.65 45 103
1943 20220721-14:48:21 29.4 54.75 45 103
1944 20220721-14:48:22 29.5 54.85 45 103
1945 20220721-14:48:23 29.6 54.95 45 103
1946 20220721-14:48:25 29.7 55.05 45 103
1947 20220721-14:48:27 29.8 55.15 45 103
1948 20220721-14:48:28 29.9 55.25 45 103
1949 20220721-14:48:30 30.0 55.35 45 103
1950 20220721-14:48:31 30.1 55.45 45 103
1951 20220721-14:48:33 30.1 55.55 45 103
1952 20220721-14:48:34 30.2 55.65 45 103
1953 20220721-14:48:35 30.3 55.85 45 103
1954 20220721-14:48:36 30.4 56.05 45 140
1955 20220721-14:48:37 30.4 56.15 45 140
1956 20220721-14:48:38 30.5 56.45 45 140
1957 20220721-14:48:38 30.5 56.65 45 140
1958 20220721-14:48:39 30.5 56.75 45 140
1959 20220721-14:48:40 30.5 56.85 45 140
1960 20220721-14:48:41 30.5 56.95 45 140
1961 20220721-14:48:42 30.6 57.15 45 140
1962 20220721-14:48:43 30.7 57.25 45 140
1963 20220721-14:48:44 30.8 57.45 45 140
1964 20220721-14:48:46 31.0 57.65 45 141
1965 20220721-14:48:48 31.1 57.75 45 141
1966 20220721-14:48:50 31.0 57.95 45 141
1967 20220721-14:48:51 31.0 58.05 45 141
1968 20220721-14:48:52 31.0 58.05 45 141
1969 20220721-14:48:53 31.2 58.25 45 141
1970 20220721-14:48:55 31.2 58.45 45 141
1971 20220721-14:48:58 31.2 58.55 90 141
1972 20220721-14:49:00 31.2 58.65 90 142
1973 20220721-14:49:01 31.2 58.75 90 142
1974 20220721-14:49:02 31.2 58.85 90 142
1975 20220721-14:49:03 31.2 58.95 90 142
1976 20220721-14:49:04 31.2 59.05 90 142
1977 20220721-14:49:05 31.2 59.15 90 142
1978 20220721-14:49:06 31.2 59.25 90 142
1979 20220721-14:49:06 31.2 59.35 90 142
1980 20220721-14:49:07 31.2 59.45 90 142
1981 20220721-14:49:08 31.2 59.55 90 142
1982 20220721-14:49:08 31.2 59.65 90 142
1983 20220721-14:49:09 31.2 59.75 90 142
1984 20220721-14:49:10 31.2 59.85 90 142
1985 20220721-14:49:11 31.2 59.95 90 142
1986 20220721-14:49:11 31.2 60.05 90 142
1987 20220721-14:49:12 31.2 60.15 90 142
1988 20220721-14:49:14 31.2 60.25 90 142
1989 20220721-14:49:14 31.2 60.35 90 142
1990 20220721-14:49:15 31.2 60.45 90 142
1991 20220721-14:49:16 31.2 60.55 90 142
1992 20220721-14:49:17 31.2 60.65 90 142
1993 20220721-14:49:17 31.2 60.75 90 142
1994 20220721-14:49:18 31.2 60.85 90 142
1995 20220721-14:49:19 31.2 60.95 90 142
1996 20220721-14:49:21 31.2 61.05 90 143
1997 20220721-14:49:22 31.2 61.15 90 143
1998 20220721-14:49:22 31.2 61.25 90 143
1999 20220721-14:49:24 31.2 61.35 90 143
2000 20220721-14:49:25 31.2 61.45 90 143
2001 20220721-14:49:25 31.2 61.55 90 143
2002 20220721-14:49:26 31.2 61.65 90 143
2003 20220721-14:49:27 31.2 61.75 90 143
2004 20220721-14:49:28 31.2 61.85 90 143
2005 20220721-14:49:29 31.2 61.95 90 143
2006 20220721-14:49:30 31.2 62.05 90 143
2007 20220721-14:49:31 31.2 62.15 90 143
2008 20220721-14:49:32 31.2 62.25 90 143
2009 20220721-14:49:33 31.2 62.35 90 143
2010 20220721-14:49:33 31.2 62.45 90 143
2011 20220721-14:49:34 31.2 62.55 90 143
2012 20220721-14:49:35 31.2 62.65 90 143
2013 20220721-14:49:36 31.2 62.75 90 143
2014 20220721-14:49:36 31.2 62.85 90 143
2015 20220721-14:49:37 31.2 62.95 90 143
2016 20220721-14:49:38 31.2 63.05 90 144
2017 20220721-14:49:38 31.2 63.15 90 144
2018 20220721-14:49:39 31.2 63.25 90 144
2019 20220721-14:49:40 31.2 63.35 90 144
2020 20220721-14:49:41 31.2 63.45 90 144
2021 20220721-14:49:42 31.2 63.55 90 144
2022 20220721-14:49:43 31.2 63.65 90 144
2023 20220721-14:49:43 31.2 63.75 90 144
2024 20220721-14:49:44 31.2 63.85 90 144
2025 20220721-14:49:45 31.2 63.95 90 144
2026 20220721-14:49:46 31.2 64.05 90 144
2027 20220721-14:49:47 31.2 64.15 90 144
2028 20220721-14:49:48 31.2 64.25 90 144
2029 20220721-14:49:49 31.2 64.35 90 144
2030 20220721-14:49:50 31.2 64.45 90 144
2031 20220721-14:49:51 31.2 64.55 90 144
2032 20220721-14:49:52 31.2 64.65 90 144
2033 20220721-14:49:52 31.2 64.75 90 144
2034 20220721-14:49:54 31.2 64.85 90 144
2035 20220721-14:49:54 31.2 64.95 90 144
2036 20220721-14:49:55 31.2 65.05 90 145
2037 20220721-14:49:56 31.2 65.15 90 145
2038 20220721-14:49:57 31.2 65.25 90 145
2039 20220721-14:49:58 31.2 65.35 90 145
2040 20220721-14:49:59 31.2 65.45 90 145
2041 20220721-14:50:00 31.2 65.55 90 145
2042 20220721-14:50:00 31.2 65.65 90 145
2043 20220721-14:50:01 31.2 65.75 90 145
2044 20220721-14:50:02 31.2 65.85 90 145
2045 20220721-14:50:03 31.2 65.95 90 145
2046 20220721-14:50:04 31.2 66.05 90 145
2047 20220721-14:50:05 31.2 66.15 90 145
2048 20220721-14:50:06 31.2 66.25 90 145
2049 20220721-14:50:07 31.2 66.35 90 145
2050 20220721-14:50:07 31.2 66.45 90 145
2051 20220721-14:50:08 31.2 66.55 90 145
2052 20220721-14:50:09 31.2 66.65 90 145
2053 20220721-14:50:10 31.2 66.75 90 145
2054 20220721-14:50:12 31.2 66.85 90 145
2055 20220721-14:50:14 31.2 66.95 90 145
2056 20220721-14:50:15 31.2 67.05 90 146
2057 20220721-14:50:16 31.2 67.15 90 146
2058 20220721-14:50:18 31.2 67.25 90 146
2059 20220721-14:50:18 31.2 67.35 90 146
2060 20220721-14:50:19 31.2 67.45 90 146
2061 20220721-14:50:20 31.2 67.55 90 146
2062 20220721-14:50:21 31.2 67.65 90 146
2063 20220721-14:50:22 31.2 67.75 90 146
2064 20220721-14:50:23 31.2 67.85 90 146
2065 20220721-14:50:23 31.2 67.95 90 146
2066 20220721-14:50:24 31.2 68.05 90 146
2067 20220721-14:50:25 31.2 68.15 90 146
2068 20220721-14:50:25 31.2 68.25 90 146
2069 20220721-14:50:26 31.2 68.35 90 146
2070 20220721-14:50:27 31.2 68.45 90 146
2071 20220721-14:50:28 31.2 68.55 90 146
2072 20220721-14:50:28 31.2 68.65 90 146
2073 20220721-14:50:29 31.2 68.75 90 146
2074 20220721-14:50:30 31.2 68.85 90 146
2075 20220721-14:50:31 31.2 68.95 90 146
2076 20220721-14:50:32 31.2 69.05 90 147
2077 20220721-14:50:33 31.2 69.15 90 147
2078 20220721-14:50:34 31.2 69.25 90 147
2079 20220721-14:50:35 31.2 69.35 90 147
2080 20220721-14:50:36 31.2 69.45 90 147
2081 20220721-14:50:37 31.2 69.55 90 147
2082 20220721-14:50:37 31.2 69.65 90 147
2083 20220721-14:50:38 31.2 69.75 90 147
2084 20220721-14:50:39 31.2 69.85 90 147
2085 20220721-14:50:40 31.2 69.95 90 147
2086 20220721-14:50:40 31.2 70.05 90 147
2087 20220721-14:50:41 31.2 70.15 90 147
2088 20220721-14:50:41 31.2 70.25 90 147
2089 20220721-14:50:42 31.2 70.35 90 147
2090 20220721-14:50:43 31.2 70.45 90 147
2091 20220721-14:50:43 31.2 70.55 90 147
2092 20220721-14:50:44 31.2 70.65 90 147
2093 20220721-14:50:45 31.2 70.75 90 147
2094 20220721-14:50:46 31.2 70.85 90 147
2095 20220721-14:50:48 31.2 70.95 90 147
2096 20220721-14:50:50 31.2 71.05 90 148
2097 20220721-14:50:52 31.2 71.15 90 148
2098 20220721-14:50:54 31.2 71.25 90 148
2099 20220721-14:50:54 31.2 71.35 90 148
2100 20220721-14:50:55 31.2 71.45 90 148
2101 20220721-14:50:56 31.2 71.55 90 148
2102 20220721-14:50:56 31.2 71.65 90 148
2103 20220721-14:50:57 31.2 71.75 90 148
2104 20220721-14:50:58 31.2 71.85 90 148
2105 20220721-14:50:58 31.2 71.95 90 148
2106 20220721-14:50:59 31.2 72.05 90 148
2107 20220721-14:51:10 31.2 72.05 90 148
