1 20220705-16:17:26 31.5 72.0 270 148
2 20220705-16:18:06 31.2 70.0 270 147
3 20220705-16:18:22 31.2 70.0 225 147
4 20220705-16:18:23 31.2 70.0 180 147
5 20220705-16:18:51 31.1 73.5 90 149
6 20220705-16:18:59 31.1 73.5 45 149
7 20220705-16:19:03 31.1 73.5 90 149
8 20220705-16:19:20 31.1 78.4 90 151
9 20220705-16:19:47 31.1 78.4 135 151
10 20220705-16:20:00 31.1 78.4 180 151
11 20220705-16:20:21 31.1 78.4 270 151
12 20220705-16:20:28 31.1 78.4 315 151
13 20220705-16:20:34 31.1 78.4 0 151
14 20220705-16:20:51 33.8 78.2 0 270
15 20220705-16:21:28 37.0 78.2 0 268
16 20220705-16:21:38 41.4 78.2 0 266
17 20220705-16:21:42 43.4 78.2 0 265
18 20220705-16:21:47 45.7 78.2 0 264
19 20220705-16:21:51 47.0 78.2 0 263
20 20220705-16:21:56 48.1 78.2 0 262
21 20220705-16:22:00 50.0 78.2 0 261
22 20220705-16:22:06 52.3 78.2 0 260
23 20220705-16:22:12 54.5 78.2 0 259
24 20220705-16:22:20 57.0 78.2 0 258
25 20220705-16:22:27 58.0 78.2 0 257
26 20220705-16:22:32 58.2 78.2 0 257
27 20220705-16:22:44 58.2 78.2 315 257
28 20220705-16:22:51 58.2 78.2 270 257
29 20220705-16:22:58 58.2 78.2 225 257
30 20220705-16:23:04 58.2 78.2 180 257
31 20220705-16:23:11 58.2 78.2 135 257
32 20220705-16:23:22 58.2 78.2 90 257
33 20220705-16:23:35 58.4 80.5 90 256
34 20220705-16:23:41 58.7 80.5 90 256
35 20220705-16:23:55 58.7 80.9 45 256
36 20220705-16:24:06 58.8 81.6 90 256
37 20220705-16:24:20 58.8 83.6 90 255
38 20220705-16:24:27 58.8 86.5 90 253
39 20220705-16:24:32 58.8 88.2 90 252
40 20220705-16:24:37 58.8 91.2 90 251
41 20220705-16:24:41 58.8 93.3 90 250
42 20220705-16:24:45 58.8 95.5 90 249
43 20220705-16:24:51 58.8 97.7 90 248
44 20220705-16:28:37 58.8 99.5 90 247
45 20220705-16:28:42 58.8 101.2 90 246
46 20220705-16:28:45 58.8 101.8 90 246
