1 20220801-14:20:46 15.6 107.15 0 174
2 20220801-14:20:54 16.3 107.15 0 173
3 20220801-14:20:58 16.5 107.15 0 173
4 20220801-14:22:25 16.5 107.15 45 173
5 20220801-14:22:36 16.5 107.15 90 173
6 20220801-14:22:46 16.5 107.15 135 173
7 20220801-14:23:00 16.5 107.15 180 173
8 20220801-14:23:11 16.5 107.15 225 173
9 20220801-14:23:28 16.5 107.15 270 173
10 20220801-14:23:32 16.5 107.15 315 173
11 20220801-14:23:51 16.5 107.15 0 173
12 20220801-14:24:29 17.8 107.15 0 173
13 20220801-14:24:33 18.0 107.15 0 172
14 20220801-14:24:40 18.0 107.15 0 172
15 20220801-14:24:56 18.0 107.15 315 172
16 20220801-14:25:06 18.0 107.15 270 172
17 20220801-14:25:18 18.0 107.15 225 172
18 20220801-14:25:28 18.0 107.15 180 172
19 20220801-14:25:30 18.0 107.15 180 172
20 20220801-14:25:39 18.0 107.15 135 172
21 20220801-14:25:40 18.0 107.15 135 172
22 20220801-14:25:49 18.0 107.15 90 172
23 20220801-14:26:01 18.0 107.15 45 172
24 20220801-14:26:16 18.0 107.15 0 172
25 20220801-14:27:14 18.6 107.15 0 172
26 20220801-14:27:30 18.6 107.25 45 172
27 20220801-14:27:40 18.6 107.25 90 172
28 20220801-14:27:52 18.6 107.25 135 172
29 20220801-14:28:00 18.6 107.25 180 172
30 20220801-14:28:14 18.6 107.25 135 172
31 20220801-14:28:22 18.6 107.25 180 172
32 20220801-14:28:35 18.6 107.25 270 172
33 20220801-14:28:37 18.6 107.25 315 172
34 20220801-14:28:40 18.6 107.25 0 172
35 20220801-14:29:31 19.2 107.25 45 172
36 20220801-14:30:04 19.2 107.25 0 172
37 20220801-14:30:08 19.2 107.25 0 172
38 20220801-14:30:34 19.3 107.25 0 172
39 20220801-14:30:51 19.3 107.35 45 172
40 20220801-14:31:02 19.3 107.35 90 172
41 20220801-14:31:18 19.3 107.35 135 172
42 20220801-14:31:19 19.3 107.35 180 172
43 20220801-14:31:54 19.3 107.35 225 172
44 20220801-14:32:21 19.3 107.35 270 172
45 20220801-14:32:30 19.3 107.35 315 172
46 20220801-14:32:32 19.3 107.35 315 172
47 20220801-14:32:43 19.3 107.35 0 172
48 20220801-14:33:38 19.6 107.35 0 172
49 20220801-14:33:57 19.9 107.35 0 172
50 20220801-14:34:18 19.9 107.35 315 172
51 20220801-14:34:34 19.9 107.35 270 172
52 20220801-14:35:05 19.9 107.35 225 172
53 20220801-14:35:26 19.9 107.35 180 172
54 20220801-14:35:27 19.9 107.35 180 172
55 20220801-14:35:43 19.9 107.35 135 172
56 20220801-14:36:01 19.9 107.35 90 172
57 20220801-14:36:13 19.9 107.35 45 172
58 20220801-14:36:30 19.9 107.35 0 172
59 20220801-14:37:02 20.5 107.35 0 171
60 20220801-14:37:41 20.5 107.35 45 171
61 20220801-14:37:58 20.5 107.35 90 171
62 20220801-14:38:11 20.5 107.35 135 171
63 20220801-14:38:39 20.5 107.35 180 171
64 20220801-14:38:51 20.5 107.35 135 171
65 20220801-14:39:09 20.5 107.35 270 171
66 20220801-14:39:23 20.5 107.35 315 171
67 20220801-14:39:35 20.5 107.35 0 171
68 20220801-14:40:11 21.2 107.35 0 171
69 20220801-14:40:12 21.2 107.35 0 171
70 20220801-14:40:30 21.2 107.35 315 171
71 20220801-14:40:47 21.2 107.35 270 171
72 20220801-14:40:58 21.2 107.35 225 171
73 20220801-14:41:36 21.2 107.35 180 171
74 20220801-14:41:52 21.2 107.35 135 171
75 20220801-14:41:54 21.2 107.35 135 171
76 20220801-14:42:09 21.2 107.35 90 171
77 20220801-14:42:20 21.2 107.35 45 171
78 20220801-14:42:39 21.2 107.35 0 171
79 20220801-14:43:17 22.0 107.35 0 170
80 20220801-14:43:50 22.0 107.35 45 170
81 20220801-14:44:09 22.0 107.35 90 170
82 20220801-14:45:40 22.0 107.35 135 170
83 20220801-14:45:56 22.0 107.35 180 170
84 20220801-14:46:08 22.0 107.35 225 170
85 20220801-14:46:26 22.0 107.35 270 170
86 20220801-14:46:38 22.0 107.35 270 170
87 20220801-14:46:59 22.0 107.35 315 170
88 20220801-14:47:18 22.0 107.35 0 170
89 20220801-14:47:36 22.4 107.35 0 170
90 20220801-14:47:39 22.4 107.35 0 170
91 20220801-14:47:42 22.5 107.35 0 170
92 20220801-14:48:32 22.5 107.35 45 170
93 20220801-14:48:35 22.5 107.35 45 170
94 20220801-14:48:44 22.5 107.35 90 170
95 20220801-14:48:57 22.5 107.35 135 170
96 20220801-14:49:08 22.5 107.35 180 170
97 20220801-14:49:19 22.5 107.35 225 170
98 20220801-14:49:33 22.5 107.35 270 170
99 20220801-14:49:43 22.5 107.35 315 170
100 20220801-14:49:58 22.5 107.35 0 170
101 20220801-14:50:36 23.1 107.35 0 170
102 20220801-14:50:50 23.1 107.35 315 170
103 20220801-14:51:00 23.1 107.35 270 170
104 20220801-14:51:13 23.1 107.35 225 170
105 20220801-14:51:21 23.1 107.35 180 170
106 20220801-14:51:22 23.1 107.35 180 170
107 20220801-14:51:33 23.1 107.35 135 170
108 20220801-14:51:46 23.1 107.35 90 170
109 20220801-14:51:55 23.1 107.35 45 170
110 20220801-14:52:12 23.1 107.35 0 170
111 20220801-14:52:38 24.4 107.35 0 169
112 20220801-14:52:51 24.6 107.15 0 169
113 20220801-14:53:06 24.6 107.15 315 169
114 20220801-14:53:15 24.6 107.15 270 169
115 20220801-14:53:28 24.6 107.15 225 169
116 20220801-14:53:37 24.6 107.15 180 169
117 20220801-14:53:49 24.6 107.15 135 169
118 20220801-14:53:58 24.6 107.15 90 169
119 20220801-14:54:10 24.6 107.15 45 169
120 20220801-14:54:21 24.6 107.15 0 169
121 20220801-14:55:12 25.2 107.15 0 169
122 20220801-14:55:26 25.2 107.15 45 169
123 20220801-14:55:37 25.2 107.15 90 169
124 20220801-14:55:50 25.2 107.15 135 169
125 20220801-14:56:00 25.2 107.15 180 169
126 20220801-14:56:13 25.2 107.15 225 169
127 20220801-14:56:16 25.2 107.15 270 169
128 20220801-14:56:27 25.2 107.15 315 169
129 20220801-14:56:37 25.2 107.15 0 169
130 20220801-14:56:44 25.2 107.15 0 169
131 20220801-14:56:46 25.2 107.15 0 169
132 20220801-14:57:24 26.6 107.15 0 168
133 20220801-14:57:27 26.7 107.15 0 168
134 20220801-14:57:43 26.7 107.15 315 168
135 20220801-14:57:55 26.7 107.15 315 168
136 20220801-14:58:08 26.7 107.15 270 168
137 20220801-14:58:18 26.7 107.15 225 168
138 20220801-14:58:29 26.7 107.15 180 168
139 20220801-14:58:37 26.7 107.15 135 168
140 20220801-14:58:45 26.7 107.15 90 168
141 20220801-14:58:57 26.7 107.15 45 168
142 20220801-14:59:15 26.7 107.15 0 168
143 20220801-14:59:43 27.3 107.15 0 168
144 20220801-15:00:02 27.3 107.25 45 168
145 20220801-15:00:11 27.3 107.25 90 168
146 20220801-15:00:11 27.3 107.25 90 168
147 20220801-15:00:23 27.3 107.25 135 168
148 20220801-15:00:34 27.3 107.25 180 168
149 20220801-15:00:35 27.3 107.25 180 168
150 20220801-15:00:46 27.3 107.25 225 168
151 20220801-15:00:50 27.3 107.25 270 168
152 20220801-15:01:02 27.3 107.25 315 168
153 20220801-15:01:14 27.3 107.25 0 168
154 20220801-15:02:01 28.1 107.25 0 167
155 20220801-15:02:03 28.2 107.25 0 167
156 20220801-15:02:18 28.2 107.25 315 167
157 20220801-15:02:29 28.2 107.25 270 167
158 20220801-15:02:40 28.2 107.25 225 167
159 20220801-15:02:47 28.2 107.25 180 167
160 20220801-15:02:56 28.2 107.25 135 167
161 20220801-15:03:07 28.2 107.25 90 167
162 20220801-15:03:19 28.2 107.25 45 167
163 20220801-15:03:20 28.2 107.25 45 167
164 20220801-15:03:36 28.2 107.25 0 167
165 20220801-15:03:38 28.2 107.25 0 167
166 20220801-15:03:58 29.3 107.25 0 167
167 20220801-15:04:14 29.3 107.25 315 167
168 20220801-15:04:24 29.3 107.25 270 167
169 20220801-15:04:34 29.3 107.25 225 167
170 20220801-15:04:43 29.3 107.25 180 167
171 20220801-15:04:55 29.3 107.25 135 167
172 20220801-15:05:07 29.3 107.25 90 167
173 20220801-15:05:18 29.3 107.25 45 167
174 20220801-15:05:35 29.3 107.25 0 167
175 20220801-15:05:59 30.4 107.25 0 166
176 20220801-15:06:02 30.4 107.25 0 166
177 20220801-15:06:12 30.8 107.25 0 166
178 20220801-15:06:25 30.8 107.25 45 166
179 20220801-15:06:36 30.8 107.25 90 166
180 20220801-15:06:49 30.8 107.25 135 166
181 20220801-15:06:58 30.8 107.25 180 166
182 20220801-15:07:11 30.8 107.25 225 166
183 20220801-15:07:22 30.8 107.25 270 166
184 20220801-15:07:31 30.8 107.25 315 166
185 20220801-15:07:48 30.8 107.25 0 166
186 20220801-15:08:15 31.4 107.25 0 166
187 20220801-15:08:29 31.4 107.25 315 166
188 20220801-15:08:30 31.4 107.25 315 166
189 20220801-15:08:40 31.4 107.25 270 166
190 20220801-15:08:50 31.4 107.25 225 166
191 20220801-15:09:01 31.4 107.25 180 166
192 20220801-15:09:10 31.4 107.25 135 166
193 20220801-15:09:23 31.4 107.25 90 166
194 20220801-15:09:33 31.4 107.25 45 166
195 20220801-15:09:43 31.4 107.25 0 166
196 20220801-15:09:44 31.4 107.25 0 166
197 20220801-15:09:50 31.4 107.25 0 166
198 20220801-15:10:26 32.7 107.25 0 230
199 20220801-15:10:50 32.7 107.25 45 230
200 20220801-15:10:52 32.7 107.25 90 230
201 20220801-15:11:04 32.7 107.25 135 230
202 20220801-15:11:14 32.7 107.25 180 230
203 20220801-15:11:15 32.7 107.25 180 230
204 20220801-15:11:25 32.7 107.25 225 230
205 20220801-15:11:37 32.7 107.25 270 230
206 20220801-15:11:47 32.7 107.25 315 230
207 20220801-15:11:57 32.7 107.25 0 230
208 20220801-15:12:05 32.7 107.25 0 230
209 20220801-15:13:15 33.7 107.25 0 230
210 20220801-15:13:15 33.7 107.25 0 230
211 20220801-15:13:26 33.7 107.25 45 230
212 20220801-15:13:39 33.7 107.25 90 230
213 20220801-15:13:40 33.7 107.25 90 230
214 20220801-15:13:53 33.7 107.25 135 230
215 20220801-15:13:55 33.7 107.25 180 230
216 20220801-15:14:07 33.7 107.25 225 230
217 20220801-15:14:19 33.7 107.25 270 230
218 20220801-15:14:30 33.7 107.25 315 230
219 20220801-15:14:43 33.7 107.25 0 230
