1 20240627-16:24:27 30.95 70.9 270 147
2 20240627-16:24:42 30.95 70.9 315 147
3 20240627-16:24:52 30.95 70.9 0 147
4 20240627-16:25:04 30.95 70.9 45 147
5 20240627-16:25:15 30.95 70.9 90 147
6 20240627-16:25:26 30.95 70.9 135 147
7 20240627-16:25:42 30.95 70.9 180 147
8 20240627-16:25:48 30.95 70.9 225 147
9 20240627-16:25:55 30.95 70.9 270 147
10 20240627-16:26:02 30.95 70.9 270 147
11 20240627-16:26:30 31.1 70.5 270 147
12 20240627-16:26:42 31.1 70.5 315 147
13 20240627-16:26:55 31.1 70.5 0 147
14 20240627-16:27:03 31.1 70.5 45 147
15 20240627-16:27:12 31.1 70.5 90 147
16 20240627-16:27:25 31.1 70.5 135 147
17 20240627-16:27:32 31.1 70.5 180 147
18 20240627-16:27:42 31.1 70.5 225 147
19 20240627-16:27:57 31.1 70.5 270 147
20 20240627-16:28:18 31.05 70.0 270 147
21 20240627-16:28:41 31.05 70.0 0 147
22 20240627-16:28:45 31.05 70.0 45 147
23 20240627-16:28:55 31.05 70.0 90 147
24 20240627-16:29:05 31.05 70.0 135 147
25 20240627-16:29:16 31.05 70.0 180 147
26 20240627-16:29:28 31.05 70.0 225 147
27 20240627-16:29:43 31.05 70.0 270 147
28 20240627-16:30:38 31.15 69.15 270 147
29 20240627-16:30:52 31.15 69.15 315 147
30 20240627-16:31:01 31.15 69.15 0 147
31 20240627-16:31:11 31.15 69.15 45 147
32 20240627-16:31:20 31.15 69.15 90 147
33 20240627-16:31:30 31.15 69.15 135 147
34 20240627-16:31:40 31.15 69.15 180 147
35 20240627-16:31:49 31.15 69.15 225 147
36 20240627-16:32:06 31.15 69.15 270 147
37 20240627-16:32:37 31.15 69.15 270 147
38 20240627-16:33:01 31.1 68.35 270 146
39 20240627-16:33:21 31.1 68.35 315 146
40 20240627-16:33:26 31.1 68.35 0 146
41 20240627-16:33:37 31.1 68.35 45 146
42 20240627-16:33:45 31.1 68.35 90 146
43 20240627-16:33:55 31.1 68.35 135 146
44 20240627-16:34:08 31.1 68.35 180 146
45 20240627-16:34:16 31.1 68.35 225 146
46 20240627-16:34:30 31.1 68.35 270 146
47 20240627-16:35:03 30.95 67.8 270 146
48 20240627-16:35:15 30.95 67.8 315 146
49 20240627-16:35:23 30.95 67.8 0 146
50 20240627-16:35:34 30.95 67.8 45 146
51 20240627-16:35:42 30.95 67.8 90 146
52 20240627-16:35:53 30.95 67.8 135 146
53 20240627-16:36:03 30.95 67.8 180 146
54 20240627-16:36:12 30.95 67.8 225 146
55 20240627-16:36:26 30.95 67.8 270 146
56 20240627-16:37:08 31.0 67.1 270 146
57 20240627-16:37:33 31.0 67.1 270 146
58 20240627-16:37:44 31.0 67.1 315 146
59 20240627-16:37:54 31.0 67.1 0 146
60 20240627-16:38:04 31.0 67.1 45 146
61 20240627-16:38:18 31.0 67.1 90 146
62 20240627-16:38:24 31.0 67.1 135 146
63 20240627-16:38:37 31.0 67.1 180 146
64 20240627-16:38:45 31.0 67.1 225 146
65 20240627-16:38:56 31.0 67.1 270 146
66 20240627-16:39:25 31.2 66.05 270 145
67 20240627-16:39:36 31.2 66.05 315 145
68 20240627-16:39:45 31.2 66.05 0 145
69 20240627-16:40:04 31.2 66.05 90 145
70 20240627-16:40:15 31.2 66.05 135 145
71 20240627-16:40:27 31.2 66.05 180 145
72 20240627-16:40:34 31.2 66.05 225 145
73 20240627-16:40:47 31.2 66.05 270 145
74 20240627-16:41:29 31.2 66.05 270 145
75 20240627-16:41:45 31.15 64.95 270 144
76 20240627-16:41:57 31.15 64.95 315 144
77 20240627-16:42:10 31.15 64.95 0 144
78 20240627-16:42:17 31.15 64.95 45 144
79 20240627-16:42:26 31.15 64.95 90 144
80 20240627-16:42:31 31.15 64.95 135 144
81 20240627-16:42:46 31.15 64.95 180 144
82 20240627-16:42:51 31.15 64.95 225 144
83 20240627-16:43:04 31.15 64.95 270 144
84 20240627-16:43:33 31.2 64.05 270 144
85 20240627-16:43:44 31.2 64.05 315 144
86 20240627-16:43:55 31.2 64.05 0 144
87 20240627-16:44:02 31.2 64.05 45 144
88 20240627-16:44:15 31.2 64.05 90 144
89 20240627-16:44:21 31.2 64.05 135 144
90 20240627-16:44:34 31.2 64.05 180 144
91 20240627-16:44:42 31.2 64.05 225 144
92 20240627-16:44:54 31.2 64.05 270 144
93 20240627-16:45:15 31.05 62.9 270 143
94 20240627-16:45:27 31.05 62.9 270 143
95 20240627-16:45:39 31.05 62.9 315 143
96 20240627-16:45:49 31.05 62.9 0 143
97 20240627-16:45:58 31.05 62.9 45 143
98 20240627-16:46:07 31.05 62.9 90 143
99 20240627-16:46:18 31.05 62.9 135 143
100 20240627-16:46:27 31.05 62.9 180 143
101 20240627-16:46:37 31.05 62.9 225 143
102 20240627-16:46:45 31.05 62.9 270 143
103 20240627-16:48:11 31.05 62.9 270 143
104 20240627-16:48:17 31.15 61.95 270 143
105 20240627-16:48:37 31.15 61.95 270 143
106 20240627-16:48:46 31.3 61.0 270 143
107 20240627-16:48:52 31.3 61.0 315 143
108 20240627-16:48:56 31.3 61.0 0 143
109 20240627-16:49:05 31.3 61.0 45 143
110 20240627-16:49:21 31.3 61.0 90 143
111 20240627-16:49:25 31.3 61.0 135 143
112 20240627-16:49:39 31.3 61.0 180 143
113 20240627-16:49:46 31.3 61.0 225 143
114 20240627-16:50:00 31.3 61.0 270 143
115 20240627-16:50:33 31.2 59.85 270 142
116 20240627-16:50:44 31.2 59.85 315 142
117 20240627-16:50:53 31.2 59.85 0 142
118 20240627-16:51:03 31.2 59.85 45 142
119 20240627-16:51:12 31.2 59.85 90 142
120 20240627-16:51:23 31.2 59.85 135 142
121 20240627-16:51:36 31.2 59.85 180 142
122 20240627-16:51:42 31.2 59.85 225 142
123 20240627-16:51:56 31.2 59.85 270 142
124 20240627-16:52:28 31.2 59.85 270 142
125 20240627-16:52:58 31.05 58.55 270 141
126 20240627-16:53:13 31.05 58.55 315 141
127 20240627-16:53:20 31.05 58.55 0 141
128 20240627-16:53:38 31.05 58.55 90 141
129 20240627-16:53:57 31.05 58.55 180 141
130 20240627-16:54:05 31.05 58.55 225 141
131 20240627-16:54:19 31.05 58.55 270 141
