1 20220804-11:14:40 10.5 90.95 270 184
2 20220804-11:15:29 10.5 90.85 225 184
3 20220804-11:15:30 10.5 90.85 225 184
4 20220804-11:15:43 10.5 90.85 180 184
5 20220804-11:15:53 10.5 90.85 135 184
6 20220804-11:16:06 10.5 90.85 90 184
7 20220804-11:16:19 10.5 90.85 45 184
8 20220804-11:16:30 10.5 90.85 0 184
9 20220804-11:16:44 10.5 90.85 315 184
10 20220804-11:16:55 10.5 90.85 270 184
11 20220804-11:17:03 10.5 90.85 270 184
12 20220804-11:17:31 10.5 90.35 270 184
13 20220804-11:17:31 10.5 90.35 270 184
14 20220804-11:17:31 10.5 90.35 270 184
15 20220804-11:17:40 10.5 89.95 270 185
16 20220804-11:17:44 10.5 90.15 270 184
17 20220804-11:17:58 10.5 90.15 225 184
18 20220804-11:18:03 10.5 90.15 180 184
19 20220804-11:18:13 10.5 90.15 135 184
20 20220804-11:18:23 10.5 90.15 90 184
21 20220804-11:18:36 10.5 90.15 45 184
22 20220804-11:18:47 10.5 90.15 0 184
23 20220804-11:19:00 10.5 90.15 315 184
24 20220804-11:19:10 10.5 90.15 270 184
25 20220804-11:19:45 10.5 89.45 270 185
26 20220804-11:19:45 10.5 89.45 270 185
27 20220804-11:20:11 10.5 89.45 270 185
28 20220804-11:20:19 10.5 89.45 315 185
29 20220804-11:20:24 10.5 89.45 0 185
30 20220804-11:20:37 10.5 89.45 45 185
31 20220804-11:20:48 10.5 89.45 90 185
32 20220804-11:21:01 10.5 89.45 135 185
33 20220804-11:21:11 10.5 89.45 180 185
34 20220804-11:21:23 10.5 89.45 225 185
35 20220804-11:21:35 10.5 89.45 270 185
36 20220804-11:21:42 10.5 89.45 270 185
37 20220804-11:23:09 10.5 88.55 270 185
38 20220804-11:23:18 10.5 88.55 225 185
39 20220804-11:23:27 10.5 88.55 180 185
40 20220804-11:23:37 10.5 88.55 135 185
41 20220804-11:23:44 10.5 88.55 90 185
42 20220804-11:24:00 10.5 88.55 45 185
43 20220804-11:24:09 10.5 88.55 0 185
44 20220804-11:24:21 10.5 88.55 315 185
45 20220804-11:24:32 10.5 88.55 270 185
46 20220804-11:25:23 10.5 86.55 270 186
47 20220804-11:25:34 10.5 86.55 315 186
48 20220804-11:25:40 10.5 86.55 315 186
49 20220804-11:25:45 10.5 86.55 0 186
50 20220804-11:25:57 10.5 86.55 45 186
51 20220804-11:26:08 10.5 86.55 90 186
52 20220804-11:26:21 10.5 86.55 135 186
53 20220804-11:26:34 10.5 86.55 180 186
54 20220804-11:26:46 10.5 86.55 225 186
55 20220804-11:27:03 10.5 86.55 270 186
56 20220804-11:28:41 10.5 85.45 270 187
57 20220804-11:28:47 10.5 85.75 270 187
58 20220804-11:28:50 10.5 85.65 270 187
59 20220804-11:29:07 10.5 85.65 225 187
60 20220804-11:29:17 10.5 85.65 180 187
61 20220804-11:29:29 10.5 85.65 135 187
62 20220804-11:29:40 10.5 85.65 90 187
63 20220804-11:29:41 10.5 85.65 90 187
64 20220804-11:29:50 10.5 85.65 45 187
65 20220804-11:30:03 10.5 85.65 0 187
66 20220804-11:30:12 10.5 85.65 315 187
67 20220804-11:30:32 10.5 85.65 270 187
68 20220804-11:31:17 10.5 85.45 270 187
69 20220804-11:31:28 10.5 84.95 270 187
70 20220804-11:31:30 10.5 84.75 270 187
71 20220804-11:31:55 10.5 84.75 315 187
72 20220804-11:31:59 10.5 84.75 0 187
73 20220804-11:32:13 10.5 84.75 45 187
74 20220804-11:32:17 10.5 84.75 90 187
75 20220804-11:32:28 10.5 84.75 135 187
76 20220804-11:32:41 10.5 84.75 180 187
77 20220804-11:32:51 10.5 84.75 225 187
78 20220804-11:33:09 10.5 84.75 270 187
79 20220804-11:33:44 10.5 83.65 270 188
80 20220804-11:33:49 10.5 83.65 270 188
81 20220804-11:34:00 10.5 83.65 225 188
82 20220804-11:34:15 10.5 83.65 180 188
83 20220804-11:34:28 10.5 83.65 135 188
84 20220804-11:34:36 10.5 83.65 90 188
85 20220804-11:34:49 10.5 83.65 45 188
86 20220804-11:35:00 10.5 83.65 0 188
87 20220804-11:35:13 10.5 83.65 315 188
88 20220804-11:35:25 10.5 83.65 270 188
89 20220804-11:35:50 10.5 82.95 270 188
90 20220804-11:36:04 10.5 82.95 270 188
91 20220804-11:36:13 10.5 82.95 225 188
92 20220804-11:36:19 10.5 82.95 180 188
93 20220804-11:36:20 10.5 82.95 180 188
94 20220804-11:36:30 10.5 82.95 135 188
95 20220804-11:36:42 10.5 82.95 90 188
96 20220804-11:36:54 10.5 82.95 45 188
97 20220804-11:37:05 10.5 82.95 0 188
98 20220804-11:37:20 10.5 82.95 315 188
99 20220804-11:37:28 10.5 82.95 270 188
100 20220804-11:37:36 10.5 82.95 270 188
101 20220804-11:38:21 10.5 82.25 270 188
102 20220804-11:38:21 10.5 82.25 270 188
103 20220804-11:38:24 10.5 81.85 270 188
104 20220804-11:38:52 10.5 82.15 270 188
105 20220804-11:39:16 10.5 82.15 315 188
106 20220804-11:39:34 10.5 82.15 0 188
107 20220804-11:39:42 10.5 82.15 45 188
108 20220804-11:39:56 10.5 82.15 90 188
109 20220804-11:40:05 10.5 82.15 135 188
110 20220804-11:40:20 10.5 82.15 180 188
111 20220804-11:40:28 10.5 82.15 225 188
112 20220804-11:40:45 10.5 82.15 270 188
113 20220804-11:41:41 10.5 81.55 270 189
114 20220804-11:41:41 10.5 81.55 270 189
115 20220804-11:42:13 10.5 81.55 225 189
116 20220804-11:42:23 10.5 81.55 180 189
117 20220804-11:42:36 10.5 81.55 135 189
118 20220804-11:42:47 10.5 81.55 90 189
119 20220804-11:42:59 10.5 81.55 45 189
120 20220804-11:43:11 10.5 81.55 0 189
121 20220804-11:43:22 10.5 81.55 315 189
122 20220804-11:43:32 10.5 81.55 270 189
123 20220804-11:44:00 10.5 80.55 270 189
124 20220804-11:44:00 10.5 80.55 270 189
125 20220804-11:44:14 10.5 80.55 315 189
126 20220804-11:44:15 10.5 80.55 315 189
127 20220804-11:44:28 10.5 80.55 0 189
128 20220804-11:44:39 10.5 80.55 45 189
129 20220804-11:44:50 10.5 80.55 90 189
130 20220804-11:45:01 10.5 80.55 135 189
131 20220804-11:45:07 10.5 80.55 180 189
132 20220804-11:45:21 10.5 80.55 225 189
133 20220804-11:45:39 10.5 80.55 270 189
134 20220804-11:46:12 10.5 79.85 270 190
135 20220804-11:46:15 10.5 79.75 270 190
136 20220804-11:46:26 10.5 79.65 270 190
137 20220804-11:46:45 10.5 79.65 270 190
138 20220804-11:46:50 10.5 79.65 225 190
139 20220804-11:47:00 10.5 79.65 180 190
140 20220804-11:47:13 10.5 79.65 135 190
141 20220804-11:47:25 10.5 79.65 90 190
142 20220804-11:47:36 10.5 79.65 45 190
143 20220804-11:47:48 10.5 79.65 0 190
144 20220804-11:48:00 10.5 79.65 315 190
145 20220804-11:48:10 10.5 79.65 270 190
146 20220804-11:48:11 10.5 79.65 270 190
147 20220804-11:48:43 10.5 78.75 270 190
148 20220804-11:48:58 10.5 78.75 225 190
149 20220804-11:49:09 10.5 78.75 180 190
150 20220804-11:49:20 10.5 78.75 135 190
151 20220804-11:49:32 10.5 78.75 90 190
152 20220804-11:49:44 10.5 78.75 45 190
153 20220804-11:49:58 10.5 78.75 0 190
154 20220804-11:50:09 10.5 78.75 315 190
155 20220804-11:50:20 10.5 78.75 270 190
156 20220804-11:50:46 10.5 77.95 270 191
157 20220804-11:50:46 10.5 77.95 270 191
158 20220804-11:51:04 10.5 77.95 315 191
159 20220804-11:51:16 10.5 77.95 0 191
160 20220804-11:51:29 10.5 77.95 45 191
161 20220804-11:51:39 10.5 77.95 90 191
162 20220804-11:51:51 10.5 77.95 135 191
163 20220804-11:52:56 10.5 77.95 135 191
