1 20220810-11:46:25 6.1 19.5 270 6
2 20220810-11:46:46 6.1 19.5 270 6
3 20220810-11:46:59 6.1 19.5 270 6
4 20220810-11:47:12 6.1 19.5 315 6
5 20220810-11:47:15 6.1 19.5 315 6
6 20220810-11:47:27 6.1 19.5 0 6
7 20220810-11:47:39 6.1 19.5 45 6
8 20220810-11:47:40 6.1 19.5 45 6
9 20220810-11:47:52 6.1 19.5 90 6
10 20220810-11:47:56 6.1 19.5 90 6
11 20220810-11:48:04 6.1 19.5 135 6
12 20220810-11:48:06 6.1 19.5 135 6
13 20220810-11:48:20 6.1 19.5 180 6
14 20220810-11:48:24 6.1 19.5 180 6
15 20220810-11:48:30 6.1 19.5 225 6
16 20220810-11:48:51 6.1 19.5 270 6
17 20220810-11:49:19 6.1 18.5 270 6
18 20220810-11:49:20 6.1 18.5 270 6
19 20220810-11:49:40 6.1 18.5 225 6
20 20220810-11:49:42 6.1 18.5 225 6
21 20220810-11:49:54 6.1 18.5 180 6
22 20220810-11:50:06 6.1 18.5 135 6
23 20220810-11:50:08 6.1 18.5 135 6
24 20220810-11:50:20 6.1 18.5 90 6
25 20220810-11:50:34 6.1 18.5 45 6
26 20220810-11:50:47 6.1 18.5 0 6
27 20220810-11:50:48 6.1 18.5 0 6
28 20220810-11:51:03 6.1 18.5 0 6
29 20220810-11:51:03 6.1 18.5 0 6
30 20220810-11:51:16 6.1 18.5 315 6
31 20220810-11:51:18 6.1 18.5 315 6
32 20220810-11:51:28 6.1 18.5 270 6
33 20220810-11:51:38 6.1 18.5 270 6
34 20220810-11:51:58 6.1 17.4 270 5
35 20220810-11:51:58 6.1 17.4 270 5
36 20220810-11:51:59 6.1 17.4 270 5
37 20220810-11:52:11 6.1 17.4 270 5
38 20220810-11:52:22 6.1 17.4 315 5
39 20220810-11:52:37 6.1 17.4 0 5
40 20220810-11:52:52 6.1 17.4 45 5
41 20220810-11:53:06 6.1 17.4 90 5
42 20220810-11:53:12 6.1 17.4 90 5
43 20220810-11:53:17 6.1 17.4 135 5
44 20220810-11:53:29 6.1 17.4 180 5
45 20220810-11:53:38 6.1 17.4 225 5
46 20220810-11:53:39 6.1 17.4 225 5
47 20220810-11:53:51 6.1 17.4 225 5
48 20220810-11:53:57 6.1 17.4 270 5
49 20220810-11:53:58 6.1 17.4 270 5
50 20220810-11:54:18 6.1 16.5 270 5
51 20220810-11:54:19 6.1 16.5 270 5
52 20220810-11:54:55 6.1 16.5 270 5
53 20220810-11:55:08 6.1 16.5 225 5
54 20220810-11:55:20 6.1 16.5 180 5
55 20220810-11:55:33 6.1 16.5 135 5
56 20220810-11:55:44 6.1 16.5 90 5
57 20220810-11:55:59 6.1 16.5 45 5
58 20220810-11:56:09 6.1 16.5 0 5
59 20220810-11:56:15 6.1 16.5 0 5
60 20220810-11:56:23 6.1 16.5 315 5
61 20220810-11:56:34 6.1 16.5 270 5
62 20220810-11:56:41 6.1 16.5 270 5
63 20220810-11:57:05 6.1 15.4 270 4
64 20220810-11:57:10 6.1 15.4 270 4
65 20220810-11:57:19 6.1 15.4 270 4
66 20220810-11:57:32 6.1 15.4 315 4
67 20220810-11:57:46 6.1 15.4 0 4
68 20220810-11:57:56 6.1 15.4 45 4
69 20220810-11:58:13 6.1 15.4 90 4
70 20220810-11:58:16 6.1 15.4 90 4
71 20220810-11:58:20 6.1 15.4 90 4
72 20220810-11:58:20 6.1 15.4 90 4
73 20220810-11:58:35 6.1 15.4 135 4
74 20220810-11:58:48 6.1 15.4 180 4
75 20220810-11:59:00 6.1 15.4 225 4
76 20220810-11:59:06 6.1 15.4 270 4
77 20220810-11:59:12 6.1 15.4 270 4
78 20220810-11:59:15 6.1 15.4 270 4
79 20220810-11:59:32 6.1 14.5 270 4
80 20220810-11:59:40 6.1 14.5 270 4
81 20220810-11:59:47 6.1 14.5 225 4
82 20220810-11:59:50 6.1 14.5 225 4
83 20220810-12:00:01 6.1 14.5 180 4
84 20220810-12:00:14 6.1 14.5 135 4
85 20220810-12:00:28 6.1 14.5 90 4
86 20220810-12:00:29 6.1 14.5 90 4
87 20220810-12:00:39 6.1 14.5 45 4
88 20220810-12:00:50 6.1 14.5 0 4
89 20220810-12:01:03 6.1 14.5 315 4
90 20220810-12:01:16 6.1 14.5 270 4
91 20220810-12:01:31 6.1 13.5 270 3
92 20220810-12:01:33 6.1 13.5 270 3
93 20220810-12:01:53 6.1 13.5 315 3
94 20220810-12:02:04 6.1 13.5 0 3
95 20220810-12:02:20 6.1 13.5 45 3
96 20220810-12:02:27 6.1 13.5 90 3
97 20220810-12:02:30 6.1 13.5 90 3
98 20220810-12:02:38 6.1 13.5 135 3
99 20220810-12:02:41 6.1 13.5 135 3
100 20220810-12:03:04 6.1 13.5 180 3
101 20220810-12:03:15 6.1 13.5 225 3
102 20220810-12:03:33 6.1 13.5 270 3
103 20220810-12:03:52 6.2 12.5 270 3
104 20220810-12:03:53 6.2 12.5 270 3
105 20220810-12:04:26 6.2 12.5 225 3
106 20220810-12:04:40 6.2 12.5 180 3
107 20220810-12:04:55 6.2 12.5 135 3
108 20220810-12:05:06 6.2 12.5 90 3
109 20220810-12:05:21 6.2 12.5 45 3
110 20220810-12:05:23 6.2 12.5 45 3
111 20220810-12:05:34 6.2 12.5 0 3
112 20220810-12:05:42 6.2 12.5 0 3
113 20220810-12:06:15 6.2 12.5 315 3
114 20220810-12:06:32 6.2 12.5 270 3
115 20220810-12:07:06 6.2 12.5 270 3
116 20220810-12:07:49 6.2 11.6 270 2
117 20220810-12:07:51 6.2 11.6 270 2
118 20220810-12:08:18 6.2 11.6 315 2
119 20220810-12:08:30 6.2 11.6 0 2
120 20220810-12:08:42 6.2 11.6 45 2
121 20220810-12:08:45 6.2 11.6 45 2
122 20220810-12:08:56 6.2 11.6 90 2
123 20220810-12:09:01 6.2 11.6 90 2
124 20220810-12:09:07 6.2 11.6 135 2
125 20220810-12:09:08 6.2 11.6 135 2
126 20220810-12:09:20 6.2 11.6 180 2
127 20220810-12:09:22 6.2 11.6 180 2
128 20220810-12:09:33 6.2 11.6 225 2
129 20220810-12:09:36 6.2 11.6 225 2
130 20220810-12:09:53 6.2 11.6 270 2
131 20220810-12:09:56 6.2 11.6 270 2
132 20220810-12:10:21 6.2 10.5 270 2
133 20220810-12:10:29 6.2 10.5 270 2
134 20220810-12:12:08 6.2 10.5 270 2
135 20220810-12:12:56 6.2 10.5 270 2
136 20220810-12:12:56 6.2 10.5 270 2
