1 20220802-15:20:55 58.7 107.05 270 243
2 20220802-15:21:43 58.6 105.95 270 244
3 20220802-15:21:48 58.6 105.75 270 244
4 20220802-15:21:51 58.6 105.65 270 244
5 20220802-15:22:15 58.6 105.65 315 244
6 20220802-15:22:22 58.6 105.65 0 244
7 20220802-15:22:34 58.6 105.65 45 244
8 20220802-15:22:42 58.6 105.65 90 244
9 20220802-15:22:47 58.6 105.65 90 244
10 20220802-15:22:52 58.6 105.65 135 244
11 20220802-15:22:54 58.6 105.65 135 244
12 20220802-15:23:04 58.6 105.65 180 244
13 20220802-15:23:14 58.6 105.65 225 244
14 20220802-15:23:21 58.6 105.65 225 244
15 20220802-15:23:27 58.6 105.65 270 244
16 20220802-15:23:32 58.6 105.65 270 244
17 20220802-15:24:22 58.6 104.65 270 244
18 20220802-15:24:41 58.6 104.65 225 244
19 20220802-15:24:54 58.6 104.65 225 244
20 20220802-15:24:59 58.6 104.65 180 244
21 20220802-15:25:14 58.6 104.65 135 244
22 20220802-15:25:29 58.6 104.65 90 244
23 20220802-15:25:43 58.6 104.65 45 244
24 20220802-15:25:53 58.6 104.65 0 244
25 20220802-15:26:08 58.6 104.65 315 244
26 20220802-15:26:10 58.6 104.65 315 244
27 20220802-15:26:20 58.6 104.65 270 244
28 20220802-15:27:07 58.6 103.75 270 245
29 20220802-15:27:38 58.6 103.55 270 245
30 20220802-15:27:49 58.6 103.55 315 245
31 20220802-15:28:07 58.6 103.55 0 245
32 20220802-15:28:16 58.6 103.55 45 245
33 20220802-15:28:29 58.6 103.55 90 245
34 20220802-15:28:38 58.6 103.55 135 245
35 20220802-15:28:50 58.6 103.55 180 245
36 20220802-15:28:57 58.6 103.55 225 245
37 20220802-15:29:10 58.6 103.55 270 245
38 20220802-15:30:02 58.6 102.65 270 245
39 20220802-15:30:19 58.6 102.65 315 245
40 20220802-15:30:23 58.6 102.65 225 245
41 20220802-15:30:29 58.6 102.65 180 245
42 20220802-15:30:42 58.6 102.65 135 245
43 20220802-15:30:51 58.6 102.65 90 245
44 20220802-15:31:05 58.6 102.65 45 245
45 20220802-15:31:12 58.6 102.65 0 245
46 20220802-15:31:21 58.6 102.65 315 245
47 20220802-15:31:31 58.6 102.65 270 245
48 20220802-15:31:50 58.6 102.55 270 245
49 20220802-15:32:09 58.6 101.55 270 246
50 20220802-15:32:28 58.5 101.35 270 246
51 20220802-15:32:28 58.5 101.35 270 246
52 20220802-15:32:35 58.5 101.35 225 246
53 20220802-15:32:39 58.5 101.35 180 246
54 20220802-15:32:49 58.5 101.35 180 246
55 20220802-15:32:51 58.5 101.35 135 246
56 20220802-15:32:59 58.5 101.35 90 246
57 20220802-15:33:17 58.5 101.35 45 246
58 20220802-15:33:22 58.5 101.35 0 246
59 20220802-15:33:34 58.5 101.35 315 246
60 20220802-15:33:48 58.5 101.35 270 246
61 20220802-15:33:50 58.5 101.35 270 246
62 20220802-15:34:36 58.5 100.65 270 246
63 20220802-15:34:36 58.5 100.65 270 246
64 20220802-15:34:58 58.5 100.65 270 246
65 20220802-15:35:14 58.5 100.65 315 246
66 20220802-15:35:15 58.5 100.65 315 246
67 20220802-15:35:23 58.5 100.65 0 246
68 20220802-15:35:34 58.5 100.65 45 246
69 20220802-15:35:45 58.5 100.65 90 246
70 20220802-15:35:47 58.5 100.65 90 246
71 20220802-15:35:53 58.5 100.65 135 246
72 20220802-15:35:55 58.5 100.65 135 246
73 20220802-15:36:06 58.5 100.65 180 246
74 20220802-15:36:17 58.5 100.65 225 246
75 20220802-15:36:23 58.5 100.65 225 246
76 20220802-15:36:32 58.5 100.65 270 246
77 20220802-15:37:04 58.5 99.55 270 247
78 20220802-15:37:17 58.5 99.45 270 247
79 20220802-15:37:23 58.5 99.45 315 247
80 20220802-15:37:25 58.5 99.45 225 247
81 20220802-15:37:32 58.5 99.45 180 247
82 20220802-15:37:47 58.5 99.45 180 247
83 20220802-15:38:26 58.5 99.35 180 247
84 20220802-15:38:38 58.5 99.35 135 247
85 20220802-15:39:10 58.5 99.35 90 247
86 20220802-15:40:11 58.5 99.35 45 247
87 20220802-15:42:19 58.5 99.35 0 247
88 20220802-15:42:27 58.5 99.35 315 247
89 20220802-15:42:28 58.5 99.35 315 247
90 20220802-15:42:33 58.5 99.35 270 247
91 20220802-15:43:41 58.5 98.55 270 247
92 20220802-15:43:47 58.5 98.55 315 247
93 20220802-15:43:48 58.5 98.55 315 247
94 20220802-15:43:55 58.5 98.55 0 247
95 20220802-15:43:59 58.5 98.55 45 247
96 20220802-15:44:07 58.5 98.55 90 247
97 20220802-15:44:11 58.5 98.55 135 247
98 20220802-15:44:17 58.5 98.55 180 247
99 20220802-15:44:20 58.5 98.55 225 247
100 20220802-15:44:26 58.5 98.55 270 247
101 20220802-15:44:30 58.5 98.55 315 247
102 20220802-15:44:45 58.5 98.55 270 247
103 20220802-15:45:02 58.5 97.65 270 248
104 20220802-15:45:13 58.4 97.45 270 248
105 20220802-15:45:17 58.4 97.45 315 248
106 20220802-15:45:26 58.4 97.45 270 248
107 20220802-15:45:38 58.4 97.45 225 248
108 20220802-15:45:48 58.4 97.45 180 248
109 20220802-15:46:04 58.4 97.45 135 248
110 20220802-15:46:11 58.4 97.45 0 248
111 20220802-15:46:19 58.4 97.45 315 248
112 20220802-15:46:23 58.4 97.45 270 248
113 20220802-15:46:29 58.4 97.45 270 248
114 20220802-15:47:10 58.5 96.55 270 248
115 20220802-15:47:11 58.5 96.55 270 248
116 20220802-15:47:22 58.5 96.55 45 248
117 20220802-15:47:36 58.5 96.55 90 248
118 20220802-15:47:46 58.5 96.55 135 248
119 20220802-15:47:56 58.5 96.55 90 248
120 20220802-15:48:07 58.5 96.55 135 248
121 20220802-15:48:27 58.5 96.55 180 248
122 20220802-15:48:37 58.5 96.55 225 248
123 20220802-15:48:53 58.5 96.55 270 248
124 20220802-15:49:33 58.6 95.65 270 249
125 20220802-15:49:47 58.6 95.55 270 249
126 20220802-15:49:50 58.6 95.55 315 249
127 20220802-15:49:58 58.6 95.55 225 249
128 20220802-15:50:02 58.6 95.55 180 249
129 20220802-15:50:03 58.6 95.55 180 249
130 20220802-15:50:13 58.6 95.55 135 249
131 20220802-15:50:28 58.6 95.55 90 249
132 20220802-15:50:38 58.6 95.55 45 249
133 20220802-15:50:48 58.6 95.55 0 249
134 20220802-15:51:05 58.6 95.55 315 249
135 20220802-15:51:17 58.6 95.55 270 249
136 20220802-15:51:52 58.6 94.65 270 249
137 20220802-15:52:04 58.6 94.65 315 249
138 20220802-15:52:17 58.6 94.65 0 249
139 20220802-15:52:29 58.6 94.65 45 249
140 20220802-15:52:36 58.6 94.65 45 249
141 20220802-15:52:45 58.6 94.65 90 249
142 20220802-15:52:55 58.6 94.65 135 249
143 20220802-15:53:03 58.6 94.65 180 249
144 20220802-15:53:16 58.6 94.65 225 249
145 20220802-15:53:31 58.6 94.65 270 249
146 20220802-15:55:19 58.7 93.55 270 250
147 20220802-15:55:45 58.7 93.55 225 250
148 20220802-15:55:57 58.7 93.55 180 250
149 20220802-15:56:09 58.7 93.55 135 250
150 20220802-15:56:18 58.7 93.55 90 250
151 20220802-15:56:29 58.7 93.55 45 250
152 20220802-15:56:51 58.7 93.55 45 250
153 20220802-15:57:00 58.7 93.55 0 250
154 20220802-15:57:21 58.7 93.55 315 250
155 20220802-15:57:32 58.7 93.55 270 250
156 20220802-15:57:34 58.7 93.55 270 250
157 20220802-15:57:41 58.7 93.55 270 250
158 20220802-15:58:09 58.6 92.55 270 250
159 20220802-15:58:21 58.5 92.55 270 250
160 20220802-15:58:33 58.5 92.55 315 250
161 20220802-15:58:44 58.5 92.55 0 250
162 20220802-15:58:47 58.5 92.55 0 250
163 20220802-15:58:54 58.5 92.55 45 250
164 20220802-15:59:17 58.5 92.55 90 250
165 20220802-15:59:29 58.5 92.55 135 250
166 20220802-15:59:41 58.5 92.55 180 250
167 20220802-15:59:53 58.5 92.55 225 250
168 20220802-16:00:08 58.5 92.55 270 250
169 20220802-16:00:43 58.5 91.55 270 251
170 20220802-16:00:52 58.5 91.55 270 251
171 20220802-16:00:58 58.5 91.55 225 251
172 20220802-16:01:10 58.5 91.55 180 251
173 20220802-16:01:24 58.5 91.55 135 251
174 20220802-16:01:33 58.5 91.55 90 251
175 20220802-16:01:44 58.5 91.55 45 251
176 20220802-16:01:52 58.5 91.55 0 251
177 20220802-16:02:20 58.5 91.55 315 251
178 20220802-16:02:29 58.5 91.55 270 251
179 20220802-16:03:03 58.5 90.65 270 251
180 20220802-16:03:13 58.5 90.65 270 251
181 20220802-16:03:13 58.5 90.65 270 251
182 20220802-16:03:26 58.5 90.65 315 251
183 20220802-16:03:35 58.5 90.65 315 251
184 20220802-16:03:45 58.5 90.65 0 251
185 20220802-16:03:56 58.5 90.65 45 251
186 20220802-16:04:08 58.5 90.65 90 251
187 20220802-16:04:21 58.5 90.65 135 251
188 20220802-16:04:30 58.5 90.65 180 251
189 20220802-16:04:49 58.5 90.65 225 251
190 20220802-16:05:06 58.5 90.65 270 251
191 20220802-16:05:53 58.5 89.65 270 252
192 20220802-16:06:17 58.5 89.65 270 252
193 20220802-16:07:41 58.5 89.65 315 252
194 20220802-16:07:54 58.5 89.65 0 252
195 20220802-16:08:03 58.5 89.65 45 252
196 20220802-16:08:22 58.5 89.65 90 252
197 20220802-16:08:26 58.5 89.65 135 252
198 20220802-16:08:42 58.5 89.65 180 252
199 20220802-16:08:52 58.5 89.65 225 252
200 20220802-16:09:06 58.5 89.65 270 252
201 20220802-16:09:33 58.5 88.75 270 252
202 20220802-16:09:36 58.5 88.65 270 252
203 20220802-16:09:52 58.5 88.65 315 252
204 20220802-16:10:03 58.5 88.65 0 252
205 20220802-16:10:14 58.5 88.65 45 252
206 20220802-16:10:23 58.5 88.65 90 252
207 20220802-16:10:32 58.5 88.65 135 252
208 20220802-16:10:41 58.5 88.65 180 252
209 20220802-16:10:53 58.5 88.65 225 252
210 20220802-16:11:10 58.5 88.65 270 252
211 20220802-16:15:05 58.5 87.65 270 253
212 20220802-16:15:15 58.5 87.55 270 253
213 20220802-16:15:26 58.5 87.55 270 253
214 20220802-16:15:29 58.5 87.55 315 253
215 20220802-16:15:32 58.5 87.55 225 253
216 20220802-16:15:45 58.5 87.55 180 253
217 20220802-16:15:57 58.5 87.55 135 253
218 20220802-16:16:04 58.5 87.55 90 253
219 20220802-16:16:14 58.5 87.55 45 253
220 20220802-16:16:27 58.5 87.55 0 253
221 20220802-16:16:31 58.5 87.55 0 253
222 20220802-16:16:34 58.5 87.55 315 253
223 20220802-16:16:46 58.5 87.55 270 253
224 20220802-16:16:49 58.5 87.55 270 253
225 20220802-16:17:36 58.5 86.55 270 253
226 20220802-16:17:46 58.5 86.55 270 253
227 20220802-16:17:50 58.5 86.55 315 253
228 20220802-16:18:07 58.5 86.55 0 253
229 20220802-16:18:14 58.5 86.55 45 253
230 20220802-16:18:28 58.5 86.55 90 253
231 20220802-16:18:35 58.5 86.55 135 253
232 20220802-16:18:52 58.5 86.55 180 253
233 20220802-16:18:57 58.5 86.55 225 253
234 20220802-16:19:08 58.5 86.55 270 253
235 20220802-16:19:48 58.5 84.55 270 254
236 20220802-16:20:02 58.5 84.55 315 254
237 20220802-16:20:17 58.5 84.55 0 254
238 20220802-16:20:34 58.5 84.55 45 254
239 20220802-16:20:43 58.5 84.55 90 254
240 20220802-16:20:56 58.5 84.55 135 254
241 20220802-16:21:08 58.5 84.55 180 254
242 20220802-16:21:15 58.5 84.55 225 254
243 20220802-16:21:46 58.5 84.55 270 254
244 20220802-16:22:02 58.5 84.55 270 254
245 20220802-16:22:33 58.6 83.55 225 255
246 20220802-16:22:40 58.6 83.55 270 255
247 20220802-16:23:10 58.7 83.45 270 255
248 20220802-16:24:00 58.7 83.45 270 255
249 20220802-16:24:11 58.7 83.55 315 255
250 20220802-16:24:21 58.7 83.55 0 255
251 20220802-16:24:32 58.7 83.55 45 255
252 20220802-16:24:41 58.7 83.55 90 255
253 20220802-16:24:52 58.7 83.55 135 255
254 20220802-16:25:01 58.7 83.55 180 255
255 20220802-16:25:13 58.7 83.55 225 255
256 20220802-16:25:22 58.7 83.55 270 255
257 20220802-16:26:45 58.5 85.5 270 254
258 20220802-16:26:48 58.5 85.5 315 254
259 20220802-16:26:57 58.5 85.5 270 254
260 20220802-16:27:13 58.5 85.5 135 254
261 20220802-16:27:17 58.5 85.5 90 254
262 20220802-16:27:26 58.7 87.1 90 253
263 20220802-16:27:26 58.7 87.1 90 253
264 20220802-16:27:36 58.7 87.1 45 253
265 20220802-16:27:38 58.7 87.1 0 253
266 20220802-16:27:46 58.7 87.1 315 253
267 20220802-16:27:59 58.7 87.1 270 253
268 20220802-16:28:05 58.7 87.1 270 253
269 20220802-16:28:24 58.6 85.95 270 254
270 20220802-16:28:27 58.6 85.95 270 254
271 20220802-16:28:51 58.6 85.95 270 254
272 20220802-16:28:52 58.6 85.95 270 254
273 20220802-16:28:53 58.6 85.95 270 254
274 20220802-16:28:55 58.6 85.95 270 254
275 20220802-16:29:09 58.6 85.55 270 254
276 20220802-16:29:30 58.6 84.45 270 254
277 20220802-16:29:32 58.6 84.45 270 254
278 20220802-16:29:39 58.6 84.05 270 254
279 20220802-16:31:05 58.6 84.05 225 254
280 20220802-16:31:19 58.6 84.05 180 254
281 20220802-16:31:20 58.6 84.05 180 254
282 20220802-16:31:27 58.6 84.05 135 254
283 20220802-16:31:32 58.6 84.05 90 254
284 20220802-16:31:33 58.6 84.05 90 254
285 20220802-16:31:44 58.6 84.05 45 254
286 20220802-16:31:53 58.6 84.05 0 254
287 20220802-16:32:04 58.6 84.05 315 254
288 20220802-16:32:12 58.6 84.05 270 254
289 20220802-16:32:13 58.6 84.05 270 254
290 20220802-16:32:53 58.6 83.55 270 255
291 20220802-16:32:53 58.6 83.55 270 255
292 20220802-16:32:57 58.6 83.55 315 255
293 20220802-16:33:04 58.6 83.55 270 255
294 20220802-16:33:14 58.6 83.55 225 255
295 20220802-16:33:22 58.6 83.55 135 255
296 20220802-16:33:25 58.6 83.55 90 255
297 20220802-16:33:34 58.6 83.55 45 255
298 20220802-16:33:44 58.6 83.55 0 255
299 20220802-16:33:56 58.6 83.55 315 255
300 20220802-16:34:04 58.6 83.55 270 255
301 20220802-16:34:56 58.7 82.45 270 255
302 20220802-16:34:56 58.7 82.45 270 255
303 20220802-16:35:15 58.7 82.45 315 255
304 20220802-16:35:26 58.7 82.45 0 255
305 20220802-16:35:34 58.7 82.45 45 255
306 20220802-16:35:44 58.7 82.45 90 255
307 20220802-16:35:51 58.7 82.45 135 255
308 20220802-16:36:04 58.7 82.45 180 255
309 20220802-16:36:15 58.7 82.45 225 255
310 20220802-16:36:25 58.7 82.45 270 255
311 20220802-16:36:50 58.7 81.45 270 256
312 20220802-16:36:56 58.7 81.45 270 256
313 20220802-16:37:10 58.7 81.35 225 256
314 20220802-16:37:23 58.7 81.35 180 256
315 20220802-16:37:33 58.7 81.35 135 256
316 20220802-16:37:43 58.7 81.35 90 256
317 20220802-16:37:50 58.7 81.35 45 256
318 20220802-16:38:03 58.7 81.35 0 256
319 20220802-16:38:13 58.7 81.35 315 256
320 20220802-16:38:24 58.7 81.35 270 256
321 20220802-16:38:58 58.7 80.55 270 256
322 20220802-16:39:04 58.7 80.55 270 256
323 20220802-16:39:25 58.7 80.45 225 256
324 20220802-16:39:34 58.7 80.45 180 256
325 20220802-16:39:43 58.7 80.45 135 256
326 20220802-16:39:49 58.7 80.45 90 256
327 20220802-16:40:01 58.7 80.45 45 256
328 20220802-16:40:09 58.7 80.45 0 256
329 20220802-16:40:10 58.7 80.45 0 256
330 20220802-16:40:17 58.7 80.45 315 256
331 20220802-16:40:29 58.7 80.45 270 256
332 20220802-16:40:33 58.7 80.45 270 256
333 20220802-16:41:06 58.7 79.65 270 256
334 20220802-16:41:22 58.7 79.65 270 256
335 20220802-16:41:24 58.7 79.65 315 256
336 20220802-16:41:36 58.7 79.65 0 256
337 20220802-16:41:48 58.7 79.65 45 256
338 20220802-16:41:58 58.7 79.65 90 256
339 20220802-16:42:07 58.7 79.65 135 256
340 20220802-16:42:10 58.7 79.65 135 256
341 20220802-16:42:20 58.7 79.65 180 256
342 20220802-16:42:27 58.7 79.65 225 256
343 20220802-16:42:42 58.7 79.65 270 256
344 20220802-16:43:07 58.7 79.05 270 256
345 20220802-16:43:08 58.7 79.05 270 256
346 20220802-16:43:19 58.7 78.75 270 257
347 20220802-16:43:21 58.7 78.75 315 257
348 20220802-16:43:33 58.7 78.75 270 257
349 20220802-16:43:37 58.7 78.75 180 257
350 20220802-16:43:45 58.7 78.75 135 257
351 20220802-16:43:51 58.7 78.75 90 257
352 20220802-16:44:04 58.7 78.75 45 257
353 20220802-16:44:13 58.7 78.75 0 257
354 20220802-16:44:33 58.7 78.75 315 257
355 20220802-16:44:38 58.7 78.75 270 257
356 20220802-16:45:01 58.7 78.05 270 257
357 20220802-16:45:15 58.7 78.05 315 257
358 20220802-16:45:27 58.7 78.05 0 257
359 20220802-16:45:40 58.7 78.05 45 257
360 20220802-16:45:48 58.7 78.05 90 257
361 20220802-16:45:59 58.7 78.05 135 257
362 20220802-16:46:23 58.7 78.05 180 257
363 20220802-16:46:25 58.7 78.05 225 257
364 20220802-16:46:38 58.7 78.05 270 257
365 20220802-16:46:53 58.7 78.05 315 257
366 20220802-16:47:06 58.7 78.05 225 257
367 20220802-16:47:08 58.7 78.05 180 257
368 20220802-16:47:11 58.7 78.05 180 257
