1 20220728-14:23:52 31.75 71.95 90 148
2 20220728-14:24:06 31.45 72.15 90 148
3 20220728-14:24:07 31.45 72.35 90 148
4 20220728-14:24:10 31.45 72.55 90 148
5 20220728-14:24:11 31.45 72.75 90 148
6 20220728-14:24:13 31.45 72.95 90 148
7 20220728-14:24:14 31.45 73.15 90 149
8 20220728-14:24:16 31.45 73.35 90 149
9 20220728-14:24:18 31.45 73.55 90 149
10 20220728-14:24:20 31.45 73.75 90 149
11 20220728-14:24:22 31.45 73.95 90 149
12 20220728-14:24:23 31.45 74.15 90 149
13 20220728-14:24:24 31.45 74.35 90 149
14 20220728-14:24:26 31.45 74.55 90 149
15 20220728-14:24:27 31.45 74.75 90 149
16 20220728-14:24:28 31.45 74.95 90 149
17 20220728-14:24:30 31.45 75.15 90 150
18 20220728-14:24:31 31.45 75.35 90 150
19 20220728-14:24:33 31.45 75.55 90 150
20 20220728-14:24:35 31.45 75.75 90 150
21 20220728-14:24:36 31.45 75.85 90 150
22 20220728-14:24:37 31.45 75.95 90 150
23 20220728-14:24:38 31.45 76.15 90 150
24 20220728-14:24:40 31.45 76.35 90 150
25 20220728-14:24:41 31.45 76.55 90 150
26 20220728-14:24:44 31.45 76.75 90 150
27 20220728-14:24:45 31.45 76.95 90 150
28 20220728-14:24:47 31.45 77.15 90 151
29 20220728-14:24:48 31.45 77.35 90 151
30 20220728-14:24:51 31.25 77.55 90 151
31 20220728-14:24:52 31.25 77.75 90 151
32 20220728-14:24:54 31.25 77.95 90 151
33 20220728-14:24:55 31.25 78.05 90 151
34 20220728-14:24:56 31.25 78.25 90 151
35 20220728-14:25:00 31.25 78.45 90 151
36 20220728-14:25:02 31.25 78.55 90 151
37 20220728-14:25:04 31.25 78.65 90 151
38 20220728-14:25:05 31.25 78.75 90 151
39 20220728-14:25:06 31.25 78.85 90 151
40 20220728-14:25:08 31.25 78.95 90 151
41 20220728-14:25:09 31.25 79.05 90 153
42 20220728-14:25:10 31.25 79.15 90 153
43 20220728-14:25:11 31.25 79.25 90 153
44 20220728-14:25:12 31.25 79.35 90 153
45 20220728-14:25:13 31.25 79.45 90 153
46 20220728-14:25:19 31.25 79.65 90 153
47 20220728-14:25:20 31.25 79.75 90 153
48 20220728-14:25:22 31.25 80.05 90 153
49 20220728-14:25:23 31.25 80.35 90 153
50 20220728-14:25:24 31.25 80.65 90 153
51 20220728-14:25:25 31.25 80.95 90 153
52 20220728-14:25:26 31.25 81.25 90 154
53 20220728-14:25:27 31.25 81.45 90 154
54 20220728-14:25:28 31.25 81.65 90 154
55 20220728-14:25:29 31.25 81.85 90 154
56 20220728-14:25:30 31.25 82.05 90 154
57 20220728-14:25:31 31.25 82.25 90 154
58 20220728-14:25:33 31.25 82.45 90 154
59 20220728-14:25:34 31.25 82.65 90 154
60 20220728-14:25:37 31.25 82.75 90 154
61 20220728-14:25:40 31.25 82.85 90 154
62 20220728-14:25:41 31.25 82.95 90 154
63 20220728-14:25:42 31.25 83.05 90 155
64 20220728-14:25:43 31.25 83.15 90 155
65 20220728-14:25:44 31.25 83.25 90 155
66 20220728-14:25:45 31.25 83.35 90 155
67 20220728-14:25:46 31.25 83.45 90 155
68 20220728-14:25:47 31.25 83.55 90 155
69 20220728-14:25:48 31.25 83.65 90 155
70 20220728-14:25:49 31.25 83.75 90 155
71 20220728-14:25:50 31.25 83.85 90 155
72 20220728-14:25:51 31.25 83.95 90 155
73 20220728-14:25:52 31.25 84.05 90 155
74 20220728-14:25:52 31.25 84.25 90 155
75 20220728-14:25:53 31.25 84.45 90 155
76 20220728-14:25:54 31.25 84.55 90 155
77 20220728-14:25:55 31.25 84.75 90 155
78 20220728-14:25:56 31.25 84.85 90 155
79 20220728-14:25:57 31.25 85.05 90 156
80 20220728-14:25:58 31.25 85.15 90 156
81 20220728-14:25:59 31.25 85.25 90 156
82 20220728-14:26:00 31.25 85.45 90 156
83 20220728-14:26:01 31.25 85.65 90 156
84 20220728-14:26:02 31.25 85.85 90 156
85 20220728-14:26:03 31.25 86.05 90 156
86 20220728-14:26:04 31.25 86.25 90 156
87 20220728-14:26:05 31.25 86.45 90 156
88 20220728-14:26:06 31.25 86.55 90 156
89 20220728-14:26:06 31.25 86.75 90 156
90 20220728-14:26:07 31.25 86.85 90 156
91 20220728-14:26:08 31.25 86.95 90 156
92 20220728-14:26:11 31.25 87.05 90 157
93 20220728-14:26:13 31.25 87.15 90 157
94 20220728-14:26:15 31.25 87.25 90 157
95 20220728-14:26:16 31.25 87.35 90 157
96 20220728-14:26:18 31.25 87.45 90 157
97 20220728-14:26:19 31.25 87.55 90 157
98 20220728-14:26:20 31.25 87.65 90 157
99 20220728-14:26:21 31.25 87.75 90 157
100 20220728-14:26:22 31.25 87.85 90 157
101 20220728-14:26:23 31.25 87.95 90 157
102 20220728-14:26:25 31.25 88.05 90 157
103 20220728-14:26:27 31.25 88.15 90 157
104 20220728-14:26:28 31.25 88.25 90 157
105 20220728-14:26:28 31.25 88.35 90 157
106 20220728-14:26:29 31.25 88.45 90 157
107 20220728-14:26:30 31.25 88.55 90 157
108 20220728-14:26:30 31.25 88.65 90 157
109 20220728-14:26:31 31.25 88.75 90 157
110 20220728-14:26:32 31.25 88.95 90 157
111 20220728-14:26:33 31.25 89.15 90 158
112 20220728-14:26:34 31.25 89.25 90 158
113 20220728-14:26:35 31.25 89.35 90 158
114 20220728-14:26:36 31.25 89.45 90 158
115 20220728-14:26:37 31.25 89.65 90 158
116 20220728-14:26:38 31.25 89.75 90 158
117 20220728-14:26:39 31.25 89.85 90 158
118 20220728-14:26:39 31.25 89.95 90 158
119 20220728-14:26:40 31.25 90.05 90 158
120 20220728-14:26:41 31.25 90.15 90 158
121 20220728-14:26:41 31.25 90.25 90 158
122 20220728-14:26:42 31.25 90.35 90 158
123 20220728-14:26:43 31.25 90.45 90 158
124 20220728-14:26:44 31.25 90.55 90 158
125 20220728-14:26:45 31.25 90.65 90 158
126 20220728-14:26:46 31.25 90.75 90 158
127 20220728-14:26:47 31.25 90.85 90 158
128 20220728-14:26:50 31.25 90.95 90 158
129 20220728-14:27:01 31.25 90.95 135 158
130 20220728-14:27:04 31.25 90.95 135 158
131 20220728-14:27:09 31.25 90.95 135 158
132 20220728-14:27:12 31.25 90.95 135 158
133 20220728-14:27:21 31.25 90.95 180 158
134 20220728-14:27:26 31.25 90.95 180 158
135 20220728-14:27:27 30.75 90.95 180 158
136 20220728-14:27:28 30.55 90.95 180 158
137 20220728-14:27:30 30.45 90.95 180 158
138 20220728-14:27:32 30.35 90.95 180 158
139 20220728-14:27:35 30.25 90.95 180 158
140 20220728-14:27:46 29.35 90.95 180 229
141 20220728-14:27:47 29.15 90.95 180 229
142 20220728-14:27:48 28.95 90.95 180 229
143 20220728-14:27:49 28.75 90.95 180 229
144 20220728-14:27:50 28.55 90.95 180 229
145 20220728-14:27:51 28.35 90.95 180 229
146 20220728-14:27:52 28.15 90.95 180 229
147 20220728-14:27:54 27.95 90.95 180 228
148 20220728-14:27:56 27.75 90.95 180 228
149 20220728-14:27:57 27.55 90.95 180 228
150 20220728-14:27:59 27.25 90.95 180 228
151 20220728-14:28:00 27.05 90.95 180 228
152 20220728-14:28:01 26.85 90.95 180 228
153 20220728-14:28:02 26.65 90.95 180 228
154 20220728-14:28:03 26.45 90.95 180 228
155 20220728-14:28:04 26.25 90.95 180 228
156 20220728-14:28:05 26.05 90.95 180 228
157 20220728-14:28:06 25.85 90.95 180 227
158 20220728-14:28:06 25.65 90.95 180 227
159 20220728-14:28:07 25.45 90.95 180 227
160 20220728-14:28:08 25.25 90.95 180 227
161 20220728-14:28:10 25.05 90.95 180 227
162 20220728-14:28:11 24.85 90.95 180 227
163 20220728-14:28:12 24.65 90.95 180 227
164 20220728-14:28:13 24.45 90.95 180 227
165 20220728-14:28:15 24.35 90.95 180 227
166 20220728-14:28:19 24.25 90.95 180 227
167 20220728-14:28:28 24.25 90.95 180 227
