1 20240702-10:21:07 9.95 45.05 0 82
2 20240702-10:21:18 9.95 45.05 0 82
3 20240702-10:21:27 9.95 45.05 315 82
4 20240702-10:21:37 9.95 45.05 270 82
5 20240702-10:21:50 9.95 45.05 225 82
6 20240702-10:22:02 9.95 45.05 180 82
7 20240702-10:22:13 9.95 45.05 135 82
8 20240702-10:22:24 9.95 45.05 90 82
9 20240702-10:22:37 9.95 45.05 45 82
10 20240702-10:22:48 9.95 45.05 0 82
11 20240702-10:22:55 9.95 45.05 0 82
12 20240702-10:23:20 10.95 45.0 0 82
13 20240702-10:23:34 10.95 45.0 315 82
14 20240702-10:23:45 10.95 45.0 270 82
15 20240702-10:23:57 10.95 45.0 225 82
16 20240702-10:24:08 10.95 45.0 180 82
17 20240702-10:24:20 10.95 45.0 135 82
18 20240702-10:24:31 10.95 45.0 90 82
19 20240702-10:24:43 10.95 45.0 45 82
20 20240702-10:24:53 10.95 45.0 0 82
21 20240702-10:25:19 10.95 45.0 0 82
22 20240702-10:25:39 11.9 45.0 0 83
23 20240702-10:25:53 11.9 45.0 315 83
24 20240702-10:26:03 11.9 45.0 270 83
25 20240702-10:26:16 11.9 45.0 225 83
26 20240702-10:26:26 11.9 45.0 180 83
27 20240702-10:26:44 11.9 45.0 90 83
28 20240702-10:26:55 11.9 45.0 45 83
29 20240702-10:27:08 11.9 45.0 0 83
30 20240702-10:27:15 11.9 45.0 0 83
31 20240702-10:27:29 12.95 44.9 0 83
32 20240702-10:27:43 12.95 44.9 315 83
33 20240702-10:27:54 12.95 44.9 270 83
34 20240702-10:28:07 12.95 44.9 225 83
35 20240702-10:28:16 12.95 44.9 180 83
36 20240702-10:28:29 12.95 44.9 135 83
37 20240702-10:28:41 12.95 44.9 90 83
38 20240702-10:28:47 12.95 44.9 90 83
39 20240702-10:28:52 12.95 44.9 45 83
40 20240702-10:29:04 12.95 44.9 0 83
41 20240702-10:29:09 12.95 44.9 0 83
42 20240702-10:29:25 14.2 44.9 0 84
43 20240702-10:29:39 14.2 44.9 315 84
44 20240702-10:29:50 14.2 44.9 270 84
45 20240702-10:30:04 14.2 44.9 225 84
46 20240702-10:30:13 14.2 44.9 180 84
47 20240702-10:30:25 14.2 44.9 135 84
48 20240702-10:30:35 14.2 44.9 90 84
49 20240702-10:30:47 14.2 44.9 45 84
50 20240702-10:30:59 14.2 44.9 0 84
51 20240702-10:31:05 14.2 44.9 0 84
52 20240702-10:31:34 15.05 44.85 0 85
53 20240702-10:31:48 15.05 44.85 315 85
54 20240702-10:31:59 15.05 44.85 270 85
55 20240702-10:32:12 15.05 44.85 225 85
56 20240702-10:32:22 15.05 44.85 180 85
57 20240702-10:32:34 15.05 44.85 135 85
58 20240702-10:32:45 15.05 44.85 90 85
59 20240702-10:32:57 15.05 44.85 45 85
60 20240702-10:33:13 15.05 44.85 0 85
61 20240702-10:33:21 15.05 44.85 0 85
62 20240702-10:33:36 16.05 44.85 0 85
63 20240702-10:33:49 16.05 44.85 315 85
64 20240702-10:34:01 16.05 44.85 270 85
65 20240702-10:34:11 16.05 44.85 225 85
66 20240702-10:34:24 16.05 44.85 180 85
67 20240702-10:34:36 16.05 44.85 135 85
68 20240702-10:34:46 16.05 44.85 90 85
69 20240702-10:34:59 16.05 44.85 45 85
70 20240702-10:35:10 16.05 44.85 0 85
71 20240702-10:35:29 17.05 44.85 0 86
72 20240702-10:35:52 17.05 44.85 315 86
73 20240702-10:36:03 17.05 44.85 270 86
74 20240702-10:36:14 17.05 44.85 225 86
75 20240702-10:36:24 17.05 44.85 180 86
76 20240702-10:36:36 17.05 44.85 135 86
77 20240702-10:36:47 17.05 44.85 90 86
78 20240702-10:36:59 17.05 44.85 45 86
79 20240702-10:37:10 17.05 44.85 0 86
80 20240702-10:37:16 17.05 44.85 0 86
81 20240702-10:37:33 18.05 44.85 0 86
82 20240702-10:37:46 18.05 44.85 315 86
83 20240702-10:37:57 18.05 44.85 270 86
84 20240702-10:38:10 18.05 44.85 225 86
85 20240702-10:38:12 18.05 44.85 180 86
86 20240702-10:38:20 18.05 44.85 180 86
87 20240702-10:38:32 18.05 44.85 135 86
88 20240702-10:38:42 18.05 44.85 90 86
89 20240702-10:38:55 18.05 44.85 45 86
90 20240702-10:39:12 18.05 44.85 0 86
91 20240702-10:39:31 19.05 44.85 0 87
92 20240702-10:39:44 19.05 44.85 315 87
93 20240702-10:39:54 19.05 44.85 270 87
94 20240702-10:40:07 19.05 44.85 225 87
95 20240702-10:40:17 19.05 44.85 180 87
96 20240702-10:40:31 19.05 44.85 135 87
97 20240702-10:40:39 19.05 44.85 90 87
98 20240702-10:40:57 19.05 44.85 45 87
99 20240702-10:41:07 19.05 44.85 0 87
100 20240702-10:41:23 20.05 44.85 0 87
101 20240702-10:41:39 20.05 44.85 315 87
102 20240702-10:41:49 20.05 44.85 270 87
103 20240702-10:42:04 20.05 44.85 225 87
104 20240702-10:42:12 20.05 44.85 180 87
105 20240702-10:42:25 20.05 44.85 135 87
106 20240702-10:42:37 20.05 44.85 90 87
107 20240702-10:42:47 20.05 44.85 45 87
108 20240702-10:43:07 20.05 44.85 0 87
109 20240702-10:43:27 21.05 44.85 0 88
110 20240702-10:43:41 21.05 44.85 315 88
111 20240702-10:43:51 21.05 44.85 270 88
112 20240702-10:44:04 21.05 44.85 225 88
113 20240702-10:44:13 21.05 44.85 180 88
114 20240702-10:44:26 21.05 44.85 135 88
115 20240702-10:44:37 21.05 44.85 90 88
116 20240702-10:44:48 21.05 44.85 45 88
117 20240702-10:45:07 21.05 44.85 0 88
118 20240702-10:45:40 22.05 44.85 0 88
119 20240702-10:45:54 22.05 44.85 315 88
120 20240702-10:46:04 22.05 44.85 270 88
121 20240702-10:46:17 22.05 44.85 225 88
122 20240702-10:46:28 22.05 44.85 180 88
123 20240702-10:46:40 22.05 44.85 135 88
124 20240702-10:46:51 22.05 44.85 90 88
125 20240702-10:47:03 22.05 44.85 45 88
126 20240702-10:47:15 22.05 44.85 0 88
127 20240702-10:47:36 23.05 44.85 0 89
128 20240702-10:47:50 23.05 44.85 315 89
129 20240702-10:48:00 23.05 44.85 270 89
130 20240702-10:48:13 23.05 44.85 225 89
131 20240702-10:48:24 23.05 44.85 180 89
132 20240702-10:48:36 23.05 44.85 135 89
133 20240702-10:48:46 23.05 44.85 90 89
134 20240702-10:48:58 23.05 44.85 45 89
135 20240702-10:49:15 23.05 44.85 0 89
136 20240702-10:49:37 24.05 44.85 0 89
137 20240702-10:49:51 24.05 44.85 315 89
138 20240702-10:50:01 24.05 44.85 270 89
139 20240702-10:50:13 24.05 44.85 225 89
140 20240702-10:50:24 24.05 44.85 180 89
141 20240702-10:50:36 24.05 44.85 135 89
142 20240702-10:50:46 24.05 44.85 90 89
143 20240702-10:50:58 24.05 44.85 45 89
144 20240702-10:51:07 24.05 44.85 0 89
145 20240702-10:51:26 25.05 44.85 0 90
146 20240702-10:51:39 25.05 44.85 315 90
147 20240702-10:51:49 25.05 44.85 270 90
148 20240702-10:52:02 25.05 44.85 225 90
149 20240702-10:52:13 25.05 44.85 180 90
150 20240702-10:52:26 25.05 44.85 135 90
151 20240702-10:52:35 25.05 44.85 90 90
152 20240702-10:52:47 25.05 44.85 45 90
153 20240702-10:53:03 25.05 44.85 0 90
154 20240702-10:53:18 26.05 44.85 0 90
155 20240702-10:53:31 26.05 44.85 315 90
156 20240702-10:53:42 26.05 44.85 270 90
157 20240702-10:53:55 26.05 44.85 225 90
158 20240702-10:54:05 26.05 44.85 180 90
159 20240702-10:54:17 26.05 44.85 135 90
160 20240702-10:54:27 26.05 44.85 90 90
161 20240702-10:54:40 26.05 44.85 45 90
162 20240702-10:54:50 26.05 44.85 0 90
163 20240702-10:55:06 27.05 44.85 0 91
164 20240702-10:55:19 27.05 44.85 315 91
165 20240702-10:55:30 27.05 44.85 270 91
166 20240702-10:55:42 27.05 44.85 225 91
167 20240702-10:55:53 27.05 44.85 180 91
168 20240702-10:56:05 27.05 44.85 135 91
169 20240702-10:56:16 27.05 44.85 90 91
170 20240702-10:56:28 27.05 44.85 45 91
171 20240702-10:56:44 27.05 44.85 0 91
172 20240702-10:56:54 27.05 44.85 0 91
173 20240702-10:57:07 28.05 44.85 0 91
174 20240702-10:57:24 28.05 44.85 315 91
175 20240702-10:57:33 28.05 44.85 270 91
176 20240702-10:57:46 28.05 44.85 225 91
177 20240702-10:57:55 28.05 44.85 180 91
178 20240702-10:58:07 28.05 44.85 135 91
179 20240702-10:58:20 28.05 44.85 90 91
180 20240702-10:58:29 28.05 44.85 45 91
181 20240702-10:58:44 28.05 44.85 0 91
182 20240702-10:58:56 28.05 44.85 0 91
183 20240702-10:59:08 29.05 44.85 0 92
184 20240702-10:59:21 29.05 44.85 315 92
185 20240702-10:59:31 29.05 44.85 270 92
186 20240702-10:59:43 29.05 44.85 225 92
187 20240702-10:59:54 29.05 44.85 180 92
188 20240702-11:00:06 29.05 44.85 135 92
189 20240702-11:00:16 29.05 44.85 90 92
190 20240702-11:00:28 29.05 44.85 45 92
191 20240702-11:00:43 29.05 44.85 0 92
192 20240702-11:01:00 30.05 44.85 0 92
193 20240702-11:01:12 30.05 44.85 315 92
194 20240702-11:01:23 30.05 44.85 270 92
195 20240702-11:01:34 30.05 44.85 225 92
196 20240702-11:01:45 30.05 44.85 180 92
197 20240702-11:01:56 30.05 44.85 135 92
198 20240702-11:02:08 30.05 44.85 90 92
199 20240702-11:02:19 30.05 44.85 45 92
200 20240702-11:02:35 30.05 44.85 0 92
201 20240702-11:02:50 31.05 44.85 0 93
202 20240702-11:03:03 31.05 44.85 315 93
203 20240702-11:03:13 31.05 44.85 270 93
204 20240702-11:03:26 31.05 44.85 225 93
205 20240702-11:03:36 31.05 44.85 180 93
206 20240702-11:03:48 31.05 44.85 135 93
207 20240702-11:03:58 31.05 44.85 90 93
208 20240702-11:04:11 31.05 44.85 45 93
209 20240702-11:04:26 31.05 44.85 0 93
210 20240702-11:04:48 32.05 44.85 0 93
211 20240702-11:05:02 32.05 44.85 315 93
212 20240702-11:05:13 32.05 44.85 270 93
213 20240702-11:05:24 32.05 44.85 225 93
214 20240702-11:05:35 32.05 44.85 180 93
215 20240702-11:05:47 32.05 44.85 135 93
216 20240702-11:05:58 32.05 44.85 90 93
217 20240702-11:06:12 32.05 44.85 45 93
218 20240702-11:06:18 32.05 44.85 0 93
219 20240702-11:06:35 32.55 44.85 0 93
220 20240702-11:06:55 32.55 44.85 315 93
221 20240702-11:07:05 32.55 44.85 270 93
222 20240702-11:07:15 32.55 44.85 225 93
223 20240702-11:07:26 32.55 44.85 180 93
224 20240702-11:07:37 32.55 44.85 135 93
225 20240702-11:10:05 32.55 44.85 90 93
226 20240702-11:10:15 32.55 44.85 45 93
227 20240702-11:10:37 32.55 44.85 0 93
