1 20220705-15:44:25 31.1 70.45 270 147
2 20220705-15:44:27 31.1 70.45 270 147
3 20220705-15:44:28 31.1 70.45 270 147
4 20220705-15:44:29 31.1 70.45 270 147
5 20220705-15:44:44 31.1 69.25 270 147
6 20220705-15:45:00 31.1 66.75 270 145
7 20220705-15:45:15 31.1 66.75 225 145
8 20220705-15:45:25 31.1 66.75 270 145
9 20220705-15:45:48 31.1 63.75 270 144
10 20220705-15:46:17 31.1 59.25 270 142
11 20220705-15:46:40 31.1 57.85 270 141
12 20220705-15:46:55 31.1 57.85 180 141
13 20220705-15:47:10 29.3 57.55 180 140
14 20220705-15:47:37 26.6 57.35 180 138
15 20220705-15:48:04 26.6 57.35 90 138
16 20220705-15:48:20 26.6 57.35 0 138
17 20220705-15:48:30 26.6 57.35 270 138
18 20220705-15:48:41 26.6 57.35 180 138
19 20220705-15:48:59 22.8 57.15 180 136
20 20220705-15:49:09 20.4 57.15 180 135
21 20220705-15:49:16 19.0 56.95 180 135
22 20220705-15:49:23 16.7 56.65 180 133
23 20220705-15:49:34 15.9 56.65 180 133
24 20220705-15:49:45 14.6 56.45 180 132
25 20220705-15:49:57 13.5 56.25 180 132
26 20220705-15:50:05 12.0 56.25 180 131
27 20220705-15:50:16 9.9 56.25 180 130
28 20220705-15:50:26 9.2 56.25 135 130
29 20220705-15:50:37 9.1 56.25 135 130
30 20220705-15:50:44 9.1 56.25 180 130
31 20220705-15:50:53 8.5 56.25 180 129
32 20220705-15:51:04 7.6 56.25 180 129
33 20220705-15:51:14 7.4 56.25 180 129
34 20220705-15:51:21 7.4 56.25 135 129
35 20220705-15:51:43 7.4 56.25 225 129
36 20220705-15:51:53 7.4 56.25 270 129
37 20220705-15:52:09 7.4 54.55 270 126
38 20220705-15:52:11 7.4 54.55 270 126
39 20220705-15:52:18 7.4 54.55 180 126
40 20220705-15:52:24 7.4 54.55 135 126
41 20220705-15:52:38 7.4 54.55 270 126
42 20220705-15:53:16 7.6 48.25 270 120
43 20220705-15:53:29 7.6 48.25 180 120
44 20220705-15:53:35 7.6 48.25 225 120
45 20220705-15:53:39 7.6 48.25 270 120
46 20220705-15:53:50 7.6 45.35 270 81
47 20220705-15:54:07 7.8 44.15 270 81
48 20220705-15:54:10 7.8 44.15 270 81
49 20220705-15:54:22 8.1 44.25 315 81
50 20220705-15:54:35 8.3 44.15 0 81
51 20220705-15:54:41 8.3 44.15 315 81
52 20220705-15:55:03 8.5 44.15 315 81
53 20220705-15:55:10 10.7 44.15 315 82
54 20220705-15:55:15 10.7 44.15 0 82
55 20220705-15:55:31 13.6 44.15 315 84
56 20220705-15:55:46 13.6 44.15 90 84
57 20220705-15:55:52 13.6 44.15 45 84
58 20220705-15:56:01 13.6 44.15 0 84
59 20220705-15:56:55 20.2 44.15 0 87
60 20220705-15:57:01 20.2 44.15 0 87
61 20220705-15:57:16 20.2 44.15 270 87
62 20220705-15:57:21 20.2 44.15 315 87
63 20220705-15:57:26 20.2 44.15 0 87
64 20220705-15:57:35 21.3 44.15 0 88
65 20220705-15:57:48 22.2 44.15 45 88
66 20220705-15:57:53 22.2 44.15 90 88
67 20220705-15:57:57 22.2 44.15 135 88
68 20220705-15:58:02 22.2 44.15 180 88
69 20220705-15:58:06 22.2 44.15 225 88
70 20220705-15:58:19 22.2 44.15 270 88
71 20220705-15:58:25 22.2 44.15 315 88
72 20220705-15:58:29 22.2 44.15 0 88
73 20220705-15:58:43 24.2 44.15 0 89
74 20220705-15:58:47 25.4 44.15 0 90
75 20220705-15:59:00 27.4 44.15 315 91
76 20220705-15:59:01 27.4 44.15 0 91
77 20220705-15:59:12 29.3 44.15 0 92
78 20220705-15:59:20 30.1 44.15 0 92
79 20220705-15:59:27 30.8 44.15 0 92
80 20220705-15:59:36 30.8 44.15 315 92
81 20220705-15:59:38 30.8 44.15 270 92
82 20220705-15:59:44 30.8 44.15 315 92
83 20220705-15:59:48 30.8 44.15 0 92
84 20220705-15:59:52 30.8 44.15 45 92
85 20220705-16:00:01 30.8 44.15 90 92
86 20220705-16:00:09 30.8 44.75 90 92
87 20220705-16:00:21 30.8 45.55 90 92
88 20220705-16:00:28 30.8 46.95 90 95
89 20220705-16:00:35 30.8 48.75 90 97
90 20220705-16:00:50 31.1 49.45 45 96
91 20220705-16:00:55 31.1 49.45 0 96
92 20220705-16:01:06 31.4 49.45 0 96
93 20220705-16:01:16 31.4 49.45 45 96
94 20220705-16:01:20 31.4 49.45 90 96
95 20220705-16:01:37 31.4 52.05 90 100
96 20220705-16:02:00 31.4 53.45 90 100
97 20220705-16:02:16 31.4 56.55 90 141
98 20220705-16:02:27 31.1 57.45 45 141
99 20220705-16:02:45 31.1 58.45 90 141
100 20220705-16:02:55 31.1 59.65 90 142
101 20220705-16:03:05 31.1 61.55 90 143
102 20220705-16:03:12 31.1 63.25 90 144
103 20220705-16:03:18 31.1 64.65 90 144
104 20220705-16:03:26 31.1 66.65 90 145
105 20220705-16:03:41 31.1 66.65 135 145
106 20220705-16:03:59 31.0 67.35 90 146
107 20220705-16:04:05 31.0 68.45 90 146
108 20220705-16:04:08 31.0 69.65 90 147
109 20220705-16:04:13 31.0 70.85 90 147
110 20220705-16:04:32 31.0 71.75 90 148
111 20220705-16:04:42 31.0 71.75 0 148
