1 20220809-10:34:07 20.25 6.45 90 26
2 20220809-10:34:39 20.25 6.45 90 26
3 20220809-10:34:46 20.25 6.45 45 26
4 20220809-10:34:56 20.25 6.45 0 26
5 20220809-10:35:08 20.25 6.45 315 26
6 20220809-10:35:18 20.25 6.45 270 26
7 20220809-10:35:30 20.25 6.45 225 26
8 20220809-10:35:40 20.25 6.45 180 26
9 20220809-10:35:51 20.25 6.45 135 26
10 20220809-10:36:06 20.25 6.45 90 26
11 20220809-10:37:31 20.15 7.55 90 27
12 20220809-10:37:36 20.15 7.55 90 27
13 20220809-10:37:49 20.15 7.55 135 27
14 20220809-10:38:01 20.15 7.55 180 27
15 20220809-10:38:11 20.15 7.55 225 27
16 20220809-10:38:12 20.15 7.55 225 27
17 20220809-10:38:23 20.15 7.55 270 27
18 20220809-10:38:34 20.15 7.55 315 27
19 20220809-10:38:45 20.15 7.55 0 27
20 20220809-10:38:56 20.15 7.55 45 27
21 20220809-10:39:11 20.15 7.55 90 27
22 20220809-10:39:40 20.15 8.35 90 27
23 20220809-10:39:49 20.15 8.35 90 27
24 20220809-10:39:58 20.15 8.35 45 27
25 20220809-10:40:06 20.15 8.35 0 27
26 20220809-10:40:07 20.15 8.35 0 27
27 20220809-10:40:19 20.15 8.35 315 27
28 20220809-10:40:28 20.15 8.35 270 27
29 20220809-10:40:29 20.15 8.35 270 27
30 20220809-10:40:36 20.15 8.35 225 27
31 20220809-10:40:37 20.15 8.35 225 27
32 20220809-10:40:46 20.15 8.35 180 27
33 20220809-10:40:48 20.15 8.35 180 27
34 20220809-10:40:56 20.15 8.35 135 27
35 20220809-10:41:14 20.15 8.35 90 27
36 20220809-10:41:20 20.15 8.35 90 27
37 20220809-10:41:37 20.15 9.45 90 28
38 20220809-10:41:42 20.15 9.45 90 28
39 20220809-10:41:56 20.15 9.45 45 28
40 20220809-10:42:06 20.15 9.45 0 28
41 20220809-10:42:16 20.15 9.45 315 28
42 20220809-10:42:19 20.15 9.45 315 28
43 20220809-10:42:28 20.15 9.45 270 28
44 20220809-10:42:40 20.15 9.45 225 28
45 20220809-10:42:50 20.15 9.45 180 28
46 20220809-10:42:50 20.15 9.45 180 28
47 20220809-10:43:02 20.15 9.45 135 28
48 20220809-10:43:10 20.15 9.45 90 28
49 20220809-10:43:15 20.15 9.45 90 28
50 20220809-10:45:25 20.15 10.45 90 28
51 20220809-10:45:52 20.05 10.45 90 28
52 20220809-10:45:52 20.05 10.45 90 28
53 20220809-10:46:06 20.05 10.45 135 28
54 20220809-10:46:10 20.05 10.45 180 28
55 20220809-10:46:20 20.05 10.45 225 28
56 20220809-10:46:31 20.05 10.45 270 28
57 20220809-10:46:41 20.05 10.45 315 28
58 20220809-10:46:53 20.05 10.45 0 28
59 20220809-10:47:07 20.05 10.45 45 28
60 20220809-10:47:15 20.05 10.45 90 28
61 20220809-10:47:20 20.05 10.45 90 28
62 20220809-10:47:28 20.05 10.45 90 28
63 20220809-10:47:44 20.05 11.45 90 29
64 20220809-10:47:46 20.05 11.45 90 29
65 20220809-10:48:04 20.05 11.45 45 29
66 20220809-10:48:05 20.05 11.45 45 29
67 20220809-10:48:15 20.05 11.45 0 29
68 20220809-10:48:26 20.05 11.45 315 29
69 20220809-10:48:34 20.05 11.45 270 29
70 20220809-10:48:44 20.05 11.45 225 29
71 20220809-10:48:55 20.05 11.45 180 29
72 20220809-10:49:06 20.05 11.45 135 29
73 20220809-10:49:18 20.05 11.45 90 29
74 20220809-10:49:26 20.05 11.45 90 29
75 20220809-10:50:00 20.05 12.45 90 29
76 20220809-10:50:20 20.05 12.45 135 29
77 20220809-10:50:31 20.05 12.45 180 29
78 20220809-10:50:40 20.05 12.45 225 29
79 20220809-10:50:54 20.05 12.45 270 29
80 20220809-10:51:03 20.05 12.45 315 29
81 20220809-10:51:14 20.05 12.45 0 29
82 20220809-10:51:27 20.05 12.45 0 29
83 20220809-10:51:40 20.05 12.45 45 29
84 20220809-10:51:50 20.05 12.45 90 29
85 20220809-10:53:46 20.05 12.45 90 29
