1 20220708-15:37:01 31.55 72.0 0 148
2 20220708-15:37:07 31.15 73.0 0 149
3 20220708-15:37:09 31.15 73.3 0 149
4 20220708-15:37:10 31.15 73.7 0 149
5 20220708-15:37:11 31.15 74.0 0 149
6 20220708-15:37:12 31.15 74.3 0 149
7 20220708-15:37:13 31.15 74.7 0 149
8 20220708-15:37:15 31.15 75.0 0 150
9 20220708-15:37:16 31.15 75.4 0 150
10 20220708-15:37:18 31.15 75.6 0 150
11 20220708-15:37:19 31.15 75.8 0 150
12 20220708-15:37:20 31.15 76.2 0 150
13 20220708-15:37:22 31.15 76.4 0 150
14 20220708-15:37:23 31.15 76.6 0 150
15 20220708-15:37:24 31.15 76.8 0 150
16 20220708-15:37:25 31.15 77.0 0 151
17 20220708-15:37:30 31.15 77.1 0 151
18 20220708-15:37:33 31.15 77.3 0 151
19 20220708-15:37:34 31.15 77.4 0 151
20 20220708-15:37:35 31.15 77.5 0 151
21 20220708-15:37:36 31.15 77.6 0 151
22 20220708-15:37:37 31.15 77.7 0 151
23 20220708-15:37:38 31.15 77.8 0 151
24 20220708-15:37:39 31.15 77.9 0 151
25 20220708-15:37:41 31.15 78.0 0 151
26 20220708-15:37:44 30.95 78.0 0 151
27 20220708-15:37:44 30.95 78.1 0 151
28 20220708-15:37:46 30.85 78.1 0 151
29 20220708-15:37:47 30.85 78.2 0 151
30 20220708-15:37:49 30.85 78.5 0 151
31 20220708-15:37:51 30.85 78.9 0 151
32 20220708-15:37:52 30.85 79.2 0 153
33 20220708-15:37:53 30.85 79.6 0 153
34 20220708-15:37:54 30.85 79.7 0 153
35 20220708-15:37:55 30.85 79.8 0 153
36 20220708-15:37:56 30.85 79.9 0 153
37 20220708-15:37:58 30.85 80.0 0 153
38 20220708-15:38:00 30.85 80.1 0 153
39 20220708-15:38:02 30.85 80.2 0 153
40 20220708-15:38:03 30.85 80.3 0 153
41 20220708-15:38:04 30.85 80.4 0 153
42 20220708-15:38:05 30.85 80.5 0 153
43 20220708-15:38:07 30.85 80.6 0 153
44 20220708-15:38:08 30.85 80.7 0 153
45 20220708-15:38:09 30.85 81.0 0 154
46 20220708-15:38:10 30.85 81.3 0 154
47 20220708-15:38:11 30.85 81.6 0 154
48 20220708-15:38:11 30.85 81.8 0 154
49 20220708-15:38:12 30.85 82.2 0 154
50 20220708-15:38:13 30.85 82.4 0 154
51 20220708-15:38:14 30.85 82.6 0 154
52 20220708-15:38:15 30.85 82.8 0 154
53 20220708-15:38:19 30.85 83.0 0 155
54 20220708-15:38:27 30.85 83.0 90 155
55 20220708-15:38:30 30.85 83.2 90 155
56 20220708-15:38:31 30.85 83.4 90 155
57 20220708-15:38:32 30.85 83.6 90 155
58 20220708-15:38:33 30.85 83.8 90 155
59 20220708-15:38:35 30.85 84.1 90 155
60 20220708-15:38:37 30.85 84.3 90 155
61 20220708-15:38:38 30.85 84.5 90 155
62 20220708-15:38:39 30.85 84.6 90 155
63 20220708-15:38:40 30.85 84.7 90 155
64 20220708-15:38:40 30.85 84.8 90 155
65 20220708-15:38:43 30.85 85.0 90 156
66 20220708-15:38:44 30.85 85.2 90 156
67 20220708-15:38:45 30.85 85.3 90 156
68 20220708-15:38:46 30.85 85.4 90 156
69 20220708-15:38:47 30.85 85.5 90 156
70 20220708-15:38:49 30.85 85.6 90 156
71 20220708-15:38:50 30.85 85.7 90 156
72 20220708-15:38:51 30.85 85.8 90 156
73 20220708-15:38:52 30.85 85.9 90 156
74 20220708-15:38:53 30.85 86.0 90 156
75 20220708-15:38:54 30.85 86.3 90 156
76 20220708-15:38:55 30.85 86.5 90 156
77 20220708-15:38:56 30.85 86.8 90 156
78 20220708-15:38:57 30.85 87.3 90 157
79 20220708-15:38:58 30.85 87.8 90 157
80 20220708-15:38:59 30.85 88.2 90 157
81 20220708-15:39:00 30.85 88.5 90 157
82 20220708-15:39:00 30.85 88.8 90 157
83 20220708-15:39:01 30.85 89.0 90 158
84 20220708-15:39:02 30.85 89.2 90 158
85 20220708-15:39:02 30.85 89.4 90 158
86 20220708-15:39:03 30.85 89.7 90 158
87 20220708-15:39:04 30.85 90.0 90 158
88 20220708-15:39:07 30.85 90.2 90 158
89 20220708-15:39:09 30.85 90.4 90 158
90 20220708-15:39:10 30.85 90.6 90 158
91 20220708-15:39:13 30.85 90.8 90 158
92 20220708-15:39:15 30.85 90.9 90 158
93 20220708-15:39:16 30.85 91.1 90 159
94 20220708-15:39:17 30.85 91.2 90 159
95 20220708-15:39:18 30.85 91.3 90 159
96 20220708-15:39:20 30.85 91.4 90 159
97 20220708-15:39:23 30.85 91.5 90 159
98 20220708-15:39:24 30.85 91.6 90 159
99 20220708-15:39:25 30.85 91.7 90 159
100 20220708-15:39:26 30.85 91.8 90 159
101 20220708-15:39:28 30.85 91.9 90 159
102 20220708-15:39:29 30.85 92.0 90 159
103 20220708-15:39:29 30.85 92.1 90 159
104 20220708-15:39:30 30.85 92.3 90 159
105 20220708-15:39:31 30.85 92.5 90 159
106 20220708-15:39:32 30.85 92.6 90 159
107 20220708-15:39:34 30.85 92.7 90 159
108 20220708-15:39:35 30.85 92.8 90 159
109 20220708-15:39:37 30.85 92.9 90 159
110 20220708-15:39:38 30.85 93.0 90 160
111 20220708-15:39:39 30.85 93.1 90 160
112 20220708-15:39:40 30.85 93.2 90 160
113 20220708-15:39:42 30.85 93.3 90 160
114 20220708-15:39:43 30.85 93.4 90 160
115 20220708-15:39:44 30.85 93.5 90 160
116 20220708-15:39:45 30.85 93.6 90 160
117 20220708-15:39:45 30.85 93.7 90 160
118 20220708-15:39:46 30.85 93.8 90 160
119 20220708-15:39:47 30.85 93.9 90 160
120 20220708-15:39:48 30.85 94.0 90 160
121 20220708-15:39:49 30.85 94.1 90 160
122 20220708-15:39:50 30.85 94.2 90 160
123 20220708-15:39:50 30.85 94.3 90 160
124 20220708-15:39:51 30.85 94.4 90 160
125 20220708-15:39:52 30.85 94.5 90 160
126 20220708-15:39:53 30.85 94.7 90 160
127 20220708-15:39:54 30.85 94.8 90 160
128 20220708-15:39:55 30.85 94.9 90 160
129 20220708-15:39:56 30.85 95.2 90 161
130 20220708-15:39:58 30.85 95.5 90 161
131 20220708-15:40:00 30.85 95.5 90 161
132 20220708-15:40:01 30.85 95.7 90 161
133 20220708-15:40:02 30.85 95.8 90 161
134 20220708-15:40:03 30.85 95.9 90 161
135 20220708-15:40:04 30.85 96.0 90 161
136 20220708-15:40:05 30.85 96.1 90 161
137 20220708-15:40:06 30.85 96.2 90 161
138 20220708-15:40:06 30.85 96.3 90 161
139 20220708-15:40:07 30.85 96.4 90 161
140 20220708-15:40:08 30.85 96.5 90 161
141 20220708-15:40:09 30.85 96.6 90 161
142 20220708-15:40:09 30.85 96.7 90 161
143 20220708-15:40:10 30.85 96.8 90 161
144 20220708-15:40:14 30.85 96.9 90 161
145 20220708-15:40:15 30.85 97.0 90 162
146 20220708-15:40:16 30.85 97.2 90 162
147 20220708-15:40:17 30.85 97.4 90 162
148 20220708-15:40:19 30.85 97.6 90 162
149 20220708-15:40:20 30.85 98.2 90 162
150 20220708-15:40:22 30.85 98.5 90 162
151 20220708-15:40:23 30.85 99.0 90 163
152 20220708-15:40:24 30.85 99.2 90 163
153 20220708-15:40:25 30.85 99.4 90 163
154 20220708-15:40:26 30.85 99.6 90 163
155 20220708-15:40:28 30.85 99.8 90 163
156 20220708-15:40:29 30.85 99.9 90 163
157 20220708-15:40:30 30.85 100.0 90 163
158 20220708-15:40:32 30.85 100.1 90 163
159 20220708-15:40:33 30.85 100.2 90 163
160 20220708-15:40:33 30.85 100.3 90 163
161 20220708-15:40:34 30.85 100.4 90 163
162 20220708-15:40:35 30.85 100.5 90 163
163 20220708-15:40:36 30.85 100.6 90 163
164 20220708-15:40:36 30.85 100.7 90 163
165 20220708-15:40:37 30.85 100.8 90 163
166 20220708-15:40:38 30.85 100.9 90 163
167 20220708-15:40:38 30.85 101.0 90 164
168 20220708-15:40:39 30.85 101.1 90 164
169 20220708-15:40:40 30.85 101.2 90 164
170 20220708-15:40:40 30.85 101.3 90 164
171 20220708-15:40:41 30.85 101.4 90 164
172 20220708-15:40:41 30.85 101.5 90 164
173 20220708-15:40:42 30.85 101.6 90 164
174 20220708-15:40:42 30.85 101.7 90 164
175 20220708-15:40:43 30.85 101.8 90 164
176 20220708-15:40:44 30.85 101.9 90 164
177 20220708-15:40:45 30.85 102.0 90 164
178 20220708-15:40:46 30.85 102.1 90 164
179 20220708-15:40:47 30.85 102.2 90 164
180 20220708-15:40:47 30.85 102.3 90 164
181 20220708-15:40:48 30.85 102.4 90 164
182 20220708-15:40:49 30.85 102.5 90 164
183 20220708-15:40:50 30.85 102.6 90 164
184 20220708-15:40:51 30.85 102.7 90 164
185 20220708-15:40:51 30.85 102.8 90 164
186 20220708-15:40:52 30.85 102.9 90 164
187 20220708-15:40:53 30.85 103.0 90 165
188 20220708-15:40:53 30.85 103.1 90 165
189 20220708-15:40:54 30.85 103.2 90 165
190 20220708-15:40:55 30.85 103.3 90 165
191 20220708-15:40:55 30.85 103.4 90 165
192 20220708-15:40:56 30.85 103.5 90 165
193 20220708-15:40:56 30.85 103.6 90 165
194 20220708-15:40:57 30.85 103.7 90 165
195 20220708-15:40:57 30.85 103.8 90 165
196 20220708-15:40:58 30.85 103.9 90 165
197 20220708-15:40:58 30.85 104.0 90 165
198 20220708-15:40:59 30.85 104.1 90 165
199 20220708-15:40:59 30.85 104.2 90 165
200 20220708-15:41:00 30.85 104.3 90 165
201 20220708-15:41:00 30.85 104.4 90 165
202 20220708-15:41:01 30.85 104.5 90 165
203 20220708-15:41:01 30.85 104.6 90 165
204 20220708-15:41:02 30.85 104.7 90 165
205 20220708-15:41:03 30.85 104.8 90 165
206 20220708-15:41:04 30.85 104.9 90 165
207 20220708-15:41:06 30.85 105.0 90 165
208 20220708-15:41:07 30.85 105.1 90 165
209 20220708-15:41:08 30.85 105.2 90 165
210 20220708-15:41:09 30.85 105.3 90 165
211 20220708-15:41:09 30.85 105.4 90 165
212 20220708-15:41:10 30.85 105.5 90 165
213 20220708-15:41:11 30.85 105.6 90 165
214 20220708-15:41:12 30.85 105.7 90 165
215 20220708-15:41:12 30.85 105.8 90 165
216 20220708-15:41:13 30.85 105.9 90 165
217 20220708-15:41:14 30.85 106.0 90 166
218 20220708-15:41:15 30.85 106.1 90 166
219 20220708-15:41:16 30.85 106.2 90 166
220 20220708-15:41:17 30.85 106.3 90 166
221 20220708-15:41:19 30.85 106.4 90 166
222 20220708-15:41:20 30.85 106.5 90 166
223 20220708-15:41:34 30.85 106.5 135 166
224 20220708-15:41:35 30.85 106.5 135 166
225 20220708-15:41:36 30.85 106.5 135 166
226 20220708-15:41:38 30.85 106.5 135 166
227 20220708-15:41:40 30.85 106.5 135 166
228 20220708-15:41:42 30.85 106.5 135 166
229 20220708-15:41:44 30.85 106.5 135 166
230 20220708-15:41:45 30.85 106.5 135 166
231 20220708-15:41:46 30.85 106.5 135 166
232 20220708-15:41:48 30.85 106.5 135 166
233 20220708-15:41:49 30.85 106.5 135 166
234 20220708-15:41:50 30.85 106.5 135 166
235 20220708-15:41:51 30.85 106.5 135 166
236 20220708-15:41:53 30.85 106.5 135 166
237 20220708-15:41:56 30.85 106.5 180 166
238 20220708-15:42:05 30.55 106.8 180 166
239 20220708-15:42:06 30.25 106.8 180 166
240 20220708-15:42:07 30.05 106.8 180 166
241 20220708-15:42:18 29.85 107.2 180 167
242 20220708-15:42:22 29.75 107.2 180 167
243 20220708-15:42:28 29.55 107.2 180 167
244 20220708-15:42:33 29.35 107.2 180 167
245 20220708-15:42:34 29.25 107.2 180 167
246 20220708-15:42:35 29.15 107.2 180 167
247 20220708-15:42:39 29.05 107.2 180 167
248 20220708-15:42:41 28.95 107.2 180 167
249 20220708-15:42:42 28.85 107.2 180 167
250 20220708-15:42:44 28.25 107.2 180 167
251 20220708-15:42:45 27.95 107.2 180 168
252 20220708-15:42:46 27.15 107.2 180 168
253 20220708-15:42:48 26.95 107.2 180 168
254 20220708-15:42:49 26.65 107.2 180 168
255 20220708-15:42:50 26.45 107.2 180 168
256 20220708-15:42:51 26.25 107.2 180 168
257 20220708-15:42:54 25.55 107.2 180 169
258 20220708-15:42:56 25.45 107.2 180 169
259 20220708-15:42:58 25.35 107.2 180 169
260 20220708-15:42:59 25.35 107.2 180 169
261 20220708-15:43:00 25.25 107.2 180 169
262 20220708-15:43:01 25.15 107.2 180 169
263 20220708-15:43:13 24.85 107.2 180 169
264 20220708-15:43:14 24.55 107.2 180 169
265 20220708-15:43:15 24.45 107.2 180 169
266 20220708-15:43:16 24.35 107.2 180 169
267 20220708-15:43:17 24.15 107.2 180 169
268 20220708-15:43:18 24.05 107.2 180 169
269 20220708-15:43:19 23.95 107.2 180 170
270 20220708-15:43:20 23.45 107.2 180 170
271 20220708-15:43:21 23.35 107.2 180 170
272 20220708-15:43:22 22.95 107.2 180 170
273 20220708-15:43:23 22.65 107.2 180 170
274 20220708-15:43:24 22.45 107.2 180 170
275 20220708-15:43:25 22.15 107.2 180 170
276 20220708-15:43:26 21.95 107.2 180 171
277 20220708-15:43:27 21.75 107.2 180 171
278 20220708-15:43:28 21.25 107.2 180 171
279 20220708-15:43:30 20.75 107.2 180 171
280 20220708-15:43:31 20.05 107.2 180 171
281 20220708-15:43:32 19.75 107.2 180 172
282 20220708-15:43:34 19.55 107.2 180 172
283 20220708-15:43:34 19.35 107.2 180 172
284 20220708-15:43:35 19.15 107.2 180 172
285 20220708-15:43:35 19.05 107.2 180 172
286 20220708-15:43:36 18.75 107.2 180 172
287 20220708-15:43:37 18.45 107.2 180 172
288 20220708-15:43:37 18.25 107.2 180 172
289 20220708-15:43:38 18.05 107.2 180 172
290 20220708-15:43:39 17.85 107.2 180 173
291 20220708-15:43:39 17.65 107.2 180 173
292 20220708-15:43:40 17.35 107.2 180 173
293 20220708-15:43:41 17.15 107.2 180 173
294 20220708-15:43:41 16.95 107.2 180 173
295 20220708-15:43:42 16.75 107.2 180 173
296 20220708-15:43:43 16.55 107.2 180 173
297 20220708-15:43:43 16.35 107.2 180 173
298 20220708-15:43:44 16.15 107.2 180 173
299 20220708-15:43:45 15.95 107.2 180 174
300 20220708-15:43:45 15.75 107.2 180 174
301 20220708-15:43:46 15.55 107.2 180 174
302 20220708-15:43:47 15.25 107.2 180 174
303 20220708-15:43:48 15.05 107.2 180 174
304 20220708-15:43:48 14.85 107.2 180 174
305 20220708-15:43:49 14.65 107.2 180 174
306 20220708-15:43:49 14.45 107.2 180 174
307 20220708-15:43:50 14.25 107.2 180 174
308 20220708-15:43:51 14.05 107.2 180 174
309 20220708-15:43:51 13.85 107.2 180 175
310 20220708-15:43:52 13.65 107.2 180 175
311 20220708-15:43:53 13.45 107.2 180 175
312 20220708-15:43:54 13.25 107.2 180 175
313 20220708-15:43:54 13.05 107.2 180 175
314 20220708-15:43:55 12.85 107.2 180 175
315 20220708-15:43:56 12.65 107.2 180 175
316 20220708-15:43:56 12.45 107.2 180 175
317 20220708-15:43:57 12.25 107.2 180 175
318 20220708-15:44:01 12.55 107.2 180 175
319 20220708-15:44:02 12.85 107.2 180 175
320 20220708-15:44:03 13.05 107.2 180 175
321 20220708-15:44:03 13.25 107.2 180 175
322 20220708-15:44:04 13.45 107.2 180 175
323 20220708-15:44:07 14.45 107.2 180 174
324 20220708-15:44:11 15.85 107.2 180 174
325 20220708-15:44:15 15.85 107.2 180 174
326 20220708-15:44:24 15.55 107.2 180 174
327 20220708-15:44:26 15.35 107.2 180 174
328 20220708-15:44:29 15.05 107.2 180 174
329 20220708-15:44:31 14.45 107.2 180 174
330 20220708-15:44:32 14.05 107.2 180 174
331 20220708-15:44:34 13.85 107.2 180 175
332 20220708-15:44:36 13.65 107.2 180 175
333 20220708-15:44:38 13.35 107.2 180 175
334 20220708-15:44:41 13.15 107.2 180 175
335 20220708-15:44:44 12.85 107.2 180 175
336 20220708-15:44:44 12.65 107.2 180 175
337 20220708-15:44:47 12.45 107.2 180 175
338 20220708-15:44:51 12.45 107.2 180 175
339 20220708-15:44:51 12.45 107.2 180 175
340 20220708-15:44:54 12.35 107.2 180 175
341 20220708-15:45:02 12.25 107.2 180 175
342 20220708-15:45:03 12.15 107.2 180 175
343 20220708-15:45:05 12.05 107.2 180 175
344 20220708-15:45:06 11.95 107.2 180 175
345 20220708-15:45:08 11.75 107.2 180 175
346 20220708-15:45:09 11.65 107.2 180 175
347 20220708-15:45:11 11.35 107.2 180 176
348 20220708-15:45:13 11.15 107.2 180 176
349 20220708-15:45:14 10.95 107.2 180 176
350 20220708-15:45:16 10.85 107.2 180 176
351 20220708-15:46:11 10.55 107.0 180 176
352 20220708-15:46:12 10.35 107.0 180 176
353 20220708-15:46:16 10.25 107.0 180 176
354 20220708-15:46:42 10.25 107.0 225 176
355 20220708-15:47:12 10.25 107.0 270 176
356 20220708-15:47:20 10.25 106.2 270 176
357 20220708-15:47:22 10.25 105.9 270 177
358 20220708-15:47:25 10.25 105.5 270 177
359 20220708-15:47:28 10.25 105.3 270 177
360 20220708-15:47:30 10.25 105.0 270 177
361 20220708-15:47:35 10.25 104.6 270 177
362 20220708-15:47:36 10.25 104.3 270 177
363 20220708-15:47:37 10.25 103.9 270 178
364 20220708-15:47:39 10.25 103.6 270 178
365 20220708-15:47:40 10.25 103.4 270 178
366 20220708-15:47:41 10.25 103.1 270 178
367 20220708-15:48:04 10.35 96.85 270 181
368 20220708-15:48:07 10.35 96.35 270 181
369 20220708-15:48:13 10.35 95.95 270 182
370 20220708-15:48:20 10.35 95.55 270 182
371 20220708-15:48:22 10.35 95.25 270 182
372 20220708-15:48:24 10.35 94.95 270 182
373 20220708-15:48:26 10.35 94.75 270 182
374 20220708-15:48:29 10.35 94.65 270 182
375 20220708-15:48:33 10.35 94.55 270 182
376 20220708-15:48:35 10.35 94.45 270 182
377 20220708-15:48:37 10.35 94.35 270 182
378 20220708-15:48:39 10.35 94.25 270 182
379 20220708-15:48:40 10.35 94.15 270 182
380 20220708-15:48:42 10.35 93.95 270 183
381 20220708-15:48:42 10.35 93.75 270 183
382 20220708-15:48:43 10.35 93.55 270 183
383 20220708-15:48:45 10.35 93.35 270 183
384 20220708-15:48:48 10.35 93.05 270 183
385 20220708-15:48:49 10.35 92.85 270 183
386 20220708-15:48:53 10.35 92.65 270 183
387 20220708-15:48:55 10.35 92.45 270 183
388 20220708-15:48:58 10.35 92.25 270 183
389 20220708-15:49:00 10.35 92.05 270 183
390 20220708-15:49:02 10.35 91.85 270 184
391 20220708-15:49:03 10.35 91.65 270 184
392 20220708-15:49:13 10.35 91.55 270 184
393 20220708-15:49:14 10.35 91.45 270 184
394 20220708-15:49:16 10.35 91.35 270 184
395 20220708-15:49:17 10.35 91.25 270 184
396 20220708-15:49:21 10.35 91.15 270 184
397 20220708-15:49:23 10.35 90.95 270 184
398 20220708-15:49:31 10.35 90.85 270 184
399 20220708-15:49:34 10.35 90.75 270 184
400 20220708-15:49:36 10.35 90.65 270 184
401 20220708-15:49:38 10.35 90.55 270 184
402 20220708-15:49:40 10.35 89.85 270 185
403 20220708-15:49:41 10.35 89.45 270 185
404 20220708-15:49:43 10.35 89.25 270 185
405 20220708-15:49:46 10.35 88.85 270 185
406 20220708-15:49:50 10.35 88.55 270 185
407 20220708-15:49:52 10.35 88.25 270 185
408 20220708-15:49:52 10.35 88.05 270 185
409 20220708-15:49:53 10.35 87.85 270 186
410 20220708-15:49:56 10.35 87.55 270 186
411 20220708-15:49:59 10.35 87.25 270 186
412 20220708-15:50:01 10.35 86.55 270 186
413 20220708-15:50:02 10.35 86.15 270 186
414 20220708-15:50:03 10.35 85.85 270 187
415 20220708-15:50:04 10.35 85.65 270 187
416 20220708-15:50:05 10.35 85.55 270 187
417 20220708-15:50:06 10.35 85.35 270 187
418 20220708-15:50:07 10.35 85.15 270 187
419 20220708-15:50:08 10.35 84.95 270 187
420 20220708-15:50:09 10.35 84.75 270 187
421 20220708-15:50:10 10.35 84.55 270 187
422 20220708-15:50:11 10.35 84.25 270 187
423 20220708-15:50:12 10.35 83.95 270 188
424 20220708-15:50:13 10.35 83.65 270 188
425 20220708-15:50:14 10.35 83.35 270 188
426 20220708-15:50:15 10.35 83.15 270 188
427 20220708-15:50:19 10.35 83.15 270 188
428 20220708-15:50:22 10.35 82.95 270 188
429 20220708-15:50:24 10.35 82.75 270 188
430 20220708-15:50:26 10.35 82.55 270 188
431 20220708-15:50:27 10.35 82.15 270 188
432 20220708-15:50:31 10.35 81.65 270 189
433 20220708-15:50:33 10.35 81.35 270 189
434 20220708-15:50:35 10.35 81.05 270 189
435 20220708-15:50:37 10.35 80.75 270 189
436 20220708-15:50:38 10.35 80.45 270 189
437 20220708-15:50:40 10.35 80.25 270 189
438 20220708-15:50:41 10.35 80.05 270 189
439 20220708-15:50:43 10.35 79.85 270 190
440 20220708-15:50:45 10.35 79.65 270 190
441 20220708-15:50:47 10.35 79.45 270 190
442 20220708-15:50:49 10.35 79.25 270 190
443 20220708-15:50:51 10.35 78.85 270 190
444 20220708-15:50:52 10.35 78.55 270 190
445 20220708-15:50:54 10.35 78.35 270 190
446 20220708-15:50:55 10.35 77.95 270 191
447 20220708-15:50:57 10.35 77.45 270 191
448 20220708-15:50:59 10.35 77.25 270 191
449 20220708-15:51:02 10.35 77.15 270 191
450 20220708-15:51:06 10.35 77.05 270 191
451 20220708-15:51:10 10.35 76.95 270 191
452 20220708-15:51:10 10.35 76.75 270 191
453 20220708-15:51:13 10.35 76.55 270 191
454 20220708-15:51:14 10.35 76.35 270 191
455 20220708-15:51:18 10.35 76.15 270 191
456 20220708-15:51:21 10.35 76.05 270 191
457 20220708-15:51:24 10.35 75.65 270 192
458 20220708-15:51:25 10.35 75.15 270 192
459 20220708-15:51:26 10.35 74.85 270 192
460 20220708-15:51:28 10.35 74.55 270 192
461 20220708-15:51:31 10.35 74.05 270 192
462 20220708-15:51:32 10.35 73.85 270 193
463 20220708-15:51:35 10.35 73.65 270 193
464 20220708-15:51:37 10.35 73.45 270 193
465 20220708-15:51:40 10.35 73.25 270 193
466 20220708-15:51:42 10.35 73.05 270 193
467 20220708-15:51:46 10.35 72.25 270 193
468 20220708-15:51:47 10.35 71.95 270 194
469 20220708-15:51:49 10.35 71.45 270 194
470 20220708-15:51:50 10.35 71.05 270 194
471 20220708-15:51:51 10.35 70.85 270 194
472 20220708-15:51:53 10.35 70.55 270 194
473 20220708-15:51:54 10.35 70.35 270 194
474 20220708-15:51:55 10.35 70.25 270 194
475 20220708-15:51:56 10.35 70.05 270 194
476 20220708-15:51:57 10.35 69.65 270 195
477 20220708-15:51:57 10.35 69.45 270 195
478 20220708-15:51:58 10.35 69.25 270 195
479 20220708-15:51:59 10.35 69.05 270 195
480 20220708-15:52:01 10.35 68.75 270 195
481 20220708-15:52:02 10.35 68.55 270 195
482 20220708-15:52:04 10.35 68.35 270 195
483 20220708-15:52:05 10.35 68.05 270 195
484 20220708-15:52:08 10.35 67.75 270 196
485 20220708-15:52:09 10.35 67.65 270 196
486 20220708-15:52:10 10.35 67.55 270 196
487 20220708-15:52:12 10.35 67.45 270 196
488 20220708-15:52:13 10.35 67.35 270 196
489 20220708-15:52:15 10.35 67.25 270 196
490 20220708-15:52:17 10.35 67.15 270 196
491 20220708-15:52:18 10.35 67.05 270 196
492 20220708-15:52:21 10.35 66.45 270 196
493 20220708-15:52:23 10.35 66.15 270 196
494 20220708-15:52:24 10.35 65.35 270 197
495 20220708-15:52:26 10.35 65.05 270 197
496 20220708-15:52:27 10.35 64.85 270 197
497 20220708-15:52:29 10.35 64.75 270 197
498 20220708-15:52:31 10.35 64.65 270 197
499 20220708-15:52:33 10.35 64.45 270 197
500 20220708-15:52:35 10.35 63.85 270 198
501 20220708-15:52:36 10.35 63.65 270 198
502 20220708-15:52:37 10.35 63.45 270 198
503 20220708-15:52:39 10.35 62.95 270 198
504 20220708-15:52:40 10.35 62.55 270 198
505 20220708-15:52:42 10.35 62.35 270 198
506 20220708-15:52:43 10.35 62.05 270 198
507 20220708-15:52:45 10.35 61.75 270 199
508 20220708-15:52:54 10.35 61.35 270 199
509 20220708-15:52:55 10.35 60.95 270 199
510 20220708-15:52:58 10.35 60.75 270 199
511 20220708-15:52:59 10.35 60.55 270 199
512 20220708-15:53:02 10.35 60.35 270 199
513 20220708-15:53:04 10.35 60.15 270 199
514 20220708-15:53:06 10.35 59.95 270 199
515 20220708-15:53:09 10.35 59.75 270 199
516 20220708-15:53:11 10.35 59.55 270 199
517 20220708-15:53:13 10.35 59.35 270 199
518 20220708-15:53:18 10.35 58.65 270 130
519 20220708-15:53:20 10.35 58.55 270 130
520 20220708-15:53:41 10.35 58.55 225 130
521 20220708-15:54:01 10.35 58.55 180 130
522 20220708-15:54:03 10.35 58.55 180 130
523 20220708-15:54:07 10.35 58.55 135 130
524 20220708-15:54:15 10.35 58.55 135 130
525 20220708-15:54:21 10.35 58.55 135 130
526 20220708-15:54:26 10.35 58.55 90 130
527 20220708-15:54:35 10.35 59.55 90 199
528 20220708-15:54:38 10.35 59.85 90 199
529 20220708-15:54:40 10.35 60.15 90 199
530 20220708-15:54:42 10.35 60.35 90 199
531 20220708-15:54:43 10.35 60.55 90 199
532 20220708-15:54:45 10.35 60.75 90 199
533 20220708-15:54:49 10.35 60.95 90 199
534 20220708-15:54:51 10.35 61.15 90 199
535 20220708-15:54:52 10.35 61.35 90 199
536 20220708-15:54:53 10.35 61.55 90 199
537 20220708-15:54:54 10.35 61.85 90 199
538 20220708-15:54:56 10.35 62.15 90 198
539 20220708-15:54:57 10.35 62.65 90 198
540 20220708-15:54:59 10.35 62.95 90 198
541 20220708-15:55:01 10.35 63.35 90 198
542 20220708-15:55:02 10.35 63.55 90 198
543 20220708-15:55:04 10.35 63.75 90 198
544 20220708-15:55:06 10.35 64.05 90 197
545 20220708-15:55:07 10.35 64.25 90 197
546 20220708-15:55:08 10.35 64.55 90 197
547 20220708-15:55:09 10.25 64.65 90 197
548 20220708-15:55:10 10.25 64.85 90 197
549 20220708-15:55:14 10.25 65.05 90 197
550 20220708-15:55:17 10.25 65.25 90 197
551 20220708-15:55:19 10.25 65.45 90 197
552 20220708-15:55:22 10.35 65.65 90 197
553 20220708-15:55:26 10.35 65.85 90 197
554 20220708-15:55:27 10.35 66.05 90 196
555 20220708-15:55:29 10.35 66.45 90 196
556 20220708-15:55:34 10.35 67.05 90 196
557 20220708-15:55:35 10.35 67.45 90 196
558 20220708-15:55:36 10.35 67.85 90 196
559 20220708-15:55:37 10.35 67.85 90 196
560 20220708-15:55:38 10.35 68.15 90 195
561 20220708-15:55:39 10.35 68.45 90 195
562 20220708-15:55:40 10.35 68.75 90 195
563 20220708-15:55:41 10.35 69.05 90 195
564 20220708-15:55:42 10.35 69.45 90 195
565 20220708-15:55:43 10.35 69.65 90 195
566 20220708-15:55:45 10.35 69.85 90 195
567 20220708-15:55:46 10.35 70.15 90 194
568 20220708-15:55:53 10.35 70.25 90 194
569 20220708-15:56:00 10.35 70.35 90 194
570 20220708-15:56:01 10.35 70.55 90 194
571 20220708-15:56:02 10.35 70.55 90 194
572 20220708-15:56:03 10.35 70.75 90 194
573 20220708-15:56:04 10.35 70.95 90 194
574 20220708-15:56:06 10.35 71.55 90 194
575 20220708-15:56:07 10.35 71.65 90 194
576 20220708-15:56:08 10.35 71.75 90 194
577 20220708-15:56:09 10.35 71.95 90 194
578 20220708-15:56:10 10.35 72.15 90 193
579 20220708-15:56:11 10.35 72.35 90 193
580 20220708-15:56:12 10.35 72.55 90 193
581 20220708-15:56:13 10.35 72.75 90 193
582 20220708-15:56:15 10.35 72.95 90 193
583 20220708-15:56:16 10.35 73.15 90 193
584 20220708-15:56:17 10.35 73.35 90 193
585 20220708-15:56:18 10.35 73.55 90 193
586 20220708-15:56:19 10.35 73.75 90 193
587 20220708-15:56:21 10.35 73.95 90 193
588 20220708-15:56:22 10.35 74.15 90 192
589 20220708-15:56:23 10.35 74.35 90 192
590 20220708-15:56:24 10.35 74.55 90 192
591 20220708-15:56:25 10.35 74.75 90 192
592 20220708-15:56:27 10.35 74.95 90 192
593 20220708-15:56:29 10.35 75.15 90 192
594 20220708-15:56:30 10.35 75.35 90 192
595 20220708-15:56:35 10.35 75.55 90 192
596 20220708-15:56:38 10.35 75.65 90 192
597 20220708-15:56:39 10.35 75.75 90 192
598 20220708-15:56:40 10.35 75.95 90 192
599 20220708-15:56:41 10.35 76.15 90 191
600 20220708-15:56:43 10.35 76.35 90 191
601 20220708-15:56:45 10.35 76.55 90 191
602 20220708-15:56:46 10.35 77.05 90 191
603 20220708-15:56:48 10.35 77.35 90 191
604 20220708-15:56:50 10.35 77.65 90 191
605 20220708-15:56:52 10.35 77.95 90 191
606 20220708-15:56:54 10.35 78.25 90 190
607 20220708-15:56:56 10.35 78.65 90 190
608 20220708-15:56:58 10.35 78.75 90 190
609 20220708-15:56:59 10.35 78.85 90 190
610 20220708-15:57:01 10.35 78.95 90 190
611 20220708-15:57:03 10.35 79.05 90 190
612 20220708-15:57:06 10.35 79.15 90 190
613 20220708-15:57:07 10.35 79.25 90 190
614 20220708-15:57:08 10.35 79.35 90 190
615 20220708-15:57:09 10.35 79.45 90 190
616 20220708-15:57:10 10.35 79.55 90 190
617 20220708-15:57:10 10.35 79.65 90 190
618 20220708-15:57:11 10.35 79.75 90 190
619 20220708-15:57:12 10.35 79.85 90 190
620 20220708-15:57:12 10.35 79.95 90 190
621 20220708-15:57:13 10.35 80.05 90 189
622 20220708-15:57:14 10.35 80.15 90 189
623 20220708-15:57:14 10.35 80.25 90 189
624 20220708-15:57:16 10.35 80.85 90 189
625 20220708-15:57:17 10.35 80.95 90 189
626 20220708-15:57:17 10.35 81.05 90 189
627 20220708-15:57:18 10.35 81.15 90 189
628 20220708-15:57:19 10.35 81.45 90 189
629 20220708-15:57:20 10.35 81.85 90 189
630 20220708-15:57:21 10.35 82.05 90 188
631 20220708-15:57:22 10.35 82.35 90 188
632 20220708-15:57:22 10.35 82.55 90 188
633 20220708-15:57:23 10.35 82.65 90 188
634 20220708-15:57:23 10.35 82.75 90 188
635 20220708-15:57:24 10.35 82.85 90 188
636 20220708-15:57:25 10.35 82.95 90 188
637 20220708-15:57:25 10.35 82.95 90 188
638 20220708-15:57:25 10.35 83.05 90 188
639 20220708-15:57:26 10.35 83.15 90 188
640 20220708-15:57:26 10.35 83.25 90 188
641 20220708-15:57:27 10.35 83.35 90 188
642 20220708-15:57:28 10.35 83.65 90 188
643 20220708-15:57:28 10.35 83.75 90 188
644 20220708-15:57:29 10.35 83.85 90 188
645 20220708-15:57:30 10.35 83.95 90 188
646 20220708-15:57:31 10.35 84.05 90 187
647 20220708-15:57:32 10.35 84.15 90 187
648 20220708-15:57:34 10.35 84.25 90 187
649 20220708-15:57:35 10.35 84.35 90 187
650 20220708-15:57:36 10.35 84.45 90 187
651 20220708-15:57:37 10.35 84.55 90 187
652 20220708-15:57:38 10.35 84.65 90 187
653 20220708-15:57:39 10.35 84.75 90 187
654 20220708-15:57:41 10.35 84.95 90 187
655 20220708-15:57:41 10.35 85.05 90 187
656 20220708-15:57:42 10.35 85.15 90 187
657 20220708-15:57:43 10.35 85.35 90 187
658 20220708-15:57:44 10.35 85.45 90 187
659 20220708-15:57:45 10.35 85.55 90 187
660 20220708-15:57:46 10.35 85.65 90 187
661 20220708-15:57:47 10.35 85.75 90 187
662 20220708-15:57:48 10.35 85.85 90 187
663 20220708-15:57:49 10.35 85.95 90 187
664 20220708-15:57:50 10.35 86.05 90 186
665 20220708-15:57:50 10.35 86.15 90 186
666 20220708-15:57:51 10.35 86.25 90 186
667 20220708-15:57:52 10.35 86.35 90 186
668 20220708-15:57:53 10.35 86.55 90 186
669 20220708-15:57:54 10.35 86.65 90 186
670 20220708-15:57:56 10.35 86.75 90 186
671 20220708-15:57:56 10.35 86.85 90 186
672 20220708-15:57:58 10.35 86.95 90 186
673 20220708-15:57:59 10.35 87.05 90 186
674 20220708-15:58:00 10.35 87.15 90 186
675 20220708-15:58:01 10.35 87.15 90 186
676 20220708-15:58:02 10.35 87.25 90 186
677 20220708-15:58:02 10.35 87.35 90 186
678 20220708-15:58:03 10.35 87.45 90 186
679 20220708-15:58:05 10.35 87.55 90 186
680 20220708-15:58:05 10.35 87.65 90 186
681 20220708-15:58:06 10.35 87.75 90 186
682 20220708-15:58:07 10.35 87.85 90 186
683 20220708-15:58:08 10.35 87.95 90 186
684 20220708-15:58:08 10.35 88.05 90 185
685 20220708-15:58:09 10.35 88.15 90 185
686 20220708-15:58:10 10.35 88.25 90 185
687 20220708-15:58:10 10.35 88.35 90 185
688 20220708-15:58:11 10.35 88.45 90 185
689 20220708-15:58:11 10.35 88.55 90 185
690 20220708-15:58:12 10.35 88.65 90 185
691 20220708-15:58:13 10.35 88.75 90 185
692 20220708-15:58:13 10.35 88.85 90 185
693 20220708-15:58:13 10.35 88.85 90 185
694 20220708-15:58:14 10.35 88.95 90 185
695 20220708-15:58:15 10.35 89.05 90 185
696 20220708-15:58:16 10.35 89.15 90 185
697 20220708-15:58:16 10.35 89.25 90 185
698 20220708-15:58:17 10.35 89.35 90 185
699 20220708-15:58:17 10.35 89.45 90 185
700 20220708-15:58:18 10.35 89.55 90 185
701 20220708-15:58:19 10.35 89.65 90 185
702 20220708-15:58:19 10.35 89.75 90 185
703 20220708-15:58:20 10.35 89.85 90 185
704 20220708-15:58:21 10.35 89.95 90 185
705 20220708-15:58:21 10.35 90.05 90 184
706 20220708-15:58:22 10.35 90.15 90 184
707 20220708-15:58:24 10.35 90.25 90 184
708 20220708-15:58:31 10.35 90.35 90 184
709 20220708-15:58:33 10.35 90.45 90 184
710 20220708-15:58:34 10.35 90.55 90 184
711 20220708-15:58:36 10.35 90.65 90 184
712 20220708-15:58:37 10.35 90.75 90 184
713 20220708-15:58:38 10.35 90.85 90 184
714 20220708-15:58:38 10.35 90.95 90 184
715 20220708-15:58:40 10.35 91.05 90 184
716 20220708-15:58:40 10.35 91.15 90 184
717 20220708-15:58:41 10.35 91.25 90 184
718 20220708-15:58:44 10.35 91.35 90 184
719 20220708-15:58:46 10.35 91.45 90 184
720 20220708-15:58:52 10.35 91.55 90 184
721 20220708-15:58:53 10.35 91.65 90 184
722 20220708-15:58:54 10.35 91.75 90 184
723 20220708-15:58:55 10.35 91.85 90 184
724 20220708-15:58:56 10.35 91.95 90 184
725 20220708-15:58:57 10.35 92.05 90 183
726 20220708-15:59:01 10.35 92.15 90 183
727 20220708-15:59:01 10.35 92.25 90 183
728 20220708-15:59:03 10.35 92.35 90 183
729 20220708-15:59:05 10.35 92.45 90 183
730 20220708-15:59:07 10.35 92.55 90 183
731 20220708-15:59:12 10.35 92.65 90 183
732 20220708-15:59:13 10.35 92.75 90 183
733 20220708-15:59:16 10.35 92.85 90 183
734 20220708-15:59:17 10.35 92.95 90 183
735 20220708-15:59:18 10.35 93.25 90 183
736 20220708-15:59:20 10.35 94.05 90 182
737 20220708-15:59:21 10.35 94.25 90 182
738 20220708-15:59:23 10.35 94.95 90 182
739 20220708-15:59:24 10.35 95.45 90 182
740 20220708-15:59:25 10.35 95.75 90 182
741 20220708-15:59:27 10.35 96.45 90 181
742 20220708-15:59:29 10.35 96.95 90 181
743 20220708-15:59:37 10.35 97.75 90 181
744 20220708-15:59:38 10.35 97.85 90 181
745 20220708-15:59:40 10.35 97.95 90 181
746 20220708-15:59:51 10.35 98.15 90 180
747 20220708-15:59:52 10.35 98.25 90 180
748 20220708-15:59:54 10.35 98.35 90 180
749 20220708-15:59:55 10.35 98.55 90 180
750 20220708-15:59:57 10.35 98.65 90 180
751 20220708-15:59:58 10.35 98.85 90 180
752 20220708-16:00:03 10.35 99.25 90 180
753 20220708-16:00:05 10.35 99.35 90 180
754 20220708-16:00:07 10.35 99.55 90 180
755 20220708-16:00:09 10.35 99.65 90 180
756 20220708-16:00:11 10.35 100.05 90 179
757 20220708-16:00:13 10.35 100.25 90 179
758 20220708-16:00:17 10.35 100.35 90 179
759 20220708-16:00:19 10.35 100.55 90 179
760 20220708-16:00:23 10.35 100.75 90 179
761 20220708-16:00:24 10.35 100.95 90 179
762 20220708-16:00:26 10.35 101.25 90 179
763 20220708-16:00:27 10.35 101.65 90 179
764 20220708-16:00:29 10.35 101.85 90 179
765 20220708-16:00:30 10.35 102.05 90 178
766 20220708-16:00:35 10.35 102.35 90 178
767 20220708-16:00:36 10.35 102.85 90 178
768 20220708-16:00:38 10.35 103.25 90 178
769 20220708-16:00:39 10.35 103.55 90 178
770 20220708-16:00:40 10.35 103.75 90 178
771 20220708-16:00:41 10.35 103.85 90 178
772 20220708-16:00:43 10.35 103.95 90 178
773 20220708-16:00:45 10.35 104.05 90 177
774 20220708-16:00:46 10.35 104.15 90 177
775 20220708-16:00:47 10.35 104.25 90 177
776 20220708-16:00:48 10.35 104.55 90 177
777 20220708-16:00:49 10.35 104.75 90 177
778 20220708-16:00:49 10.35 104.95 90 177
779 20220708-16:00:50 10.35 105.15 90 177
780 20220708-16:00:51 10.35 105.35 90 177
781 20220708-16:00:52 10.35 105.55 90 177
782 20220708-16:00:57 10.35 105.95 90 177
783 20220708-16:00:58 10.35 106.15 90 176
784 20220708-16:01:07 10.35 106.45 90 176
785 20220708-16:01:08 10.35 106.65 90 176
786 20220708-16:01:09 10.35 106.85 90 176
787 20220708-16:01:13 10.35 107.05 90 176
788 20220708-16:01:22 10.35 107.15 90 176
789 20220708-16:01:30 10.35 107.15 45 176
790 20220708-16:01:32 10.35 107.15 45 176
791 20220708-16:01:34 10.35 107.15 45 176
792 20220708-16:01:36 10.35 107.15 45 176
793 20220708-16:01:37 10.35 107.15 45 176
794 20220708-16:01:39 10.35 107.15 45 176
795 20220708-16:01:41 10.35 107.15 45 176
796 20220708-16:01:44 10.35 107.15 45 176
797 20220708-16:01:47 10.35 107.15 45 176
798 20220708-16:01:53 10.35 107.15 0 176
799 20220708-16:02:05 11.05 106.85 0 176
800 20220708-16:02:07 11.25 106.85 0 176
801 20220708-16:02:11 11.45 106.95 0 175
802 20220708-16:02:13 11.65 106.95 0 175
803 20220708-16:02:17 11.65 107.05 0 175
804 20220708-16:02:33 12.05 107.35 0 175
805 20220708-16:02:34 12.45 107.35 0 175
806 20220708-16:02:37 12.55 107.45 0 175
807 20220708-16:02:39 12.75 107.45 0 175
808 20220708-16:02:43 13.05 107.45 0 175
809 20220708-16:02:45 13.35 107.45 0 175
810 20220708-16:02:48 13.55 107.45 0 175
811 20220708-16:02:51 13.65 107.45 0 175
812 20220708-16:02:52 13.75 107.45 0 175
813 20220708-16:02:54 13.95 107.45 0 175
814 20220708-16:02:55 14.05 107.45 0 174
815 20220708-16:02:57 14.15 107.45 0 174
816 20220708-16:02:57 14.25 107.45 0 174
817 20220708-16:02:58 14.35 107.45 0 174
818 20220708-16:02:59 14.45 107.45 0 174
819 20220708-16:03:00 14.65 107.45 0 174
820 20220708-16:03:05 14.85 107.45 0 174
821 20220708-16:03:07 15.05 107.45 0 174
822 20220708-16:03:10 15.25 107.45 0 174
823 20220708-16:03:12 15.45 107.45 0 174
824 20220708-16:03:13 15.65 107.45 0 174
825 20220708-16:03:14 15.85 107.45 0 174
826 20220708-16:03:16 16.05 107.45 0 173
827 20220708-16:03:17 16.25 107.45 0 173
828 20220708-16:03:18 16.45 107.45 0 173
829 20220708-16:03:19 16.65 107.45 0 173
830 20220708-16:03:21 16.85 107.45 0 173
831 20220708-16:03:23 17.05 107.45 0 173
832 20220708-16:03:26 17.25 107.45 0 173
833 20220708-16:03:28 17.45 107.45 0 173
834 20220708-16:03:30 17.85 107.45 0 173
835 20220708-16:03:32 18.55 107.45 0 172
836 20220708-16:03:34 18.85 107.45 0 172
837 20220708-16:03:37 19.05 107.45 0 172
838 20220708-16:03:38 19.55 107.45 0 172
839 20220708-16:03:41 19.85 107.45 0 172
840 20220708-16:03:43 20.25 107.45 0 171
841 20220708-16:03:45 20.45 107.45 0 171
842 20220708-16:03:56 20.85 107.45 0 171
843 20220708-16:04:02 21.05 107.45 0 171
844 20220708-16:04:05 21.35 107.45 0 171
845 20220708-16:04:07 21.75 107.45 0 171
846 20220708-16:04:08 22.05 107.45 0 170
847 20220708-16:04:09 22.45 107.45 0 170
848 20220708-16:04:10 22.65 107.45 0 170
849 20220708-16:04:11 22.95 107.45 0 170
850 20220708-16:04:12 23.15 107.45 0 170
851 20220708-16:04:13 23.35 107.45 0 170
852 20220708-16:04:14 23.65 107.45 0 170
853 20220708-16:04:15 23.95 107.45 0 170
854 20220708-16:04:15 24.25 107.45 0 169
855 20220708-16:04:16 24.55 107.45 0 169
856 20220708-16:04:17 24.85 107.45 0 169
857 20220708-16:04:18 25.05 107.45 0 169
858 20220708-16:04:18 25.25 107.45 0 169
859 20220708-16:04:19 25.55 107.45 0 169
860 20220708-16:04:20 25.85 107.45 0 169
861 20220708-16:04:21 26.15 107.45 0 168
862 20220708-16:04:22 26.35 107.45 0 168
863 20220708-16:04:24 26.55 107.45 0 168
864 20220708-16:04:25 26.75 107.45 0 168
865 20220708-16:04:26 26.95 107.45 0 168
866 20220708-16:04:28 27.25 107.45 0 168
867 20220708-16:04:30 27.45 107.45 0 168
868 20220708-16:04:33 27.75 107.45 0 168
869 20220708-16:04:36 28.35 107.45 0 167
870 20220708-16:04:43 28.85 107.45 0 167
871 20220708-16:04:45 29.05 107.45 0 167
872 20220708-16:04:47 29.25 107.45 0 167
873 20220708-16:04:49 29.45 107.45 0 167
874 20220708-16:04:51 29.65 107.45 0 167
875 20220708-16:04:54 29.85 107.45 0 167
876 20220708-16:04:59 30.15 107.45 0 166
877 20220708-16:05:01 30.35 107.45 0 166
878 20220708-16:05:11 30.35 107.45 315 166
879 20220708-16:05:13 30.35 107.45 315 166
880 20220708-16:05:16 30.35 107.45 315 166
881 20220708-16:05:17 30.55 107.45 315 166
882 20220708-16:05:19 30.55 107.45 315 166
883 20220708-16:05:22 30.55 107.45 315 166
884 20220708-16:05:23 30.55 107.45 315 166
885 20220708-16:05:25 30.55 107.45 315 166
886 20220708-16:05:26 30.55 107.45 315 166
887 20220708-16:05:27 30.55 107.45 315 166
888 20220708-16:05:32 30.55 107.45 315 166
889 20220708-16:05:37 30.55 107.45 270 166
890 20220708-16:05:44 30.75 106.55 270 166
891 20220708-16:05:45 30.75 106.25 270 166
892 20220708-16:05:48 30.75 105.95 270 165
893 20220708-16:05:50 30.75 105.45 270 165
894 20220708-16:05:51 30.75 104.95 270 165
895 20220708-16:05:54 30.75 104.35 270 165
896 20220708-16:05:56 30.75 104.05 270 165
897 20220708-16:05:58 30.75 103.85 270 165
898 20220708-16:06:00 30.75 103.65 270 165
899 20220708-16:06:03 30.75 103.25 270 165
900 20220708-16:06:06 30.75 102.85 270 164
901 20220708-16:06:07 30.75 102.65 270 164
902 20220708-16:06:09 30.75 102.45 270 164
903 20220708-16:06:10 30.75 102.25 270 164
904 20220708-16:06:11 30.75 102.05 270 164
905 20220708-16:06:12 30.75 101.85 270 164
906 20220708-16:06:14 30.75 101.65 270 164
907 20220708-16:06:15 30.75 101.45 270 164
908 20220708-16:06:16 30.75 101.25 270 164
909 20220708-16:06:16 30.75 101.05 270 164
910 20220708-16:06:19 30.75 100.85 270 163
911 20220708-16:06:20 30.75 100.65 270 163
912 20220708-16:06:28 30.75 100.25 270 163
913 20220708-16:06:31 30.75 100.05 270 163
914 20220708-16:06:37 30.75 99.85 270 163
915 20220708-16:06:39 30.75 99.55 270 163
916 20220708-16:06:41 30.75 99.35 270 163
917 20220708-16:06:43 30.75 99.15 270 163
918 20220708-16:06:44 30.75 98.95 270 162
919 20220708-16:06:46 30.75 98.75 270 162
920 20220708-16:06:47 30.75 98.55 270 162
921 20220708-16:06:49 30.75 98.35 270 162
922 20220708-16:06:50 30.75 98.15 270 162
923 20220708-16:06:51 30.75 97.95 270 162
924 20220708-16:06:54 30.75 97.75 270 162
925 20220708-16:06:55 30.75 97.55 270 162
926 20220708-16:06:57 30.75 97.25 270 162
927 20220708-16:06:58 30.75 97.05 270 162
928 20220708-16:06:59 30.75 96.45 270 161
929 20220708-16:07:00 30.75 96.15 270 161
930 20220708-16:07:01 30.75 95.75 270 161
931 20220708-16:07:03 30.75 95.55 270 161
932 20220708-16:07:03 30.75 95.25 270 161
933 20220708-16:07:04 30.75 95.05 270 161
934 20220708-16:07:05 30.75 94.75 270 160
935 20220708-16:07:06 30.75 94.45 270 160
936 20220708-16:07:07 30.75 94.15 270 160
937 20220708-16:07:08 30.75 93.95 270 160
938 20220708-16:07:09 30.75 93.65 270 160
939 20220708-16:07:10 30.75 93.35 270 160
940 20220708-16:07:10 30.75 93.15 270 160
941 20220708-16:07:11 30.75 92.95 270 159
942 20220708-16:07:12 30.75 92.75 270 159
943 20220708-16:07:13 30.75 92.55 270 159
944 20220708-16:07:17 30.75 92.35 270 159
945 20220708-16:07:24 30.75 92.05 270 159
946 20220708-16:07:28 30.75 91.75 270 159
947 20220708-16:07:30 30.75 91.45 270 159
948 20220708-16:07:32 30.75 91.15 270 159
949 20220708-16:07:33 30.75 90.95 270 158
950 20220708-16:07:34 30.75 90.75 270 158
951 20220708-16:07:37 30.75 90.55 270 158
952 20220708-16:07:39 30.75 90.35 270 158
953 20220708-16:07:40 30.75 90.15 270 158
954 20220708-16:07:42 30.75 89.95 270 158
955 20220708-16:07:43 30.75 89.75 270 158
956 20220708-16:07:47 30.75 89.55 270 158
957 20220708-16:07:48 30.75 89.25 270 158
958 20220708-16:07:49 30.75 89.05 270 158
959 20220708-16:07:51 30.75 88.45 270 157
960 20220708-16:07:51 30.75 88.25 270 157
961 20220708-16:07:52 30.75 87.95 270 157
962 20220708-16:07:53 30.75 87.55 270 157
963 20220708-16:07:55 30.75 87.25 270 157
964 20220708-16:07:56 30.75 87.05 270 157
965 20220708-16:08:06 30.75 86.15 270 156
966 20220708-16:08:06 30.75 85.95 270 156
967 20220708-16:08:08 30.75 85.45 270 156
968 20220708-16:08:12 30.75 85.25 270 156
969 20220708-16:08:13 30.75 84.95 270 155
970 20220708-16:08:16 30.75 84.65 270 155
971 20220708-16:08:22 30.75 84.15 270 155
972 20220708-16:08:30 30.75 83.85 270 155
973 20220708-16:08:31 30.75 83.85 270 155
974 20220708-16:08:39 30.75 83.65 270 155
975 20220708-16:08:45 30.75 83.35 270 155
976 20220708-16:08:47 30.75 83.15 270 155
977 20220708-16:08:53 30.75 82.75 270 154
978 20220708-16:08:58 30.75 82.45 270 154
979 20220708-16:09:02 30.75 82.15 270 154
980 20220708-16:09:04 30.75 81.75 270 154
981 20220708-16:09:05 30.75 81.55 270 154
982 20220708-16:09:07 30.75 81.25 270 154
983 20220708-16:09:08 30.75 81.05 270 154
984 20220708-16:09:10 30.75 80.75 270 153
985 20220708-16:09:13 30.75 80.55 270 153
986 20220708-16:09:14 30.75 80.25 270 153
987 20220708-16:09:15 30.75 80.05 270 153
988 20220708-16:09:17 30.75 79.85 270 153
989 20220708-16:09:18 30.75 79.75 270 153
990 20220708-16:09:19 30.75 79.65 270 153
991 20220708-16:09:20 30.75 79.55 270 153
992 20220708-16:09:21 30.75 79.45 270 153
993 20220708-16:09:22 30.75 79.35 270 153
994 20220708-16:09:23 30.75 79.25 270 153
995 20220708-16:09:24 30.75 79.05 270 153
996 20220708-16:09:25 30.75 78.75 270 151
997 20220708-16:09:26 30.75 78.55 270 151
998 20220708-16:09:27 30.75 78.35 270 151
999 20220708-16:09:29 30.75 78.15 270 151
1000 20220708-16:09:31 30.75 78.15 270 151
1001 20220708-16:09:33 30.75 77.95 270 151
1002 20220708-16:09:35 30.75 77.55 270 151
1003 20220708-16:09:36 30.75 76.75 270 150
1004 20220708-16:09:38 30.75 76.45 270 150
1005 20220708-16:09:39 30.75 76.25 270 150
1006 20220708-16:09:40 30.75 76.05 270 150
1007 20220708-16:09:40 30.75 75.85 270 150
1008 20220708-16:09:41 30.75 75.65 270 150
1009 20220708-16:09:42 30.75 75.45 270 150
1010 20220708-16:09:43 30.75 75.25 270 150
1011 20220708-16:09:45 30.75 75.05 270 150
1012 20220708-16:09:46 30.75 74.75 270 149
1013 20220708-16:09:47 30.75 74.45 270 149
1014 20220708-16:09:48 30.75 74.15 270 149
1015 20220708-16:09:49 30.75 73.95 270 149
1016 20220708-16:09:50 30.75 73.85 270 149
1017 20220708-16:09:52 30.75 73.75 270 149
1018 20220708-16:09:53 30.75 73.65 270 149
1019 20220708-16:09:54 30.75 73.55 270 149
1020 20220708-16:09:55 30.75 73.45 270 149
1021 20220708-16:09:56 30.75 73.35 270 149
1022 20220708-16:09:57 30.75 73.25 270 149
1023 20220708-16:09:58 30.75 73.15 270 149
1024 20220708-16:09:58 30.75 73.05 270 149
1025 20220708-16:09:59 30.75 72.95 270 148
1026 20220708-16:10:00 30.75 72.85 270 148
1027 20220708-16:10:00 30.75 72.75 270 148
1028 20220708-16:10:01 30.75 72.65 270 148
1029 20220708-16:10:02 30.75 72.55 270 148
1030 20220708-16:10:04 30.75 72.45 270 148
1031 20220708-16:10:05 30.75 72.35 270 148
1032 20220708-16:10:06 30.75 72.25 270 148
1033 20220708-16:10:06 30.75 72.15 270 148
1034 20220708-16:10:07 30.75 72.05 270 148
1035 20220708-16:10:11 30.75 71.95 270 148
1036 20220708-16:10:13 30.75 71.85 270 148
1037 20220708-16:10:15 30.75 71.75 270 148
1038 20220708-16:10:24 30.75 71.75 270 148
