1 20240628-15:58:33 6.25 53.85 270 125
2 20240628-15:58:54 6.25 53.85 225 125
3 20240628-15:59:08 6.25 53.85 180 125
4 20240628-15:59:15 6.25 53.85 135 125
5 20240628-15:59:18 6.25 53.85 90 125
6 20240628-15:59:31 6.25 53.85 45 125
7 20240628-15:59:49 6.25 53.85 0 125
8 20240628-15:59:56 6.25 53.85 315 125
9 20240628-16:00:10 6.25 53.85 270 125
10 20240628-16:00:56 6.4 53.05 270 125
11 20240628-16:01:08 6.4 53.05 225 125
12 20240628-16:01:19 6.4 53.05 180 125
13 20240628-16:01:33 6.4 53.05 135 125
14 20240628-16:01:43 6.4 53.05 90 125
15 20240628-16:01:53 6.4 53.05 45 125
16 20240628-16:02:06 6.4 53.05 0 125
17 20240628-16:02:18 6.4 53.05 315 125
18 20240628-16:02:29 6.4 53.05 270 125
19 20240628-16:02:33 6.4 53.05 270 125
20 20240628-16:03:53 6.1 52.35 225 125
21 20240628-16:04:05 6.1 52.35 180 125
22 20240628-16:04:17 6.1 52.35 135 125
23 20240628-16:04:27 6.1 52.35 90 125
24 20240628-16:04:42 6.1 52.35 45 125
25 20240628-16:04:53 6.1 52.35 0 125
26 20240628-16:05:05 6.1 52.35 315 125
27 20240628-16:05:15 6.1 52.35 270 125
28 20240628-16:05:24 6.1 52.35 270 125
29 20240628-16:06:42 6.45 51.15 225 123
30 20240628-16:06:53 6.45 51.15 180 123
31 20240628-16:07:07 6.45 51.15 135 123
32 20240628-16:07:15 6.45 51.15 90 123
33 20240628-16:07:25 6.45 51.15 45 123
34 20240628-16:07:37 6.45 51.15 0 123
35 20240628-16:07:49 6.45 51.15 315 123
36 20240628-16:08:03 6.45 51.15 270 123
37 20240628-16:09:25 6.65 50.25 225 123
38 20240628-16:09:28 6.65 50.25 225 123
39 20240628-16:09:30 6.65 50.25 180 123
40 20240628-16:09:45 6.65 50.25 135 123
41 20240628-16:09:49 6.65 50.25 90 123
42 20240628-16:10:06 6.65 50.25 45 123
43 20240628-16:10:16 6.65 50.25 0 123
44 20240628-16:10:26 6.65 50.25 315 123
45 20240628-16:10:34 6.65 50.25 270 123
46 20240628-16:10:43 6.65 50.25 270 123
47 20240628-16:11:31 6.4 48.85 270 121
48 20240628-16:11:45 6.4 48.85 225 121
49 20240628-16:11:55 6.4 48.85 180 121
50 20240628-16:12:08 6.4 48.85 135 121
51 20240628-16:12:17 6.4 48.85 90 121
52 20240628-16:12:29 6.4 48.85 45 121
53 20240628-16:12:39 6.4 48.85 0 121
54 20240628-16:12:41 6.4 48.85 0 121
55 20240628-16:12:53 6.4 48.85 315 121
56 20240628-16:12:58 6.4 48.85 270 121
57 20240628-16:13:48 6.5 47.95 225 119
58 20240628-16:14:04 6.5 47.95 180 119
59 20240628-16:14:19 6.5 47.95 135 119
60 20240628-16:14:28 6.5 47.95 90 119
61 20240628-16:14:39 6.5 47.95 45 119
62 20240628-16:14:49 6.5 47.95 0 119
63 20240628-16:15:00 6.5 47.95 315 119
64 20240628-16:15:10 6.5 47.95 270 119
65 20240628-16:15:13 6.5 47.95 270 119
66 20240628-16:15:38 6.5 46.9 270 119
67 20240628-16:15:52 6.5 46.9 225 119
68 20240628-16:16:02 6.5 46.9 180 119
69 20240628-16:16:15 6.5 46.9 135 119
70 20240628-16:16:27 6.5 46.9 90 119
71 20240628-16:16:38 6.5 46.9 45 119
72 20240628-16:16:49 6.5 46.9 0 119
73 20240628-16:17:02 6.5 46.9 315 119
74 20240628-16:17:19 6.5 46.9 270 119
75 20240628-16:17:57 6.6 46.15 270 119
76 20240628-16:18:12 6.6 46.15 225 119
77 20240628-16:18:19 6.6 46.15 180 119
78 20240628-16:18:33 6.6 46.15 135 119
79 20240628-16:18:41 6.6 46.15 90 119
80 20240628-16:18:50 6.6 46.15 45 119
81 20240628-16:19:03 6.6 46.15 0 119
82 20240628-16:19:13 6.6 46.15 315 119
83 20240628-16:19:23 6.6 46.15 270 119
84 20240628-16:19:52 6.5 44.9 270 80
85 20240628-16:19:52 6.5 44.9 270 80
86 20240628-16:20:11 6.5 44.9 225 80
87 20240628-16:20:20 6.5 44.9 180 80
88 20240628-16:20:31 6.5 44.9 135 80
89 20240628-16:20:44 6.5 44.9 90 80
90 20240628-16:20:54 6.5 44.9 45 80
91 20240628-16:21:02 6.5 44.9 0 80
92 20240628-16:21:17 6.5 44.9 315 80
93 20240628-16:21:26 6.5 44.9 270 80
94 20240628-16:23:12 6.4 44.15 270 80
95 20240628-16:23:33 6.4 44.15 225 80
96 20240628-16:23:36 6.4 44.15 180 80
97 20240628-16:23:47 6.4 44.15 135 80
98 20240628-16:23:58 6.4 44.15 90 80
99 20240628-16:24:06 6.4 44.15 45 80
100 20240628-16:24:17 6.4 44.15 0 80
101 20240628-16:24:31 6.4 44.15 315 80
102 20240628-16:24:39 6.4 44.15 270 80
103 20240628-16:26:06 7.1 44.25 315 81
104 20240628-16:26:07 7.1 44.25 0 81
105 20240628-16:27:14 8.15 44.45 45 81
106 20240628-16:27:25 8.15 44.45 90 81
107 20240628-16:27:53 8.15 44.45 45 81
108 20240628-16:28:00 8.15 44.45 0 81
109 20240628-16:28:10 8.15 44.45 315 81
110 20240628-16:28:23 8.15 44.45 270 81
111 20240628-16:28:32 8.15 44.45 270 81
112 20240628-16:28:35 8.15 44.45 225 81
113 20240628-16:28:52 8.15 44.45 180 81
114 20240628-16:28:59 8.15 44.45 135 81
115 20240628-16:29:12 8.15 44.45 90 81
116 20240628-16:29:44 8.45 46.2 90 118
117 20240628-16:29:58 8.45 46.2 45 118
118 20240628-16:30:07 8.45 46.2 0 118
119 20240628-16:30:20 8.45 46.2 315 118
120 20240628-16:30:29 8.45 46.2 270 118
121 20240628-16:30:40 8.45 46.2 225 118
122 20240628-16:30:49 8.45 46.2 225 118
123 20240628-16:30:53 8.45 46.2 180 118
124 20240628-16:31:01 8.45 46.2 135 118
125 20240628-16:31:12 8.45 46.2 90 118
126 20240628-16:31:48 8.5 47.1 90 118
127 20240628-16:32:07 8.5 47.1 45 118
128 20240628-16:32:12 8.5 47.1 0 118
129 20240628-16:32:23 8.5 47.1 315 118
130 20240628-16:32:32 8.5 47.1 270 118
131 20240628-16:32:44 8.5 47.1 225 118
132 20240628-16:32:55 8.5 47.1 180 118
133 20240628-16:32:59 8.5 47.1 135 118
134 20240628-16:33:10 8.5 47.1 90 118
135 20240628-16:33:45 8.3 48.05 90 120
136 20240628-16:33:58 8.3 48.05 45 120
137 20240628-16:34:06 8.3 48.05 0 120
138 20240628-16:34:18 8.3 48.05 315 120
139 20240628-16:34:27 8.3 48.05 270 120
140 20240628-16:34:38 8.3 48.05 225 120
141 20240628-16:34:47 8.3 48.05 180 120
142 20240628-16:34:59 8.3 48.05 135 120
143 20240628-16:35:12 8.3 48.05 90 120
144 20240628-16:35:42 8.4 49.15 90 120
145 20240628-16:35:55 8.4 49.15 45 120
146 20240628-16:36:04 8.4 49.15 0 120
147 20240628-16:36:13 8.4 49.15 315 120
148 20240628-16:36:24 8.4 49.15 270 120
149 20240628-16:36:36 8.4 49.15 225 120
150 20240628-16:36:47 8.4 49.15 180 120
151 20240628-16:36:59 8.4 49.15 135 120
152 20240628-16:37:08 8.4 49.15 90 120
153 20240628-16:37:11 8.4 49.15 90 120
154 20240628-16:37:39 8.4 50.1 90 122
155 20240628-16:37:49 8.4 50.1 45 122
156 20240628-16:38:01 8.4 50.1 0 122
157 20240628-16:38:14 8.4 50.1 315 122
158 20240628-16:38:23 8.4 50.1 270 122
159 20240628-16:38:33 8.4 50.1 225 122
160 20240628-16:38:45 8.4 50.1 180 122
161 20240628-16:38:57 8.4 50.1 135 122
162 20240628-16:39:06 8.4 50.1 90 122
163 20240628-16:39:14 8.4 50.1 90 122
164 20240628-16:39:46 8.4 51.1 90 122
165 20240628-16:39:53 8.4 51.1 45 122
166 20240628-16:40:04 8.4 51.1 0 122
167 20240628-16:40:17 8.4 51.1 315 122
168 20240628-16:40:26 8.4 51.1 270 122
169 20240628-16:40:36 8.4 51.1 225 122
170 20240628-16:40:38 8.4 51.1 225 122
171 20240628-16:40:47 8.4 51.1 180 122
172 20240628-16:41:01 8.4 51.1 135 122
173 20240628-16:41:09 8.4 51.1 90 122
174 20240628-16:41:46 8.35 52.1 90 124
175 20240628-16:42:03 8.35 52.1 45 124
176 20240628-16:42:11 8.35 52.1 0 124
177 20240628-16:42:21 8.35 52.1 315 124
178 20240628-16:42:31 8.35 52.1 270 124
179 20240628-16:42:41 8.35 52.1 225 124
180 20240628-16:42:51 8.35 52.1 180 124
181 20240628-16:43:03 8.35 52.1 135 124
182 20240628-16:43:17 8.35 52.1 90 124
183 20240628-16:43:59 8.2 52.8 90 124
184 20240628-16:44:11 8.2 52.8 45 124
185 20240628-16:44:22 8.2 52.8 0 124
186 20240628-16:44:33 8.2 52.8 315 124
187 20240628-16:44:48 8.2 52.8 270 124
188 20240628-16:44:56 8.2 52.8 225 124
189 20240628-16:45:04 8.2 52.8 180 124
190 20240628-16:45:16 8.2 52.8 135 124
191 20240628-16:45:26 8.2 52.8 90 124
192 20240628-16:46:06 8.45 53.75 90 124
193 20240628-16:46:18 8.45 53.75 45 124
194 20240628-16:46:27 8.45 53.75 0 124
195 20240628-16:46:39 8.45 53.75 315 124
196 20240628-16:46:51 8.45 53.75 270 124
197 20240628-16:46:51 8.45 53.75 270 124
198 20240628-16:47:03 8.45 53.75 225 124
199 20240628-16:47:10 8.45 53.75 180 124
200 20240628-16:47:21 8.45 53.75 135 124
201 20240628-16:47:31 8.45 53.75 90 124
202 20240628-16:48:20 8.25 54.7 90 126
203 20240628-16:48:38 8.25 54.7 45 126
204 20240628-16:48:47 8.25 54.7 0 126
205 20240628-16:48:57 8.25 54.7 315 126
206 20240628-16:49:06 8.25 54.7 270 126
207 20240628-16:49:13 8.25 54.7 225 126
208 20240628-16:49:18 8.25 54.7 180 126
209 20240628-16:49:29 8.25 54.7 135 126
210 20240628-16:49:42 8.25 54.7 90 126
211 20240628-16:50:30 8.35 55.95 90 126
212 20240628-16:50:52 8.35 55.95 45 126
213 20240628-16:50:54 8.35 55.95 0 126
214 20240628-16:51:02 8.35 55.95 315 126
215 20240628-16:51:12 8.35 55.95 270 126
216 20240628-16:51:28 8.35 55.95 225 126
217 20240628-16:51:34 8.35 55.95 180 126
218 20240628-16:51:45 8.35 55.95 135 126
219 20240628-16:51:57 8.35 55.95 90 126
220 20240628-16:52:03 8.35 55.95 90 126
