1 20240628-14:43:11 31.0 54.95 180 102
2 20240628-14:43:32 31.0 54.95 135 102
3 20240628-14:43:42 31.0 54.95 90 102
4 20240628-14:43:53 31.0 54.95 45 102
5 20240628-14:44:05 31.0 54.95 0 102
6 20240628-14:44:17 31.0 54.95 315 102
7 20240628-14:44:27 31.0 54.95 270 102
8 20240628-14:44:39 31.0 54.95 225 102
9 20240628-14:44:52 31.0 54.95 180 102
10 20240628-14:44:59 31.0 54.95 180 102
11 20240628-14:45:18 30.0 54.95 180 103
12 20240628-14:45:32 30.0 54.95 135 103
13 20240628-14:45:42 30.0 54.95 90 103
14 20240628-14:45:54 30.0 54.95 45 103
15 20240628-14:46:04 30.0 54.95 0 103
16 20240628-14:46:16 30.0 54.95 315 103
17 20240628-14:46:27 30.0 54.95 270 103
18 20240628-14:46:40 30.0 54.95 225 103
19 20240628-14:46:49 30.0 54.95 180 103
20 20240628-14:46:53 30.0 54.95 180 103
21 20240628-14:47:37 30.0 54.95 180 103
22 20240628-14:48:06 29.0 54.95 180 103
23 20240628-14:48:19 29.0 54.95 135 103
24 20240628-14:48:29 29.0 54.95 90 103
25 20240628-14:48:41 29.0 54.95 45 103
26 20240628-14:48:52 29.0 54.95 0 103
27 20240628-14:49:04 29.0 54.95 315 103
28 20240628-14:49:15 29.0 54.95 270 103
29 20240628-14:49:27 29.0 54.95 225 103
30 20240628-14:49:43 29.0 54.95 180 103
31 20240628-14:50:07 28.0 54.95 180 104
32 20240628-14:50:18 28.0 54.95 135 104
33 20240628-14:50:29 28.0 54.95 90 104
34 20240628-14:50:43 28.0 54.95 45 104
35 20240628-14:50:53 28.0 54.95 0 104
36 20240628-14:51:05 28.0 54.95 315 104
37 20240628-14:51:16 28.0 54.95 270 104
38 20240628-14:51:28 28.0 54.95 225 104
39 20240628-14:51:38 28.0 54.95 180 104
40 20240628-14:51:49 28.0 54.95 180 104
41 20240628-14:51:56 28.0 54.95 180 104
42 20240628-14:52:11 27.0 54.95 180 104
43 20240628-14:52:26 27.0 54.95 135 104
44 20240628-14:52:36 27.0 54.95 90 104
45 20240628-14:52:48 27.0 54.95 45 104
46 20240628-14:52:58 27.0 54.95 0 104
47 20240628-14:53:10 27.0 54.95 315 104
48 20240628-14:53:20 27.0 54.95 270 104
49 20240628-14:53:33 27.0 54.95 225 104
50 20240628-14:53:44 27.0 54.95 180 104
51 20240628-14:53:51 27.0 54.95 180 104
52 20240628-14:54:13 26.0 54.95 180 105
53 20240628-14:54:25 26.0 54.95 135 105
54 20240628-14:54:35 26.0 54.95 90 105
55 20240628-14:54:47 26.0 54.95 45 105
56 20240628-14:54:56 26.0 54.95 0 105
57 20240628-14:55:08 26.0 54.95 315 105
58 20240628-14:55:19 26.0 54.95 270 105
59 20240628-14:55:31 26.0 54.95 225 105
60 20240628-14:55:41 26.0 54.95 180 105
61 20240628-14:56:21 26.0 54.95 180 105
62 20240628-14:56:37 25.0 54.95 180 105
63 20240628-14:56:51 25.0 54.95 135 105
64 20240628-14:57:01 25.0 54.95 90 105
65 20240628-14:57:13 25.0 54.95 45 105
66 20240628-14:57:24 25.0 54.95 0 105
67 20240628-14:57:36 25.0 54.95 315 105
68 20240628-14:57:47 25.0 54.95 270 105
69 20240628-14:57:59 25.0 54.95 225 105
70 20240628-14:58:17 25.0 54.95 180 105
71 20240628-14:58:33 24.0 54.95 180 106
72 20240628-14:58:45 24.0 54.95 135 106
73 20240628-14:58:56 24.0 54.95 90 106
74 20240628-14:59:08 24.0 54.95 45 106
75 20240628-14:59:18 24.0 54.95 0 106
76 20240628-14:59:29 24.0 54.95 315 106
77 20240628-14:59:40 24.0 54.95 270 106
78 20240628-14:59:58 24.0 54.95 225 106
79 20240628-15:00:05 24.0 54.95 180 106
80 20240628-15:01:00 23.0 54.95 180 106
81 20240628-15:01:14 23.0 54.95 135 106
82 20240628-15:01:24 23.0 54.95 90 106
83 20240628-15:01:37 23.0 54.95 45 106
84 20240628-15:01:46 23.0 54.95 0 106
85 20240628-15:01:59 23.0 54.95 315 106
86 20240628-15:02:09 23.0 54.95 270 106
87 20240628-15:02:22 23.0 54.95 225 106
88 20240628-15:02:40 23.0 54.95 180 106
89 20240628-15:02:45 23.0 54.95 180 106
90 20240628-15:03:08 22.0 54.95 180 107
91 20240628-15:03:21 22.0 54.95 135 107
92 20240628-15:03:32 22.0 54.95 90 107
93 20240628-15:03:44 22.0 54.95 45 107
94 20240628-15:03:54 22.0 54.95 0 107
95 20240628-15:04:06 22.0 54.95 315 107
96 20240628-15:04:16 22.0 54.95 270 107
97 20240628-15:04:28 22.0 54.95 225 107
98 20240628-15:04:44 22.0 54.95 180 107
99 20240628-15:05:09 21.0 54.95 180 107
100 20240628-15:05:24 21.0 54.95 135 107
101 20240628-15:05:33 21.0 54.95 90 107
102 20240628-15:05:46 21.0 54.95 45 107
103 20240628-15:05:56 21.0 54.95 0 107
104 20240628-15:06:09 21.0 54.95 315 107
105 20240628-15:06:19 21.0 54.95 270 107
106 20240628-15:06:31 21.0 54.95 225 107
107 20240628-15:06:47 21.0 54.95 180 107
108 20240628-15:07:16 20.0 54.95 180 108
109 20240628-15:07:30 20.0 54.95 135 108
110 20240628-15:07:40 20.0 54.95 90 108
111 20240628-15:07:51 20.0 54.95 45 108
112 20240628-15:08:01 20.0 54.95 0 108
113 20240628-15:08:14 20.0 54.95 315 108
114 20240628-15:08:25 20.0 54.95 270 108
115 20240628-15:08:35 20.0 54.95 225 108
116 20240628-15:08:47 20.0 54.95 180 108
117 20240628-15:09:13 19.0 54.95 180 108
118 20240628-15:09:42 19.0 54.95 135 108
119 20240628-15:09:53 19.0 54.95 90 108
120 20240628-15:10:05 19.0 54.95 45 108
121 20240628-15:10:15 19.0 54.95 0 108
122 20240628-15:10:29 19.0 54.95 315 108
123 20240628-15:10:38 19.0 54.95 270 108
124 20240628-15:10:49 19.0 54.95 225 108
125 20240628-15:11:02 19.0 54.95 180 108
126 20240628-15:11:25 19.0 54.95 180 108
127 20240628-15:11:42 18.0 54.95 180 109
128 20240628-15:11:55 18.0 54.95 135 109
129 20240628-15:12:06 18.0 54.95 90 109
130 20240628-15:12:18 18.0 54.95 45 109
131 20240628-15:12:28 18.0 54.95 0 109
132 20240628-15:12:40 18.0 54.95 315 109
133 20240628-15:12:50 18.0 54.95 270 109
134 20240628-15:13:03 18.0 54.95 225 109
135 20240628-15:13:19 18.0 54.95 180 109
136 20240628-15:14:37 17.0 54.95 180 109
137 20240628-15:14:54 17.0 54.95 135 109
138 20240628-15:15:05 17.0 54.95 90 109
139 20240628-15:15:17 17.0 54.95 45 109
140 20240628-15:15:26 17.0 54.95 0 109
141 20240628-15:16:06 17.0 54.95 315 109
142 20240628-15:16:19 17.0 54.95 270 109
143 20240628-15:16:32 17.0 54.95 225 109
144 20240628-15:16:47 17.0 54.95 180 109
145 20240628-15:17:12 17.0 54.95 180 109
146 20240628-15:17:31 16.0 54.95 180 110
147 20240628-15:17:45 16.0 54.95 135 110
148 20240628-15:17:55 16.0 54.95 90 110
149 20240628-15:18:06 16.0 54.95 45 110
150 20240628-15:18:17 16.0 54.95 0 110
151 20240628-15:18:29 16.0 54.95 315 110
152 20240628-15:18:40 16.0 54.95 270 110
153 20240628-15:18:51 16.0 54.95 225 110
154 20240628-15:19:10 16.0 54.95 180 110
155 20240628-15:19:27 15.0 54.95 180 110
156 20240628-15:19:42 15.0 54.95 135 110
157 20240628-15:19:51 15.0 54.95 90 110
158 20240628-15:20:03 15.0 54.95 45 110
159 20240628-15:20:14 15.0 54.95 0 110
160 20240628-15:20:29 15.0 54.95 315 110
161 20240628-15:20:36 15.0 54.95 270 110
162 20240628-15:20:48 15.0 54.95 225 110
163 20240628-15:21:06 15.0 54.95 180 110
164 20240628-15:21:23 14.0 54.95 180 111
165 20240628-15:21:36 14.0 54.95 135 111
166 20240628-15:21:46 14.0 54.95 90 111
167 20240628-15:21:58 14.0 54.95 45 111
168 20240628-15:22:08 14.0 54.95 0 111
169 20240628-15:22:21 14.0 54.95 315 111
170 20240628-15:22:30 14.0 54.95 270 111
171 20240628-15:22:43 14.0 54.95 225 111
172 20240628-15:22:52 14.0 54.95 180 111
173 20240628-15:23:11 14.0 54.95 180 111
174 20240628-15:23:27 13.0 54.95 180 111
175 20240628-15:23:45 13.0 54.95 135 111
176 20240628-15:23:55 13.0 54.95 90 111
177 20240628-15:24:07 13.0 54.95 45 111
178 20240628-15:24:18 13.0 54.95 0 111
179 20240628-15:24:30 13.0 54.95 315 111
180 20240628-15:24:40 13.0 54.95 270 111
181 20240628-15:24:52 13.0 54.95 225 111
182 20240628-15:25:04 13.0 54.95 180 111
183 20240628-15:25:16 13.0 54.95 180 111
184 20240628-15:25:51 12.1 54.95 180 112
185 20240628-15:26:04 12.1 54.95 135 112
186 20240628-15:26:12 12.1 54.95 90 112
187 20240628-15:26:26 12.1 54.95 45 112
188 20240628-15:26:35 12.1 54.95 0 112
189 20240628-15:26:48 12.1 54.95 315 112
190 20240628-15:26:58 12.1 54.95 270 112
191 20240628-15:27:10 12.1 54.95 225 112
192 20240628-15:27:21 12.1 54.95 180 112
193 20240628-15:27:38 12.1 54.95 180 112
194 20240628-15:28:02 11.1 54.95 180 112
195 20240628-15:28:15 11.1 54.95 135 112
196 20240628-15:28:25 11.1 54.95 90 112
197 20240628-15:28:37 11.1 54.95 45 112
198 20240628-15:28:48 11.1 54.95 0 112
199 20240628-15:29:00 11.1 54.95 315 112
200 20240628-15:29:11 11.1 54.95 270 112
201 20240628-15:29:22 11.1 54.95 225 112
202 20240628-15:29:31 11.1 54.95 180 112
203 20240628-15:29:40 11.1 54.95 180 112
204 20240628-15:29:57 10.1 54.95 180 113
205 20240628-15:30:10 10.1 54.95 135 113
206 20240628-15:30:20 10.1 54.95 90 113
207 20240628-15:30:32 10.1 54.95 45 113
208 20240628-15:30:42 10.1 54.95 0 113
209 20240628-15:30:54 10.1 54.95 315 113
210 20240628-15:31:05 10.1 54.95 270 113
211 20240628-15:31:23 10.1 54.95 180 113
212 20240628-15:31:55 10.1 54.95 180 113
213 20240628-15:32:16 9.1 54.95 180 113
214 20240628-15:32:32 9.1 54.95 135 113
215 20240628-15:32:40 9.1 54.95 90 113
216 20240628-15:32:55 9.1 54.95 45 113
217 20240628-15:33:03 9.1 54.95 0 113
218 20240628-15:33:16 9.1 54.95 315 113
219 20240628-15:33:20 9.1 54.95 270 113
220 20240628-15:33:31 9.1 54.95 225 113
221 20240628-15:33:48 9.1 54.95 180 113
222 20240628-15:34:09 8.1 54.95 180 126
223 20240628-15:34:22 8.1 54.95 135 126
224 20240628-15:34:32 8.1 54.95 90 126
225 20240628-15:34:42 8.1 54.95 45 126
226 20240628-15:34:55 8.1 54.95 0 126
227 20240628-15:35:07 8.1 54.95 315 126
228 20240628-15:35:17 8.1 54.95 270 126
229 20240628-15:35:28 8.1 54.95 225 126
230 20240628-15:35:39 8.1 54.95 180 126
231 20240628-15:35:55 8.1 54.95 180 126
232 20240628-15:36:20 7.1 54.95 180 126
233 20240628-15:36:35 7.1 54.95 135 126
234 20240628-15:36:45 7.1 54.95 90 126
235 20240628-15:36:57 7.1 54.95 45 126
236 20240628-15:37:07 7.1 54.95 0 126
237 20240628-15:37:19 7.1 54.95 315 126
238 20240628-15:37:30 7.1 54.95 270 126
239 20240628-15:37:42 7.1 54.95 225 126
240 20240628-15:37:52 7.1 54.95 180 126
241 20240628-15:38:08 7.1 54.95 180 126
242 20240628-15:38:28 6.1 54.95 180 127
243 20240628-15:38:43 6.1 54.95 135 127
244 20240628-15:38:51 6.1 54.95 90 127
245 20240628-15:39:03 6.1 54.95 45 127
246 20240628-15:39:14 6.1 54.95 0 127
247 20240628-15:39:25 6.1 54.95 315 127
248 20240628-15:39:34 6.1 54.95 270 127
249 20240628-15:39:49 6.1 54.95 225 127
250 20240628-15:39:56 6.1 54.95 180 127
251 20240628-15:40:19 6.1 54.95 180 127
252 20240628-15:40:48 5.2 54.95 180 127
253 20240628-15:40:59 5.2 54.95 135 127
254 20240628-15:41:09 5.2 54.95 90 127
255 20240628-15:41:22 5.2 54.95 45 127
256 20240628-15:41:32 5.2 54.95 0 127
257 20240628-15:41:44 5.2 54.95 315 127
258 20240628-15:41:56 5.2 54.95 270 127
259 20240628-15:42:07 5.2 54.95 225 127
260 20240628-15:42:17 5.2 54.95 180 127
