1 20240702-15:44:58 31.9 43.15 180 66
2 20240702-15:45:12 31.9 43.15 135 66
3 20240702-15:45:24 31.9 43.15 90 66
4 20240702-15:45:37 31.9 43.15 45 66
5 20240702-15:45:47 31.9 43.15 0 66
6 20240702-15:46:02 31.9 43.15 315 66
7 20240702-15:46:15 31.9 43.15 270 66
8 20240702-15:46:23 31.9 43.15 225 66
9 20240702-15:46:41 31.9 43.15 180 66
10 20240702-15:47:01 31.2 43.25 180 66
11 20240702-15:47:12 31.2 43.25 135 66
12 20240702-15:47:23 31.2 43.25 90 66
13 20240702-15:47:31 31.2 43.25 45 66
14 20240702-15:47:45 31.2 43.25 0 66
15 20240702-15:47:57 31.2 43.25 315 66
16 20240702-15:48:19 31.2 43.25 270 66
17 20240702-15:48:27 31.2 43.25 225 66
18 20240702-15:48:36 31.2 43.25 180 66
19 20240702-15:48:53 30.35 43.4 180 67
20 20240702-15:48:53 30.35 43.4 180 67
21 20240702-15:49:03 30.35 43.4 135 67
22 20240702-15:49:15 30.35 43.4 90 67
23 20240702-15:49:26 30.35 43.4 45 67
24 20240702-15:49:37 30.35 43.4 0 67
25 20240702-15:49:45 30.35 43.4 315 67
26 20240702-15:49:49 30.35 43.4 315 67
27 20240702-15:49:55 30.35 43.4 270 67
28 20240702-15:50:18 30.35 43.4 225 67
29 20240702-15:50:32 30.35 43.4 180 67
30 20240702-15:50:47 29.25 43.45 180 67
31 20240702-15:50:47 29.25 43.45 180 67
32 20240702-15:50:59 29.25 43.45 135 67
33 20240702-15:51:09 29.25 43.45 90 67
34 20240702-15:51:27 29.25 43.45 45 67
35 20240702-15:51:37 29.25 43.45 0 67
36 20240702-15:51:44 29.25 43.45 315 67
37 20240702-15:51:56 29.25 43.45 270 67
38 20240702-15:52:12 29.25 43.45 225 67
39 20240702-15:52:27 29.25 43.45 180 67
