1 20220805-13:54:31 6.3 66.4 90 203
2 20220805-13:54:52 6.3 66.4 90 203
3 20220805-13:54:59 6.3 66.4 45 203
4 20220805-13:55:12 6.3 66.4 0 203
5 20220805-13:55:23 6.3 66.4 315 203
6 20220805-13:55:36 6.3 66.4 270 203
7 20220805-13:55:48 6.3 66.4 225 203
8 20220805-13:56:01 6.3 66.4 180 203
9 20220805-13:56:05 6.3 66.4 180 203
10 20220805-13:56:16 6.3 66.4 180 203
11 20220805-13:56:16 6.3 66.4 180 203
12 20220805-13:56:33 6.3 66.4 135 203
13 20220805-13:56:43 6.3 66.4 90 203
14 20220805-13:57:10 6.3 67.5 90 203
15 20220805-13:57:11 6.3 67.5 90 203
16 20220805-13:57:28 6.3 67.5 90 203
17 20220805-13:57:52 6.3 67.5 135 203
18 20220805-13:57:54 6.3 67.5 135 203
19 20220805-13:58:08 6.3 67.5 180 203
20 20220805-13:58:17 6.3 67.5 225 203
21 20220805-13:58:29 6.3 67.5 270 203
22 20220805-13:58:47 6.3 67.5 315 203
23 20220805-13:58:48 6.3 67.5 315 203
24 20220805-13:58:59 6.3 67.5 0 203
25 20220805-13:59:07 6.3 67.5 45 203
26 20220805-13:59:25 6.3 67.5 90 203
27 20220805-13:59:34 6.3 67.5 90 203
28 20220805-13:59:42 6.3 67.5 135 203
29 20220805-13:59:53 6.3 67.5 180 203
30 20220805-14:00:06 6.3 67.5 225 203
31 20220805-14:00:17 6.3 67.5 270 203
32 20220805-14:00:30 6.3 67.5 315 203
33 20220805-14:00:47 6.3 67.5 0 203
34 20220805-14:00:56 6.3 67.5 45 203
35 20220805-14:01:10 6.3 67.5 90 203
36 20220805-14:01:31 6.3 68.4 90 204
37 20220805-14:01:31 6.3 68.4 90 204
38 20220805-14:01:35 6.3 68.4 90 204
39 20220805-14:01:40 6.3 68.4 90 204
40 20220805-14:01:46 6.3 68.4 45 204
41 20220805-14:01:59 6.3 68.4 0 204
42 20220805-14:02:11 6.3 68.4 315 204
43 20220805-14:02:23 6.3 68.4 270 204
44 20220805-14:02:34 6.3 68.4 225 204
45 20220805-14:02:46 6.3 68.4 180 204
46 20220805-14:02:47 6.3 68.4 180 204
47 20220805-14:02:59 6.3 68.4 135 204
48 20220805-14:03:11 6.3 68.4 90 204
49 20220805-14:03:46 6.3 69.3 90 204
50 20220805-14:04:01 6.2 69.3 90 204
51 20220805-14:04:09 6.2 69.3 135 204
52 20220805-14:04:24 6.2 69.3 180 204
53 20220805-14:04:33 6.2 69.3 225 204
54 20220805-14:04:43 6.2 69.3 270 204
55 20220805-14:04:56 6.2 69.3 315 204
56 20220805-14:05:13 6.2 69.3 0 204
57 20220805-14:05:20 6.2 69.3 45 204
58 20220805-14:05:39 6.2 69.3 90 204
59 20220805-14:06:05 6.2 70.1 90 205
60 20220805-14:06:24 6.2 70.1 90 205
61 20220805-14:06:24 6.2 70.1 90 205
62 20220805-14:06:45 6.2 70.0 45 205
63 20220805-14:06:55 6.2 70.0 0 205
64 20220805-14:06:56 6.2 70.0 0 205
65 20220805-14:07:09 6.2 70.0 315 205
66 20220805-14:07:10 6.2 70.0 315 205
67 20220805-14:07:19 6.2 70.0 270 205
68 20220805-14:07:38 6.2 70.0 225 205
69 20220805-14:07:44 6.2 70.0 180 205
70 20220805-14:07:55 6.2 70.0 135 205
71 20220805-14:08:08 6.2 70.0 90 205
72 20220805-14:08:33 6.2 70.6 90 205
73 20220805-14:08:33 6.2 70.6 90 205
74 20220805-14:08:40 6.2 70.6 90 205
75 20220805-14:08:48 6.2 70.6 135 205
76 20220805-14:09:02 6.2 70.6 180 205
77 20220805-14:09:12 6.2 70.6 225 205
78 20220805-14:09:29 6.2 70.6 270 205
79 20220805-14:09:37 6.2 70.6 315 205
80 20220805-14:09:52 6.2 70.6 0 205
81 20220805-14:09:58 6.2 70.6 45 205
82 20220805-14:10:14 6.2 70.6 90 205
83 20220805-14:10:47 6.2 71.4 90 205
84 20220805-14:10:47 6.2 71.4 90 205
85 20220805-14:11:02 6.2 71.4 45 205
86 20220805-14:11:12 6.2 71.4 0 205
87 20220805-14:11:24 6.2 71.4 315 205
88 20220805-14:11:37 6.2 71.4 270 205
89 20220805-14:11:50 6.2 71.4 225 205
90 20220805-14:12:01 6.2 71.4 180 205
91 20220805-14:12:13 6.2 71.4 135 205
92 20220805-14:12:26 6.2 71.4 90 205
93 20220805-14:12:26 6.2 71.4 90 205
94 20220805-14:13:16 6.2 72.5 90 206
95 20220805-14:13:37 6.2 72.5 45 206
96 20220805-14:13:48 6.2 72.5 0 206
97 20220805-14:13:59 6.2 72.5 315 206
98 20220805-14:14:12 6.2 72.5 270 206
99 20220805-14:14:28 6.2 72.5 225 206
100 20220805-14:14:36 6.2 72.5 180 206
101 20220805-14:14:48 6.2 72.5 135 206
102 20220805-14:15:01 6.2 72.5 90 206
103 20220805-14:15:14 6.2 72.5 90 206
104 20220805-14:15:14 6.2 72.5 90 206
105 20220805-14:15:24 6.2 72.5 90 206
106 20220805-14:15:24 6.2 72.5 90 206
107 20220805-14:15:52 6.1 72.5 45 206
108 20220805-14:16:01 6.1 72.5 0 206
109 20220805-14:16:04 6.1 72.5 0 206
110 20220805-14:16:40 7.2 72.5 0 207
111 20220805-14:16:40 7.2 72.5 0 207
112 20220805-14:17:03 7.2 72.5 45 207
113 20220805-14:17:13 7.2 72.5 90 207
114 20220805-14:17:24 7.4 72.6 90 207
115 20220805-14:17:44 7.4 72.6 135 207
116 20220805-14:17:55 7.4 72.6 180 207
117 20220805-14:18:08 7.4 72.6 225 207
118 20220805-14:18:21 7.4 72.6 270 207
119 20220805-14:18:34 7.4 72.6 315 207
120 20220805-14:18:52 7.4 72.6 0 207
121 20220805-14:19:28 8.6 72.6 0 207
122 20220805-14:19:28 8.6 72.6 0 207
123 20220805-14:19:52 8.6 72.6 315 207
124 20220805-14:20:03 8.6 72.6 270 207
125 20220805-14:20:18 8.6 72.6 225 207
126 20220805-14:20:28 8.6 72.6 180 207
127 20220805-14:20:40 8.6 72.6 135 207
128 20220805-14:20:52 8.6 72.6 90 207
129 20220805-14:21:06 8.6 72.6 45 207
130 20220805-14:21:17 8.6 72.6 0 207
131 20220805-14:21:42 9.0 72.6 0 207
132 20220805-14:21:42 9.0 72.6 0 207
133 20220805-14:22:03 9.0 72.6 45 207
134 20220805-14:22:11 9.0 72.6 90 207
135 20220805-14:22:23 9.0 72.6 135 207
136 20220805-14:22:24 9.0 72.6 135 207
137 20220805-14:22:35 9.0 72.6 180 207
138 20220805-14:22:46 9.0 72.6 225 207
139 20220805-14:23:02 9.0 72.6 270 207
140 20220805-14:23:13 9.0 72.6 315 207
141 20220805-14:23:34 9.0 72.6 0 207
142 20220805-14:24:09 9.0 72.6 45 207
143 20220805-14:24:15 9.0 72.6 90 207
144 20220805-14:24:41 9.0 73.5 90 208
145 20220805-14:24:42 9.0 73.5 90 208
146 20220805-14:25:01 9.0 73.5 90 208
147 20220805-14:25:18 9.0 73.5 45 208
148 20220805-14:25:29 9.0 73.5 0 208
149 20220805-14:25:43 9.0 73.5 315 208
150 20220805-14:25:54 9.0 73.5 270 208
151 20220805-14:26:06 9.0 73.5 225 208
152 20220805-14:26:19 9.0 73.5 180 208
153 20220805-14:26:25 9.0 73.5 180 208
154 20220805-14:26:32 9.0 73.5 135 208
155 20220805-14:26:47 9.0 73.5 90 208
156 20220805-14:27:00 9.0 73.5 90 208
157 20220805-14:27:18 9.0 73.5 45 208
158 20220805-14:27:29 9.0 73.5 0 208
159 20220805-14:27:42 9.0 73.5 315 208
160 20220805-14:27:54 9.0 73.5 270 208
161 20220805-14:28:07 9.0 73.5 225 208
162 20220805-14:28:17 9.0 73.5 180 208
163 20220805-14:28:33 9.0 73.5 135 208
164 20220805-14:28:47 9.0 73.5 90 208
165 20220805-14:28:52 9.0 73.5 90 208
166 20220805-14:29:02 9.0 73.5 135 208
167 20220805-14:29:14 9.0 73.5 180 208
168 20220805-14:29:28 9.0 73.5 180 208
169 20220805-14:29:49 8.0 73.5 180 208
170 20220805-14:30:09 8.0 73.5 225 208
171 20220805-14:30:21 8.0 73.5 270 208
172 20220805-14:30:34 8.0 73.5 315 208
173 20220805-14:30:48 8.0 73.5 0 208
174 20220805-14:30:58 8.0 73.5 45 208
175 20220805-14:31:19 8.0 73.5 90 208
176 20220805-14:31:26 8.0 73.5 135 208
177 20220805-14:31:43 8.0 73.5 180 208
178 20220805-14:32:30 7.3 73.5 180 208
179 20220805-14:32:58 7.3 73.5 225 208
180 20220805-14:33:09 7.3 73.5 270 208
181 20220805-14:33:21 7.3 73.5 315 208
182 20220805-14:33:34 7.3 73.5 0 208
183 20220805-14:33:40 7.3 73.5 0 208
184 20220805-14:33:47 7.3 73.5 45 208
185 20220805-14:34:04 7.3 73.5 90 208
186 20220805-14:34:11 7.3 73.5 135 208
187 20220805-14:34:13 7.3 73.5 135 208
188 20220805-14:34:28 7.3 73.5 180 208
189 20220805-14:34:30 7.3 73.5 180 208
190 20220805-14:35:06 6.5 73.5 180 206
191 20220805-14:35:09 6.5 73.5 180 206
192 20220805-14:35:25 6.5 73.5 180 206
193 20220805-14:35:25 6.5 73.5 180 206
194 20220805-14:35:51 6.5 73.5 135 206
195 20220805-14:35:54 6.5 73.5 135 206
196 20220805-14:36:03 6.5 73.5 90 206
197 20220805-14:36:22 6.5 73.5 0 206
198 20220805-14:36:32 6.5 73.5 315 206
199 20220805-14:36:46 6.5 73.5 270 206
200 20220805-14:36:58 6.5 73.5 225 206
201 20220805-14:37:16 6.5 73.5 180 206
202 20220805-14:37:32 6.5 73.5 135 206
203 20220805-14:37:36 6.5 73.5 135 206
204 20220805-14:37:45 6.5 73.5 90 206
205 20220805-14:38:12 6.3 74.6 90 210
206 20220805-14:38:41 6.3 74.6 45 210
207 20220805-14:38:53 6.3 74.6 0 210
208 20220805-14:39:05 6.3 74.6 315 210
209 20220805-14:39:07 6.3 74.6 315 210
210 20220805-14:39:17 6.3 74.6 270 210
211 20220805-14:39:28 6.3 74.6 225 210
212 20220805-14:39:39 6.3 74.6 180 210
213 20220805-14:39:55 6.3 74.6 135 210
214 20220805-14:40:04 6.3 74.6 90 210
215 20220805-14:40:21 6.3 74.6 45 210
216 20220805-14:40:36 6.3 74.6 90 210
217 20220805-14:41:18 6.2 75.4 90 210
218 20220805-14:41:26 6.2 75.4 90 210
219 20220805-14:42:07 6.2 75.4 135 210
220 20220805-14:42:20 6.2 75.4 180 210
221 20220805-14:42:33 6.2 75.4 225 210
222 20220805-14:42:49 6.2 75.4 270 210
223 20220805-14:42:56 6.2 75.4 315 210
224 20220805-14:43:13 6.2 75.4 0 210
225 20220805-14:43:27 6.2 75.4 0 210
226 20220805-14:43:48 7.3 75.4 0 209
227 20220805-14:43:49 7.3 75.4 0 209
228 20220805-14:44:06 7.3 75.4 315 209
229 20220805-14:44:17 7.3 75.4 270 209
230 20220805-14:44:31 7.3 75.4 225 209
231 20220805-14:44:41 7.3 75.4 180 209
232 20220805-14:44:55 7.3 75.4 135 209
233 20220805-14:45:06 7.3 75.4 90 209
234 20220805-14:45:08 7.3 75.4 90 209
235 20220805-14:45:08 7.3 75.4 90 209
236 20220805-14:45:19 7.3 75.4 45 209
237 20220805-14:45:20 7.3 75.4 45 209
238 20220805-14:45:31 7.3 75.4 0 209
239 20220805-14:45:32 7.3 75.4 0 209
240 20220805-14:45:53 8.1 75.4 0 209
241 20220805-14:46:11 8.1 75.4 45 209
242 20220805-14:46:24 8.1 75.4 90 209
243 20220805-14:46:36 8.1 75.4 135 209
244 20220805-14:46:48 8.1 75.4 180 209
245 20220805-14:47:01 8.1 75.4 225 209
246 20220805-14:47:20 8.1 75.4 270 209
247 20220805-14:47:29 8.1 75.4 315 209
248 20220805-14:47:46 8.1 75.4 0 209
249 20220805-14:48:07 8.9 75.4 0 209
250 20220805-14:48:20 8.9 75.4 315 209
251 20220805-14:48:33 8.9 75.4 270 209
252 20220805-14:48:46 8.9 75.4 225 209
253 20220805-14:48:59 8.9 75.4 180 209
254 20220805-14:49:12 8.9 75.4 135 209
255 20220805-14:49:24 8.9 75.4 90 209
256 20220805-14:49:25 8.9 75.4 90 209
257 20220805-14:49:36 8.9 75.4 45 209
258 20220805-14:49:37 8.9 75.4 45 209
259 20220805-14:49:48 8.9 75.4 0 209
260 20220805-14:49:56 8.9 75.4 0 209
261 20220805-14:50:18 8.9 75.4 315 209
262 20220805-14:50:28 8.9 75.4 270 209
263 20220805-14:50:30 8.9 75.4 270 209
264 20220805-14:50:42 8.9 75.4 225 209
265 20220805-14:50:52 8.9 75.4 180 209
266 20220805-14:51:36 6.3 75.4 180 210
267 20220805-14:51:41 6.3 75.4 180 210
268 20220805-14:51:50 6.3 75.4 180 210
269 20220805-14:51:58 6.3 75.4 135 210
270 20220805-14:52:10 6.3 75.4 90 210
271 20220805-14:52:40 6.3 76.4 90 211
272 20220805-14:52:58 6.3 76.4 135 211
273 20220805-14:53:11 6.3 76.4 180 211
274 20220805-14:53:23 6.3 76.4 225 211
275 20220805-14:53:36 6.3 76.4 270 211
276 20220805-14:53:45 6.3 76.4 315 211
277 20220805-14:53:55 6.3 76.4 315 211
278 20220805-14:53:56 6.3 76.4 0 211
279 20220805-14:53:57 6.3 76.4 0 211
280 20220805-14:54:04 6.3 76.4 0 211
281 20220805-14:54:11 6.3 76.4 45 211
282 20220805-14:54:15 6.3 76.4 45 211
283 20220805-14:54:29 6.3 76.4 90 211
284 20220805-14:55:30 6.2 77.6 90 211
285 20220805-14:55:32 6.2 77.6 90 211
286 20220805-14:55:34 6.2 77.6 90 211
287 20220805-14:55:39 6.2 77.6 90 211
288 20220805-14:55:39 6.2 77.6 90 211
289 20220805-14:55:53 6.2 77.6 45 211
290 20220805-14:55:54 6.2 77.6 45 211
291 20220805-14:56:05 6.2 77.6 0 211
292 20220805-14:56:16 6.2 77.6 315 211
293 20220805-14:56:17 6.2 77.6 315 211
294 20220805-14:56:28 6.2 77.6 270 211
295 20220805-14:56:42 6.2 77.6 225 211
296 20220805-14:56:53 6.2 77.6 180 211
297 20220805-14:56:59 6.2 77.6 180 211
298 20220805-14:57:14 6.2 77.6 135 211
299 20220805-14:57:25 6.2 77.6 90 211
300 20220805-14:57:54 6.2 78.4 90 212
301 20220805-14:57:54 6.2 78.4 90 212
302 20220805-14:58:27 6.2 78.4 45 212
303 20220805-14:58:28 6.2 78.4 45 212
304 20220805-14:58:39 6.2 78.4 0 212
305 20220805-14:58:52 6.2 78.4 315 212
306 20220805-14:59:03 6.2 78.4 270 212
307 20220805-14:59:05 6.2 78.4 270 212
308 20220805-14:59:15 6.2 78.4 225 212
309 20220805-14:59:28 6.2 78.4 180 212
310 20220805-14:59:41 6.2 78.4 135 212
311 20220805-14:59:51 6.2 78.4 90 212
312 20220805-15:00:12 6.2 79.5 90 212
313 20220805-15:00:38 6.2 79.5 135 212
314 20220805-15:00:39 6.2 79.5 135 212
315 20220805-15:00:41 6.2 79.5 180 212
316 20220805-15:00:52 6.2 79.5 225 212
317 20220805-15:01:08 6.1 79.5 270 212
318 20220805-15:01:12 6.1 79.5 270 212
319 20220805-15:01:17 6.1 79.5 315 212
320 20220805-15:01:35 6.1 79.5 0 212
321 20220805-15:01:45 6.1 79.5 45 212
322 20220805-15:01:55 6.1 79.5 45 212
323 20220805-15:02:05 6.1 79.5 90 212
324 20220805-15:02:27 6.1 80.5 90 213
325 20220805-15:02:48 6.1 80.5 45 213
326 20220805-15:02:59 6.1 80.5 0 213
327 20220805-15:03:11 6.1 80.5 315 213
328 20220805-15:03:24 6.1 80.5 270 213
329 20220805-15:03:40 6.1 80.5 225 213
330 20220805-15:03:50 6.1 80.5 180 213
331 20220805-15:04:04 6.1 80.5 225 213
332 20220805-15:04:08 6.1 80.5 135 213
333 20220805-15:04:14 6.1 80.5 90 213
334 20220805-15:04:54 6.1 81.4 90 213
335 20220805-15:04:55 6.1 81.4 90 213
336 20220805-15:05:13 6.1 81.4 90 213
337 20220805-15:05:21 6.1 81.4 135 213
338 20220805-15:05:44 6.1 81.4 90 213
339 20220805-15:06:00 6.1 81.4 225 213
340 20220805-15:06:11 6.1 81.4 270 213
341 20220805-15:06:19 6.1 81.4 315 213
342 20220805-15:06:37 6.1 81.4 0 213
343 20220805-15:06:45 6.1 81.4 45 213
344 20220805-15:07:05 6.1 81.4 90 213
345 20220805-15:07:31 6.1 82.5 90 214
346 20220805-15:07:38 6.1 82.5 90 214
347 20220805-15:08:09 6.1 82.5 45 214
348 20220805-15:08:20 6.1 82.5 0 214
349 20220805-15:08:32 6.1 82.5 315 214
350 20220805-15:08:33 6.1 82.5 315 214
351 20220805-15:08:46 6.1 82.5 270 214
352 20220805-15:09:01 6.1 82.5 225 214
353 20220805-15:09:12 6.1 82.5 180 214
354 20220805-15:09:22 6.1 82.5 135 214
355 20220805-15:09:35 6.1 82.5 90 214
356 20220805-15:10:09 6.2 83.5 90 214
357 20220805-15:10:17 6.2 83.5 90 214
358 20220805-15:10:27 6.2 83.5 135 214
359 20220805-15:10:40 6.2 83.5 180 214
360 20220805-15:10:52 6.2 83.5 225 214
361 20220805-15:11:04 6.2 83.5 270 214
362 20220805-15:11:08 6.2 83.5 270 214
363 20220805-15:11:17 6.2 83.5 315 214
364 20220805-15:11:36 6.2 83.5 0 214
365 20220805-15:11:41 6.2 83.5 45 214
366 20220805-15:12:02 6.2 83.5 90 214
367 20220805-15:12:18 6.2 84.5 90 215
368 20220805-15:12:35 6.2 84.5 45 215
369 20220805-15:12:41 6.2 84.5 0 215
370 20220805-15:12:54 6.2 84.5 315 215
371 20220805-15:13:05 6.2 84.5 270 215
372 20220805-15:13:18 6.2 84.5 225 215
373 20220805-15:13:30 6.2 84.5 180 215
374 20220805-15:13:44 6.2 84.5 135 215
375 20220805-15:13:57 6.2 84.5 90 215
376 20220805-15:14:40 6.2 85.5 90 215
377 20220805-15:15:05 6.2 85.5 135 215
378 20220805-15:15:21 6.2 85.5 180 215
379 20220805-15:15:30 6.2 85.5 180 215
380 20220805-15:15:33 6.2 85.5 225 215
381 20220805-15:15:47 6.2 85.5 270 215
382 20220805-15:15:55 6.2 85.5 315 215
383 20220805-15:15:56 6.2 85.5 315 215
384 20220805-15:16:14 6.2 85.5 0 215
385 20220805-15:16:21 6.2 85.5 45 215
386 20220805-15:16:23 6.2 85.5 45 215
387 20220805-15:16:40 6.2 85.5 90 215
388 20220805-15:17:00 6.2 86.5 90 216
