1 20220809-14:48:04 6.25 42.5 270 79
2 20220809-14:48:39 6.25 42.5 270 79
3 20220809-14:48:50 6.25 42.5 225 79
4 20220809-14:49:02 6.25 42.5 180 79
5 20220809-14:49:07 6.25 42.5 180 79
6 20220809-14:49:16 6.25 42.5 135 79
7 20220809-14:49:31 6.25 42.5 90 79
8 20220809-14:49:39 6.25 42.5 45 79
9 20220809-14:49:42 6.25 42.5 45 79
10 20220809-14:49:57 6.25 42.5 0 79
11 20220809-14:50:09 6.25 42.5 315 79
12 20220809-14:50:24 6.25 42.5 270 79
13 20220809-14:50:47 6.25 41.5 270 17
14 20220809-14:51:23 6.25 41.5 270 17
15 20220809-14:51:40 6.25 41.5 315 17
16 20220809-14:51:54 6.25 41.5 0 17
17 20220809-14:52:05 6.25 41.5 45 17
18 20220809-14:52:06 6.25 41.5 45 17
19 20220809-14:52:23 6.25 41.5 90 17
20 20220809-14:52:31 6.25 41.5 135 17
21 20220809-14:52:44 6.25 41.5 180 17
22 20220809-14:52:51 6.25 41.5 225 17
23 20220809-14:52:54 6.25 41.5 225 17
24 20220809-14:53:11 6.25 41.5 270 17
25 20220809-14:53:18 6.25 41.5 270 17
26 20220809-14:53:33 6.25 40.6 270 17
27 20220809-14:53:39 6.25 40.6 270 17
28 20220809-14:53:46 6.25 40.6 225 17
29 20220809-14:54:01 6.25 40.6 180 17
30 20220809-14:54:12 6.25 40.6 135 17
31 20220809-14:54:13 6.25 40.6 135 17
32 20220809-14:54:24 6.25 40.6 90 17
33 20220809-14:54:40 6.25 40.6 45 17
34 20220809-14:56:29 6.25 40.6 45 17
35 20220809-14:56:29 6.25 40.6 45 17
