1 20220804-14:27:30 10.3 77.7 270 191
2 20220804-14:28:00 10.3 77.7 225 191
3 20220804-14:28:12 10.3 77.7 180 191
4 20220804-14:28:24 10.3 77.7 135 191
5 20220804-14:28:36 10.3 77.7 90 191
6 20220804-14:28:47 10.3 77.7 45 191
7 20220804-14:28:58 10.3 77.7 0 191
8 20220804-14:29:11 10.3 77.7 315 191
9 20220804-14:29:27 10.3 77.7 270 191
10 20220804-14:29:54 10.3 77.3 270 191
11 20220804-14:30:03 10.3 77.3 270 191
12 20220804-14:30:14 10.3 77.3 315 191
13 20220804-14:30:26 10.3 77.3 0 191
14 20220804-14:30:38 10.3 77.3 45 191
15 20220804-14:30:52 10.3 77.3 90 191
16 20220804-14:31:09 10.3 77.3 135 191
17 20220804-14:31:19 10.3 77.3 180 191
18 20220804-14:31:25 10.3 77.3 225 191
19 20220804-14:31:26 10.3 77.3 225 191
20 20220804-14:31:43 10.3 77.3 270 191
21 20220804-14:32:19 10.3 76.4 270 191
22 20220804-14:32:20 10.3 76.4 270 191
23 20220804-14:32:27 10.3 76.4 270 191
24 20220804-14:32:27 10.3 76.4 270 191
25 20220804-14:32:42 10.3 76.4 225 191
26 20220804-14:32:55 10.3 76.4 180 191
27 20220804-14:33:08 10.3 76.4 135 191
28 20220804-14:33:17 10.3 76.4 90 191
29 20220804-14:33:30 10.3 76.4 45 191
30 20220804-14:33:41 10.3 76.4 0 191
31 20220804-14:33:53 10.3 76.4 315 191
32 20220804-14:34:04 10.3 76.4 270 191
33 20220804-14:34:40 10.3 75.5 270 192
34 20220804-14:34:48 10.3 75.5 270 192
35 20220804-14:35:02 10.3 75.5 315 192
36 20220804-14:35:12 10.3 75.5 0 192
37 20220804-14:35:24 10.3 75.5 45 192
38 20220804-14:35:35 10.3 75.5 90 192
39 20220804-14:35:45 10.3 75.5 135 192
40 20220804-14:36:01 10.3 75.5 180 192
41 20220804-14:36:09 10.3 75.5 225 192
42 20220804-14:36:26 10.3 75.5 270 192
43 20220804-14:36:48 10.3 74.6 270 192
44 20220804-14:36:57 10.3 74.6 270 192
45 20220804-14:37:05 10.3 74.6 225 192
46 20220804-14:37:15 10.3 74.6 180 192
47 20220804-14:37:27 10.3 74.6 135 192
48 20220804-14:37:41 10.3 74.6 90 192
49 20220804-14:37:49 10.3 74.6 45 192
50 20220804-14:38:04 10.3 74.6 0 192
51 20220804-14:38:12 10.3 74.6 315 192
52 20220804-14:38:29 10.3 74.6 270 192
53 20220804-14:38:40 10.3 74.6 270 192
54 20220804-14:38:56 10.2 73.5 270 193
55 20220804-14:39:21 10.2 73.5 315 193
56 20220804-14:39:38 10.2 73.5 0 193
57 20220804-14:39:45 10.2 73.5 45 193
58 20220804-14:40:01 10.2 73.5 90 193
59 20220804-14:40:02 10.2 73.5 90 193
60 20220804-14:40:07 10.2 73.5 135 193
61 20220804-14:40:26 10.2 73.5 180 193
62 20220804-14:40:32 10.2 73.5 225 193
63 20220804-14:40:33 10.2 73.5 225 193
64 20220804-14:40:51 10.2 73.5 270 193
65 20220804-14:41:02 10.2 73.5 270 193
66 20220804-14:41:03 10.2 73.5 270 193
67 20220804-14:41:20 10.2 72.5 270 193
68 20220804-14:41:26 10.2 72.5 270 193
69 20220804-14:41:33 10.2 72.5 225 193
70 20220804-14:41:39 10.2 72.5 225 193
71 20220804-14:41:45 10.2 72.5 180 193
72 20220804-14:41:48 10.2 72.5 180 193
73 20220804-14:41:59 10.2 72.5 135 193
74 20220804-14:42:10 10.2 72.5 90 193
75 20220804-14:42:21 10.2 72.5 45 193
76 20220804-14:42:22 10.2 72.5 45 193
77 20220804-14:42:33 10.2 72.5 0 193
78 20220804-14:42:46 10.2 72.5 315 193
79 20220804-14:42:56 10.2 72.5 270 193
80 20220804-14:43:16 10.2 71.6 270 194
81 20220804-14:43:28 10.2 71.6 270 194
82 20220804-14:43:34 10.2 71.6 315 194
83 20220804-14:43:46 10.2 71.6 0 194
84 20220804-14:43:58 10.2 71.6 45 194
85 20220804-14:44:09 10.2 71.6 90 194
86 20220804-14:44:10 10.2 71.6 90 194
87 20220804-14:44:22 10.2 71.6 135 194
88 20220804-14:44:33 10.2 71.6 180 194
89 20220804-14:44:44 10.2 71.6 225 194
90 20220804-14:45:01 10.2 71.6 270 194
91 20220804-14:45:27 10.3 70.5 270 194
92 20220804-14:45:41 10.3 70.5 270 194
93 20220804-14:45:50 10.3 70.5 225 194
94 20220804-14:46:02 10.3 70.5 180 194
95 20220804-14:46:15 10.3 70.5 135 194
96 20220804-14:46:17 10.3 70.5 135 194
97 20220804-14:46:20 10.3 70.5 90 194
98 20220804-14:46:29 10.3 70.5 45 194
99 20220804-14:46:49 10.3 70.5 0 194
100 20220804-14:46:58 10.3 70.5 315 194
101 20220804-14:47:09 10.3 70.5 270 194
102 20220804-14:47:33 10.3 69.5 270 195
103 20220804-14:47:49 10.3 69.5 225 195
104 20220804-14:48:00 10.3 69.5 180 195
105 20220804-14:48:13 10.3 69.5 135 195
106 20220804-14:48:24 10.3 69.5 90 195
107 20220804-14:48:36 10.3 69.5 45 195
108 20220804-14:48:47 10.3 69.5 0 195
109 20220804-14:48:48 10.3 69.5 0 195
110 20220804-14:49:00 10.3 69.5 315 195
111 20220804-14:49:12 10.3 69.5 270 195
112 20220804-14:49:34 10.3 68.6 270 195
113 20220804-14:49:34 10.3 68.6 270 195
114 20220804-14:50:05 10.3 68.5 315 195
115 20220804-14:50:17 10.3 68.5 0 195
116 20220804-14:50:29 10.3 68.5 45 195
117 20220804-14:50:40 10.3 68.5 90 195
118 20220804-14:50:52 10.3 68.5 135 195
119 20220804-14:51:07 10.3 68.5 180 195
120 20220804-14:51:16 10.3 68.5 225 195
121 20220804-14:51:34 10.3 68.5 270 195
122 20220804-14:51:53 10.3 67.5 270 196
123 20220804-14:52:00 10.3 67.5 270 196
124 20220804-14:52:06 10.3 67.5 225 196
125 20220804-14:52:18 10.3 67.5 180 196
126 20220804-14:52:19 10.3 67.5 180 196
127 20220804-14:52:27 10.3 67.5 135 196
128 20220804-14:52:31 10.3 67.5 135 196
129 20220804-14:52:41 10.3 67.5 90 196
130 20220804-14:52:52 10.3 67.5 45 196
131 20220804-14:53:00 10.3 67.5 0 196
132 20220804-14:53:10 10.3 67.5 315 196
133 20220804-14:53:29 10.3 67.5 270 196
134 20220804-14:54:01 10.3 66.6 270 196
135 20220804-14:54:14 10.3 66.5 270 196
136 20220804-14:54:20 10.3 66.5 315 196
137 20220804-14:54:23 10.3 66.5 315 196
138 20220804-14:54:33 10.3 66.5 0 196
139 20220804-14:54:43 10.3 66.5 45 196
140 20220804-14:54:56 10.3 66.5 90 196
141 20220804-14:54:58 10.3 66.5 90 196
142 20220804-14:55:13 10.3 66.5 45 196
143 20220804-14:55:23 10.3 66.5 0 196
144 20220804-14:55:31 10.3 66.5 315 196
145 20220804-14:55:47 10.3 66.5 270 196
146 20220804-14:56:12 10.3 65.5 270 197
147 20220804-14:56:22 10.3 65.5 270 197
148 20220804-14:56:22 10.3 65.5 270 197
149 20220804-14:56:38 10.3 65.5 225 197
150 20220804-14:56:50 10.3 65.5 180 197
151 20220804-14:57:00 10.3 65.5 135 197
152 20220804-14:57:12 10.3 65.5 90 197
153 20220804-14:57:13 10.3 65.5 90 197
154 20220804-14:57:24 10.3 65.5 135 197
155 20220804-14:57:33 10.3 65.5 45 197
156 20220804-14:57:37 10.3 65.5 0 197
157 20220804-14:57:45 10.3 65.5 315 197
158 20220804-14:58:01 10.3 65.5 270 197
159 20220804-14:58:43 10.3 64.5 270 197
160 20220804-14:58:48 10.3 64.4 270 197
161 20220804-14:59:04 10.3 64.4 315 197
162 20220804-14:59:20 10.3 64.4 0 197
163 20220804-14:59:29 10.3 64.4 45 197
164 20220804-14:59:40 10.3 64.4 90 197
165 20220804-14:59:52 10.3 64.4 135 197
166 20220804-15:00:08 10.3 64.4 180 197
167 20220804-15:00:19 10.3 64.4 225 197
168 20220804-15:00:31 10.3 64.4 270 197
169 20220804-15:00:47 10.3 64.4 270 197
170 20220804-15:01:10 10.3 63.5 270 198
171 20220804-15:01:14 10.3 63.5 270 198
172 20220804-15:01:28 10.3 63.5 315 198
173 20220804-15:01:39 10.3 63.5 0 198
174 20220804-15:01:41 10.3 63.5 0 198
175 20220804-15:01:49 10.3 63.5 45 198
176 20220804-15:01:52 10.3 63.5 45 198
177 20220804-15:02:04 10.3 63.5 90 198
178 20220804-15:02:13 10.3 63.5 135 198
179 20220804-15:02:31 10.3 63.5 180 198
180 20220804-15:02:42 10.3 63.5 225 198
181 20220804-15:02:54 10.3 63.5 270 198
182 20220804-15:03:22 10.3 62.5 270 198
183 20220804-15:03:30 10.3 62.5 270 198
184 20220804-15:03:36 10.3 62.5 225 198
185 20220804-15:03:49 10.3 62.5 180 198
186 20220804-15:03:51 10.3 62.5 180 198
187 20220804-15:04:01 10.3 62.5 135 198
188 20220804-15:04:13 10.3 62.5 90 198
189 20220804-15:04:25 10.3 62.5 45 198
190 20220804-15:04:36 10.3 62.5 0 198
191 20220804-15:04:48 10.3 62.5 315 198
192 20220804-15:05:02 10.3 62.5 270 198
193 20220804-15:05:10 10.3 62.5 270 198
194 20220804-15:05:32 10.3 61.5 270 199
195 20220804-15:05:40 10.3 61.5 270 199
196 20220804-15:05:47 10.3 61.5 315 199
197 20220804-15:05:54 10.3 61.5 0 199
198 20220804-15:06:08 10.3 61.5 45 199
199 20220804-15:06:18 10.3 61.5 90 199
200 20220804-15:06:19 10.3 61.5 90 199
201 20220804-15:06:27 10.3 61.5 135 199
202 20220804-15:06:43 10.3 61.5 180 199
203 20220804-15:06:49 10.3 61.5 225 199
204 20220804-15:06:50 10.3 61.5 225 199
205 20220804-15:07:09 10.3 61.5 270 199
206 20220804-15:07:46 10.3 61.0 270 199
207 20220804-15:07:52 10.3 61.0 270 199
208 20220804-15:08:04 10.3 61.0 225 199
209 20220804-15:08:05 10.3 61.0 225 199
210 20220804-15:08:15 10.3 61.0 180 199
211 20220804-15:08:26 10.3 61.0 135 199
212 20220804-15:08:39 10.3 61.0 90 199
213 20220804-15:08:40 10.3 61.0 90 199
214 20220804-15:08:51 10.3 61.0 45 199
215 20220804-15:08:53 10.3 61.0 45 199
216 20220804-15:09:01 10.3 61.0 0 199
217 20220804-15:09:13 10.3 61.0 315 199
218 20220804-15:09:25 10.3 61.0 270 199
219 20220804-15:09:50 10.3 60.0 270 199
220 20220804-15:09:54 10.3 60.0 270 199
221 20220804-15:10:08 10.3 60.0 225 199
222 20220804-15:10:10 10.3 60.0 225 199
223 20220804-15:10:19 10.3 60.0 180 199
224 20220804-15:10:32 10.3 60.0 135 199
225 20220804-15:10:42 10.3 60.0 90 199
226 20220804-15:10:54 10.3 60.0 45 199
227 20220804-15:11:05 10.3 60.0 0 199
228 20220804-15:11:17 10.3 60.0 315 199
229 20220804-15:11:29 10.3 60.0 270 199
230 20220804-15:11:53 10.3 59.3 270 199
231 20220804-15:11:54 10.3 59.3 270 199
232 20220804-15:12:16 10.3 59.3 315 199
233 20220804-15:12:27 10.3 59.3 0 199
234 20220804-15:12:38 10.3 59.3 45 199
235 20220804-15:12:50 10.3 59.3 90 199
236 20220804-15:13:03 10.3 59.3 135 199
237 20220804-15:13:21 10.3 59.3 180 199
238 20220804-15:13:26 10.3 59.3 225 199
239 20220804-15:13:35 10.3 59.3 225 199
