1 20240702-16:26:50 29.3 43.4 180 67
2 20240702-16:26:59 29.3 43.4 180 67
3 20240702-16:29:25 29.3 43.4 135 67
4 20240702-16:29:41 29.3 43.4 90 67
5 20240702-16:29:52 29.3 43.4 45 67
6 20240702-16:30:02 29.3 43.4 0 67
7 20240702-16:30:13 29.3 43.4 315 67
8 20240702-16:30:25 29.3 43.4 270 67
9 20240702-16:30:39 29.3 43.4 225 67
10 20240702-16:30:52 29.3 43.4 180 67
11 20240702-16:30:54 29.3 43.4 180 67
12 20240702-16:31:13 28.15 43.6 180 68
13 20240702-16:31:24 28.15 43.6 135 68
14 20240702-16:31:33 28.15 43.6 90 68
15 20240702-16:31:45 28.15 43.6 45 68
16 20240702-16:31:56 28.15 43.6 0 68
17 20240702-16:32:09 28.15 43.6 315 68
18 20240702-16:32:23 28.15 43.6 270 68
19 20240702-16:32:31 28.15 43.6 225 68
20 20240702-16:32:47 28.15 43.6 180 68
21 20240702-16:33:05 27.2 43.7 180 68
22 20240702-16:33:05 27.2 43.7 180 68
23 20240702-16:33:18 27.2 43.7 135 68
24 20240702-16:33:31 27.2 43.7 90 68
25 20240702-16:33:39 27.2 43.7 45 68
26 20240702-16:33:49 27.2 43.7 0 68
27 20240702-16:34:02 27.2 43.7 315 68
28 20240702-16:34:14 27.2 43.7 270 68
29 20240702-16:34:31 27.2 43.7 225 68
30 20240702-16:34:41 27.2 43.7 180 68
31 20240702-16:35:06 26.2 43.45 180 69
32 20240702-16:35:06 26.2 43.45 180 69
33 20240702-16:35:16 26.2 43.45 135 69
34 20240702-16:35:30 26.2 43.45 90 69
35 20240702-16:35:40 26.2 43.45 45 69
36 20240702-16:35:55 26.2 43.45 0 69
37 20240702-16:36:03 26.2 43.45 315 69
38 20240702-16:36:18 26.2 43.45 270 69
39 20240702-16:36:24 26.2 43.45 225 69
40 20240702-16:36:45 26.2 43.45 180 69
41 20240702-16:36:57 25.15 43.65 180 69
42 20240702-16:36:57 25.15 43.65 180 69
43 20240702-16:37:11 25.15 43.65 180 69
44 20240702-16:37:15 25.15 43.65 135 69
45 20240702-16:37:23 25.15 43.65 90 69
46 20240702-16:37:32 25.15 43.65 45 69
47 20240702-16:37:44 25.15 43.65 0 69
48 20240702-16:37:55 25.15 43.65 315 69
49 20240702-16:38:01 25.15 43.65 270 69
50 20240702-16:38:14 25.15 43.65 225 69
51 20240702-16:38:30 25.15 43.65 180 69
52 20240702-16:38:52 24.25 43.5 180 70
53 20240702-16:39:08 24.25 43.5 135 70
54 20240702-16:39:19 24.25 43.5 90 70
55 20240702-16:39:27 24.25 43.5 45 70
56 20240702-16:39:39 24.25 43.5 0 70
57 20240702-16:39:49 24.25 43.5 315 70
58 20240702-16:40:06 24.25 43.5 270 70
59 20240702-16:40:14 24.25 43.5 225 70
60 20240702-16:40:32 24.25 43.5 180 70
61 20240702-16:40:48 23.25 43.45 180 70
62 20240702-16:41:07 23.25 43.45 135 70
63 20240702-16:41:14 23.25 43.45 90 70
64 20240702-16:41:23 23.25 43.45 45 70
65 20240702-16:41:34 23.25 43.45 0 70
66 20240702-16:41:55 23.25 43.45 315 70
67 20240702-16:41:57 23.25 43.45 270 70
68 20240702-16:42:07 23.25 43.45 225 70
69 20240702-16:42:20 23.25 43.45 180 70
70 20240702-16:42:48 22.1 43.6 180 71
71 20240702-16:42:48 22.1 43.6 180 71
72 20240702-16:43:02 22.1 43.6 135 71
73 20240702-16:43:11 22.1 43.6 90 71
74 20240702-16:43:22 22.1 43.6 45 71
75 20240702-16:43:28 22.1 43.6 0 71
76 20240702-16:43:34 22.1 43.6 0 71
77 20240702-16:43:44 22.1 43.6 315 71
78 20240702-16:43:58 22.1 43.6 270 71
79 20240702-16:44:06 22.1 43.6 225 71
80 20240702-16:44:23 22.1 43.6 180 71
81 20240702-16:44:45 21.25 43.65 180 71
82 20240702-16:44:45 21.25 43.65 180 71
83 20240702-16:44:52 21.25 43.65 135 71
84 20240702-16:45:00 21.25 43.65 135 71
85 20240702-16:45:05 21.25 43.65 90 71
86 20240702-16:45:17 21.25 43.65 45 71
87 20240702-16:45:30 21.25 43.65 0 71
88 20240702-16:45:41 21.25 43.65 315 71
89 20240702-16:45:52 21.25 43.65 270 71
90 20240702-16:46:02 21.25 43.65 225 71
91 20240702-16:46:13 21.25 43.65 180 71
92 20240702-16:46:46 20.15 43.6 180 72
93 20240702-16:46:46 20.15 43.6 180 72
94 20240702-16:46:59 20.15 43.6 135 72
95 20240702-16:47:09 20.15 43.6 90 72
96 20240702-16:47:19 20.15 43.6 45 72
97 20240702-16:47:28 20.15 43.6 0 72
98 20240702-16:47:29 20.15 43.6 0 72
99 20240702-16:47:41 20.15 43.6 315 72
100 20240702-16:47:52 20.15 43.6 270 72
101 20240702-16:48:05 20.15 43.6 225 72
102 20240702-16:48:16 20.15 43.6 180 72
103 20240702-16:48:32 19.4 43.6 180 72
104 20240702-16:48:32 19.4 43.6 180 72
105 20240702-16:48:43 19.4 43.6 135 72
106 20240702-16:48:56 19.4 43.6 90 72
107 20240702-16:49:05 19.4 43.6 45 72
108 20240702-16:49:18 19.4 43.6 0 72
109 20240702-16:49:28 19.4 43.6 315 72
110 20240702-16:49:45 19.4 43.6 270 72
111 20240702-16:49:50 19.4 43.6 225 72
112 20240702-16:50:11 19.4 43.6 180 72
113 20240702-16:50:43 18.15 43.45 180 73
114 20240702-16:50:55 18.15 43.45 135 73
115 20240702-16:51:05 18.15 43.45 90 73
116 20240702-16:51:17 18.15 43.45 45 73
117 20240702-16:51:28 18.15 43.45 0 73
118 20240702-16:51:40 18.15 43.45 315 73
119 20240702-16:51:44 18.15 43.45 270 73
120 20240702-16:51:58 18.15 43.45 225 73
121 20240702-16:52:12 18.15 43.45 180 73
122 20240702-16:52:26 17.4 43.55 180 73
123 20240702-16:52:26 17.4 43.55 180 73
124 20240702-16:52:28 17.4 43.55 135 73
125 20240702-16:52:38 17.4 43.55 135 73
126 20240702-16:52:47 17.4 43.55 90 73
127 20240702-16:52:59 17.4 43.55 45 73
128 20240702-16:53:10 17.4 43.55 0 73
129 20240702-16:53:21 17.4 43.55 315 73
130 20240702-16:53:32 17.4 43.55 270 73
131 20240702-16:53:46 17.4 43.55 225 73
132 20240702-16:54:01 17.4 43.55 180 73
133 20240702-16:54:20 16.15 43.45 180 74
134 20240702-16:54:20 16.15 43.45 180 74
135 20240702-16:54:30 16.15 43.45 135 74
136 20240702-16:54:40 16.15 43.45 90 74
137 20240702-16:54:55 16.15 43.45 45 74
138 20240702-16:55:08 16.15 43.45 0 74
139 20240702-16:55:15 16.15 43.45 315 74
140 20240702-16:55:27 16.15 43.45 270 74
141 20240702-16:55:40 16.15 43.45 225 74
142 20240702-16:55:49 16.15 43.45 180 74
143 20240702-16:55:55 16.15 43.45 180 74
144 20240702-16:56:08 15.35 43.5 180 74
145 20240702-16:56:08 15.35 43.5 180 74
146 20240702-16:56:21 15.35 43.5 135 74
147 20240702-16:56:30 15.35 43.5 90 74
148 20240702-16:56:43 15.35 43.5 45 74
149 20240702-16:56:54 15.35 43.5 0 74
150 20240702-16:57:04 15.35 43.5 315 74
151 20240702-16:57:20 15.35 43.5 270 74
152 20240702-16:57:29 15.35 43.5 225 74
153 20240702-16:57:39 15.35 43.5 180 74
154 20240702-16:58:00 14.4 43.4 180 75
155 20240702-16:58:00 14.4 43.4 180 75
156 20240702-16:58:12 14.4 43.4 135 75
157 20240702-16:58:21 14.4 43.4 90 75
158 20240702-16:58:34 14.4 43.4 45 75
159 20240702-16:58:48 14.4 43.4 0 75
160 20240702-16:58:57 14.4 43.4 315 75
161 20240702-16:59:06 14.4 43.4 270 75
162 20240702-16:59:25 14.4 43.4 225 75
163 20240702-16:59:36 14.4 43.4 180 75
164 20240702-16:59:50 13.25 43.4 180 75
165 20240702-16:59:50 13.25 43.4 180 75
166 20240702-17:00:04 13.25 43.4 135 75
167 20240702-17:00:12 13.25 43.4 90 75
168 20240702-17:00:23 13.25 43.4 45 75
169 20240702-17:00:34 13.25 43.4 0 75
170 20240702-17:00:46 13.25 43.4 315 75
171 20240702-17:00:54 13.25 43.4 270 75
172 20240702-17:01:05 13.25 43.4 225 75
173 20240702-17:01:12 13.25 43.4 180 75
174 20240702-17:01:37 12.25 43.45 180 76
175 20240702-17:01:37 12.25 43.45 180 76
176 20240702-17:01:52 12.25 43.45 135 76
177 20240702-17:02:04 12.25 43.45 90 76
178 20240702-17:02:14 12.25 43.45 45 76
179 20240702-17:02:22 12.25 43.45 0 76
180 20240702-17:02:31 12.25 43.45 315 76
181 20240702-17:02:47 12.25 43.45 270 76
182 20240702-17:02:57 12.25 43.45 225 76
183 20240702-17:03:08 12.25 43.45 180 76
184 20240702-17:03:36 11.25 43.4 180 76
185 20240702-17:03:36 11.25 43.4 180 76
186 20240702-17:03:47 11.25 43.4 135 76
187 20240702-17:03:57 11.25 43.4 90 76
188 20240702-17:04:10 11.25 43.4 45 76
189 20240702-17:04:20 11.25 43.4 0 76
190 20240702-17:04:32 11.25 43.4 315 76
191 20240702-17:04:43 11.25 43.4 270 76
192 20240702-17:04:53 11.25 43.4 225 76
193 20240702-17:05:05 11.25 43.4 180 76
194 20240702-17:05:11 11.25 43.4 180 76
195 20240702-17:05:24 10.25 43.4 180 77
196 20240702-17:05:24 10.25 43.4 180 77
197 20240702-17:05:36 10.25 43.4 135 77
198 20240702-17:05:52 10.25 43.4 90 77
199 20240702-17:05:58 10.25 43.4 45 77
200 20240702-17:06:16 10.25 43.4 0 77
201 20240702-17:06:23 10.25 43.4 315 77
202 20240702-17:06:38 10.25 43.4 270 77
203 20240702-17:06:53 10.25 43.4 225 77
204 20240702-17:07:04 10.25 43.4 180 77
205 20240702-17:07:26 9.45 43.4 180 77
206 20240702-17:07:26 9.45 43.4 180 77
207 20240702-17:07:36 9.45 43.4 135 77
208 20240702-17:07:48 9.45 43.4 90 77
209 20240702-17:08:01 9.45 43.4 45 77
210 20240702-17:08:12 9.45 43.4 0 77
211 20240702-17:08:19 9.45 43.4 0 77
212 20240702-17:08:24 9.45 43.4 315 77
213 20240702-17:08:34 9.45 43.4 270 77
214 20240702-17:08:46 9.45 43.4 225 77
215 20240702-17:09:02 9.45 43.4 180 77
216 20240702-17:09:02 9.45 43.4 180 77
