1 20220804-10:29:57 31.1 91.0 90 159
2 20220804-10:30:21 31.0 92.5 90 159
3 20220804-10:30:21 31.0 92.5 90 159
4 20220804-10:30:22 31.0 92.5 90 159
5 20220804-10:30:39 31.0 92.5 135 159
6 20220804-10:30:53 31.0 92.5 180 159
7 20220804-10:31:01 31.0 92.5 225 159
8 20220804-10:31:11 31.0 92.5 270 159
9 20220804-10:31:21 31.0 92.5 315 159
10 20220804-10:31:28 31.0 92.5 0 159
11 20220804-10:31:38 31.0 92.5 45 159
12 20220804-10:31:54 31.0 92.5 90 159
13 20220804-10:32:26 31.0 93.0 90 160
14 20220804-10:32:42 31.0 92.9 45 159
15 20220804-10:32:55 31.0 92.9 0 159
16 20220804-10:33:03 31.0 92.9 315 159
17 20220804-10:33:15 31.0 92.9 270 159
18 20220804-10:33:25 31.0 92.9 225 159
19 20220804-10:33:35 31.0 92.9 180 159
20 20220804-10:33:47 31.0 92.9 135 159
21 20220804-10:33:52 31.0 92.9 90 159
22 20220804-10:34:19 31.0 93.6 90 160
23 20220804-10:34:45 31.0 93.6 45 160
24 20220804-10:34:56 31.0 93.6 0 160
25 20220804-10:35:05 31.0 93.6 315 160
26 20220804-10:35:16 31.0 93.6 270 160
27 20220804-10:35:27 31.0 93.6 225 160
28 20220804-10:35:35 31.0 93.6 180 160
29 20220804-10:35:46 31.0 93.6 135 160
30 20220804-10:35:59 31.0 93.6 90 160
31 20220804-10:36:20 31.0 94.4 90 160
32 20220804-10:36:28 31.0 94.4 90 160
33 20220804-10:36:40 31.0 94.4 135 160
34 20220804-10:36:49 31.0 94.4 180 160
35 20220804-10:37:00 31.0 94.4 225 160
36 20220804-10:37:10 31.0 94.4 270 160
37 20220804-10:37:21 31.0 94.4 315 160
38 20220804-10:37:34 31.0 94.4 0 160
39 20220804-10:37:41 31.0 94.4 45 160
40 20220804-10:37:57 31.0 94.4 90 160
41 20220804-10:38:25 31.0 95.4 90 161
42 20220804-10:38:48 31.0 95.4 45 161
43 20220804-10:38:58 31.0 95.4 0 161
44 20220804-10:39:10 31.0 95.4 0 161
45 20220804-10:39:25 31.0 95.4 315 161
46 20220804-10:39:36 31.0 95.4 270 161
47 20220804-10:39:45 31.0 95.4 225 161
48 20220804-10:39:55 31.0 95.4 180 161
49 20220804-10:40:08 31.0 95.4 135 161
50 20220804-10:40:16 31.0 95.4 90 161
51 20220804-10:40:56 31.0 96.5 90 161
52 20220804-10:41:19 31.1 96.5 135 161
53 20220804-10:41:27 31.1 96.5 180 161
54 20220804-10:41:36 31.1 96.5 225 161
55 20220804-10:41:50 31.1 96.5 270 161
56 20220804-10:41:58 31.1 96.5 315 161
57 20220804-10:42:07 31.1 96.5 0 161
58 20220804-10:42:16 31.1 96.5 45 161
59 20220804-10:42:28 31.1 96.5 90 161
60 20220804-10:43:39 31.1 97.3 90 162
61 20220804-10:43:46 31.1 97.3 90 162
62 20220804-10:43:46 31.1 97.3 90 162
63 20220804-10:43:58 31.1 97.3 45 162
64 20220804-10:44:08 31.1 97.3 0 162
65 20220804-10:44:19 31.1 97.3 315 162
66 20220804-10:44:29 31.1 97.3 270 162
67 20220804-10:44:39 31.1 97.3 225 162
68 20220804-10:44:48 31.1 97.3 180 162
69 20220804-10:45:00 31.1 97.3 135 162
70 20220804-10:45:05 31.1 97.3 90 162
71 20220804-10:45:40 31.1 98.5 90 162
72 20220804-10:46:08 31.1 98.6 135 162
73 20220804-10:46:17 31.1 98.6 180 162
74 20220804-10:46:29 31.1 98.6 225 162
75 20220804-10:46:38 31.1 98.6 270 162
76 20220804-10:46:48 31.1 98.6 315 162
77 20220804-10:46:59 31.1 98.6 0 162
78 20220804-10:47:08 31.1 98.6 45 162
79 20220804-10:47:22 31.1 98.6 90 162
80 20220804-10:47:45 31.1 99.6 90 163
81 20220804-10:48:03 31.1 99.5 45 163
82 20220804-10:48:14 31.1 99.5 0 163
83 20220804-10:48:24 31.1 99.5 315 163
84 20220804-10:48:35 31.1 99.5 270 163
85 20220804-10:48:44 31.1 99.5 225 163
86 20220804-10:48:45 31.1 99.5 225 163
87 20220804-10:48:54 31.1 99.5 180 163
88 20220804-10:49:05 31.1 99.5 135 163
89 20220804-10:49:16 31.1 99.5 90 163
90 20220804-10:49:22 31.1 99.5 90 163
91 20220804-10:52:39 31.1 100.5 90 163
92 20220804-10:52:39 31.1 100.5 90 163
93 20220804-10:52:42 31.1 100.5 90 163
94 20220804-10:52:53 31.1 100.5 45 163
95 20220804-10:53:04 31.1 100.5 0 163
96 20220804-10:53:07 31.1 100.5 0 163
97 20220804-10:53:14 31.1 100.5 315 163
98 20220804-10:53:24 31.1 100.5 270 163
99 20220804-10:53:34 31.1 100.5 225 163
100 20220804-10:53:42 31.1 100.5 180 163
101 20220804-10:53:52 31.1 100.5 135 163
102 20220804-10:54:00 31.1 100.5 90 163
103 20220804-10:54:29 31.1 101.4 90 164
104 20220804-10:54:29 31.1 101.4 90 164
105 20220804-10:54:39 31.1 101.4 90 164
106 20220804-10:54:52 31.1 101.4 135 164
107 20220804-10:55:01 31.1 101.4 180 164
108 20220804-10:55:15 31.1 101.4 225 164
109 20220804-10:55:24 31.1 101.4 270 164
110 20220804-10:55:35 31.1 101.4 315 164
111 20220804-10:55:47 31.1 101.4 0 164
112 20220804-10:55:54 31.1 101.4 45 164
113 20220804-10:56:07 31.1 101.4 90 164
114 20220804-10:56:55 31.1 102.0 90 164
115 20220804-10:56:59 31.1 102.1 90 164
116 20220804-10:57:09 31.1 102.1 90 164
117 20220804-10:57:15 31.1 102.1 45 164
118 20220804-10:57:25 31.1 102.1 0 164
119 20220804-10:57:35 31.1 102.1 315 164
120 20220804-10:57:42 31.1 102.1 270 164
121 20220804-10:57:51 31.1 102.1 225 164
122 20220804-10:58:02 31.1 102.1 180 164
123 20220804-10:58:13 31.1 102.1 135 164
124 20220804-10:58:22 31.1 102.1 90 164
125 20220804-10:58:52 31.1 103.4 90 165
126 20220804-10:59:14 31.1 103.4 45 165
127 20220804-10:59:26 31.1 103.4 0 165
128 20220804-10:59:38 31.1 103.4 315 165
129 20220804-10:59:45 31.1 103.4 270 165
130 20220804-10:59:57 31.1 103.4 225 165
131 20220804-11:00:06 31.1 103.4 180 165
132 20220804-11:00:18 31.1 103.4 135 165
133 20220804-11:00:27 31.1 103.4 90 165
134 20220804-11:00:33 31.1 103.4 90 165
135 20220804-11:00:58 31.1 104.5 90 165
136 20220804-11:00:58 31.1 104.5 90 165
137 20220804-11:01:27 31.1 104.5 135 165
138 20220804-11:01:37 31.1 104.5 180 165
139 20220804-11:01:39 31.1 104.5 180 165
140 20220804-11:01:48 31.1 104.5 225 165
141 20220804-11:01:55 31.1 104.5 270 165
142 20220804-11:02:03 31.1 104.5 315 165
143 20220804-11:02:18 31.1 104.5 0 165
144 20220804-11:02:24 31.1 104.5 45 165
145 20220804-11:02:39 31.1 104.5 90 165
146 20220804-11:02:58 31.1 105.4 90 165
147 20220804-11:03:08 31.1 105.4 90 165
148 20220804-11:03:15 31.1 105.4 45 165
149 20220804-11:03:24 31.1 105.4 0 165
150 20220804-11:03:35 31.1 105.4 315 165
151 20220804-11:03:45 31.1 105.4 270 165
152 20220804-11:03:54 31.1 105.4 225 165
153 20220804-11:04:07 31.1 105.4 180 165
154 20220804-11:04:14 31.1 105.4 135 165
155 20220804-11:04:23 31.1 105.4 90 165
156 20220804-11:04:28 31.1 105.4 90 165
157 20220804-11:06:50 31.1 106.8 90 166
158 20220804-11:07:17 31.1 106.8 135 166
159 20220804-11:07:25 31.1 106.8 180 166
160 20220804-11:07:36 31.1 106.8 225 166
161 20220804-11:07:46 31.1 106.8 270 166
162 20220804-11:07:57 31.1 106.8 315 166
163 20220804-11:08:06 31.1 106.8 0 166
164 20220804-11:08:17 31.1 106.8 45 166
165 20220804-11:08:31 31.1 106.8 90 166
