1 20220805-11:23:19 8.6 58.3 180 129
2 20220805-11:23:27 8.6 57.8 180 129
3 20220805-11:23:45 8.6 57.9 180 129
4 20220805-11:24:17 8.6 57.9 180 129
5 20220805-11:24:20 8.6 57.9 135 129
6 20220805-11:24:27 8.6 57.9 135 129
7 20220805-11:24:37 8.6 57.9 90 129
8 20220805-11:24:50 8.6 57.9 45 129
9 20220805-11:24:53 8.6 57.9 45 129
10 20220805-11:25:02 8.6 57.9 0 129
11 20220805-11:25:14 8.6 57.9 315 129
12 20220805-11:25:27 8.6 57.9 270 129
13 20220805-11:25:39 8.6 57.9 225 129
14 20220805-11:25:53 8.6 57.9 180 129
15 20220805-11:26:17 7.5 57.9 180 129
16 20220805-11:26:18 7.5 57.9 180 129
17 20220805-11:26:27 7.5 57.9 180 129
18 20220805-11:26:33 7.5 57.9 135 129
19 20220805-11:26:45 7.5 57.9 90 129
20 20220805-11:26:58 7.5 57.9 45 129
21 20220805-11:27:09 7.5 57.9 0 129
22 20220805-11:27:21 7.5 57.9 315 129
23 20220805-11:27:32 7.5 57.9 270 129
24 20220805-11:27:44 7.5 57.9 225 129
25 20220805-11:27:56 7.5 57.9 180 129
26 20220805-11:28:28 6.6 57.9 180 128
27 20220805-11:28:38 6.6 57.9 180 128
28 20220805-11:28:43 6.6 57.9 225 128
29 20220805-11:28:45 6.6 57.9 225 128
30 20220805-11:28:57 6.6 57.9 270 128
31 20220805-11:29:08 6.6 57.9 315 128
32 20220805-11:29:25 6.6 57.9 0 128
33 20220805-11:29:32 6.6 57.9 45 128
34 20220805-11:29:51 6.6 57.9 90 128
35 20220805-11:29:57 6.6 57.9 135 128
36 20220805-11:30:08 6.6 57.9 180 128
37 20220805-11:30:16 6.6 57.9 180 128
38 20220805-11:30:32 6.3 57.9 180 128
39 20220805-11:30:46 6.3 57.9 180 128
40 20220805-11:30:53 6.3 57.9 135 128
41 20220805-11:30:55 6.3 57.9 135 128
42 20220805-11:31:05 6.3 57.9 90 128
43 20220805-11:31:32 6.3 57.9 45 128
44 20220805-11:31:46 6.3 57.9 0 128
45 20220805-11:31:49 6.3 57.9 0 128
46 20220805-11:31:56 6.3 57.9 315 128
47 20220805-11:32:10 6.3 57.9 270 128
48 20220805-11:32:23 6.3 57.9 225 128
49 20220805-11:32:33 6.3 57.9 180 128
50 20220805-11:32:37 6.3 57.9 180 128
51 20220805-11:32:47 6.3 57.9 135 128
52 20220805-11:32:59 6.3 57.9 90 128
53 20220805-11:33:13 6.3 57.9 90 128
54 20220805-11:33:37 6.4 58.4 90 128
55 20220805-11:34:10 6.4 58.4 45 128
56 20220805-11:34:22 6.4 58.4 90 128
57 20220805-11:34:34 6.4 58.4 45 128
58 20220805-11:34:49 6.4 58.4 270 128
59 20220805-11:35:04 6.4 58.4 225 128
60 20220805-11:35:10 6.4 58.4 180 128
61 20220805-11:35:23 6.4 58.4 135 128
62 20220805-11:35:34 6.4 58.4 90 128
63 20220805-11:36:12 6.2 59.5 90 200
64 20220805-11:36:12 6.2 59.5 90 200
65 20220805-11:36:32 6.2 59.5 90 200
66 20220805-11:36:39 6.2 59.5 135 200
67 20220805-11:36:54 6.2 59.5 180 200
68 20220805-11:37:04 6.2 59.5 225 200
69 20220805-11:37:15 6.2 59.5 270 200
70 20220805-11:37:29 6.2 59.5 315 200
71 20220805-11:37:40 6.2 59.5 0 200
72 20220805-11:37:49 6.2 59.5 0 200
73 20220805-11:37:54 6.2 59.5 45 200
74 20220805-11:38:13 6.2 59.5 90 200
75 20220805-11:38:42 6.2 60.5 90 200
76 20220805-11:38:42 6.2 60.5 90 200
77 20220805-11:38:56 6.2 60.5 90 200
78 20220805-11:39:02 6.2 60.5 45 200
79 20220805-11:39:12 6.2 60.5 0 200
80 20220805-11:39:25 6.2 60.5 315 200
81 20220805-11:39:37 6.2 60.5 270 200
82 20220805-11:39:49 6.2 60.5 225 200
83 20220805-11:40:00 6.2 60.5 180 200
84 20220805-11:40:10 6.2 60.5 180 200
85 20220805-11:40:12 6.2 60.5 135 200
86 20220805-11:40:22 6.2 60.5 90 200
87 20220805-11:40:36 6.2 60.5 90 200
