1 20220808-15:18:21 31.0 11.5 270 51
2 20220808-15:18:22 31.0 11.5 270 51
3 20220808-15:19:03 31.0 10.6 270 50
4 20220808-15:19:37 31.0 10.6 270 50
5 20220808-15:19:50 31.0 10.6 225 50
6 20220808-15:19:59 31.0 10.6 180 50
7 20220808-15:20:10 31.0 10.6 135 50
8 20220808-15:20:21 31.0 10.6 90 50
9 20220808-15:20:22 31.0 10.6 90 50
10 20220808-15:20:29 31.0 10.6 45 50
11 20220808-15:20:43 31.0 10.6 0 50
12 20220808-15:20:49 31.0 10.6 0 50
13 20220808-15:21:02 31.0 10.6 315 50
14 20220808-15:21:04 31.0 10.6 315 50
15 20220808-15:21:12 31.0 10.6 270 50
16 20220808-15:21:15 31.0 10.6 270 50
17 20220808-15:21:40 31.0 9.5 270 50
18 20220808-15:21:44 31.0 9.5 270 50
19 20220808-15:21:44 31.0 9.5 270 50
20 20220808-15:21:54 31.0 9.5 315 50
21 20220808-15:22:04 31.0 9.5 0 50
22 20220808-15:22:14 31.0 9.5 45 50
23 20220808-15:22:15 31.0 9.5 45 50
24 20220808-15:22:26 31.0 9.5 90 50
25 20220808-15:22:28 31.0 9.5 90 50
26 20220808-15:22:34 31.0 9.5 135 50
27 20220808-15:22:47 31.0 9.5 180 50
28 20220808-15:22:48 31.0 9.5 180 50
29 20220808-15:22:53 31.0 9.5 225 50
30 20220808-15:22:53 31.0 9.5 225 50
31 20220808-15:23:08 31.0 9.5 270 50
32 20220808-15:23:09 31.0 9.5 270 50
33 20220808-15:23:40 31.0 8.5 270 49
34 20220808-15:23:53 31.0 8.5 270 49
35 20220808-15:23:53 31.0 8.5 270 49
36 20220808-15:24:04 31.0 8.5 225 49
37 20220808-15:24:15 31.0 8.5 180 49
38 20220808-15:24:24 31.0 8.5 135 49
39 20220808-15:24:25 31.0 8.5 135 49
40 20220808-15:24:33 31.0 8.5 90 49
41 20220808-15:24:43 31.0 8.5 45 49
42 20220808-15:24:44 31.0 8.5 45 49
43 20220808-15:24:56 31.0 8.5 0 49
44 20220808-15:24:57 31.0 8.5 0 49
45 20220808-15:25:03 31.0 8.5 315 49
46 20220808-15:25:12 31.0 8.5 270 49
47 20220808-15:25:35 31.0 7.7 270 49
48 20220808-15:25:48 31.0 7.7 315 49
49 20220808-15:25:49 31.0 7.7 315 49
50 20220808-15:25:58 31.0 7.7 0 49
51 20220808-15:25:59 31.0 7.7 0 49
52 20220808-15:26:09 31.0 7.7 45 49
53 20220808-15:26:10 31.0 7.7 45 49
54 20220808-15:26:18 31.0 7.7 90 49
55 20220808-15:26:20 31.0 7.7 90 49
56 20220808-15:26:30 31.0 7.7 135 49
57 20220808-15:26:30 31.0 7.7 135 49
58 20220808-15:26:36 31.0 7.7 180 49
59 20220808-15:26:38 31.0 7.7 180 49
60 20220808-15:26:45 31.0 7.7 225 49
61 20220808-15:26:55 31.0 7.7 225 49
62 20220808-15:27:01 31.0 7.7 270 49
63 20220808-15:27:02 31.0 7.7 270 49
64 20220808-15:27:20 31.0 6.8 270 48
65 20220808-15:27:23 31.0 6.8 270 48
66 20220808-15:27:36 31.0 6.8 225 48
67 20220808-15:27:37 31.0 6.8 225 48
68 20220808-15:27:51 31.0 6.8 180 48
69 20220808-15:27:58 31.0 6.8 135 48
70 20220808-15:28:08 31.0 6.8 90 48
71 20220808-15:28:09 31.0 6.8 90 48
72 20220808-15:28:16 31.0 6.8 45 48
73 20220808-15:28:25 31.0 6.8 0 48
74 20220808-15:28:36 31.0 6.8 315 48
75 20220808-15:28:45 31.0 6.8 270 48
76 20220808-15:28:53 31.0 6.8 270 48
77 20220808-15:29:16 31.0 6.4 270 48
78 20220808-15:29:16 31.0 6.4 270 48
79 20220808-15:29:28 31.0 6.4 315 48
80 20220808-15:29:37 31.0 6.4 0 48
81 20220808-15:29:44 31.0 6.4 0 48
82 20220808-15:29:55 31.0 6.4 45 48
83 20220808-15:30:05 31.0 6.4 90 48
84 20220808-15:30:29 31.0 6.4 180 48
85 20220808-15:30:38 31.0 6.4 225 48
86 20220808-15:30:40 31.0 6.4 225 48
87 20220808-15:30:49 31.0 6.4 270 48
88 20220808-15:31:03 31.0 6.4 270 48
89 20220808-15:31:09 31.0 6.4 225 48
90 20220808-15:31:19 31.0 6.4 180 48
91 20220808-15:31:22 31.0 6.4 180 48
92 20220808-15:32:00 29.6 6.4 180 47
93 20220808-15:32:06 29.6 6.4 180 47
94 20220808-15:32:20 29.6 6.4 135 47
95 20220808-15:32:32 29.6 6.4 90 47
96 20220808-15:32:40 29.6 6.4 45 47
97 20220808-15:32:47 29.6 6.4 0 47
98 20220808-15:32:58 29.6 6.4 315 47
99 20220808-15:33:09 29.6 6.4 270 47
100 20220808-15:33:18 29.6 6.4 225 47
101 20220808-15:33:29 29.6 6.4 180 47
102 20220808-15:34:01 29.6 6.4 180 47
103 20220808-15:34:21 28.5 6.4 180 47
104 20220808-15:34:27 28.5 6.4 180 47
105 20220808-15:34:39 28.5 6.4 225 47
106 20220808-15:34:48 28.5 6.4 270 47
107 20220808-15:34:58 28.5 6.4 315 47
108 20220808-15:35:14 28.5 6.4 0 47
109 20220808-15:35:20 28.5 6.4 45 47
110 20220808-15:35:34 28.5 6.4 90 47
111 20220808-15:35:42 28.5 6.4 135 47
112 20220808-15:35:57 28.5 6.4 180 47
113 20220808-15:36:08 28.5 6.4 180 47
114 20220808-15:36:26 27.5 6.4 180 47
115 20220808-15:36:42 27.5 6.4 180 47
116 20220808-15:37:00 27.5 6.4 180 47
117 20220808-15:37:12 27.5 6.4 135 47
118 20220808-15:37:16 27.5 6.4 90 47
119 20220808-15:37:28 27.5 6.4 45 47
120 20220808-15:37:37 27.5 6.4 0 47
121 20220808-15:37:49 27.5 6.4 315 47
122 20220808-15:37:57 27.5 6.4 270 47
123 20220808-15:38:07 27.5 6.4 225 47
124 20220808-15:38:18 27.5 6.4 180 47
125 20220808-15:38:37 26.5 6.4 180 46
126 20220808-15:39:02 26.5 6.4 225 46
127 20220808-15:39:03 26.5 6.4 225 46
128 20220808-15:39:14 26.5 6.4 270 46
129 20220808-15:39:22 26.5 6.4 315 46
130 20220808-15:39:23 26.5 6.4 315 46
131 20220808-15:39:32 26.5 6.4 0 46
132 20220808-15:39:40 26.5 6.4 45 46
133 20220808-15:39:40 26.5 6.4 45 46
134 20220808-15:39:53 26.5 6.4 90 46
135 20220808-15:40:01 26.5 6.4 135 46
136 20220808-15:40:15 26.5 6.4 180 46
137 20220808-15:40:16 26.5 6.4 180 46
138 20220808-15:40:25 26.5 6.4 180 46
139 20220808-15:40:41 25.5 6.4 180 46
140 20220808-15:40:55 25.5 6.4 135 46
141 20220808-15:41:04 25.5 6.4 90 46
142 20220808-15:41:16 25.5 6.4 45 46
143 20220808-15:41:29 25.5 6.4 0 46
144 20220808-15:41:36 25.5 6.4 315 46
145 20220808-15:41:47 25.5 6.4 270 46
146 20220808-15:41:50 25.5 6.4 270 46
147 20220808-15:41:58 25.5 6.4 225 46
148 20220808-15:42:10 25.5 6.4 180 46
149 20220808-15:42:55 24.5 6.4 180 45
150 20220808-15:43:18 24.5 6.4 135 45
151 20220808-15:43:22 24.5 6.4 90 45
152 20220808-15:43:34 24.5 6.4 45 45
153 20220808-15:43:42 24.5 6.4 0 45
154 20220808-15:43:52 24.5 6.4 315 45
155 20220808-15:44:02 24.5 6.4 270 45
156 20220808-15:44:03 24.5 6.4 270 45
157 20220808-15:44:14 24.5 6.4 225 45
158 20220808-15:44:19 24.5 6.4 180 45
159 20220808-15:44:25 24.5 6.4 180 45
160 20220808-15:44:42 23.5 6.4 180 45
161 20220808-15:44:59 23.5 6.4 225 45
162 20220808-15:45:09 23.5 6.4 180 45
163 20220808-15:45:19 23.5 6.4 135 45
164 20220808-15:45:20 23.5 6.4 135 45
165 20220808-15:45:22 23.5 6.4 135 45
166 20220808-15:45:30 23.5 6.4 90 45
167 20220808-15:45:31 23.5 6.4 90 45
168 20220808-15:45:35 23.5 6.4 0 45
169 20220808-15:45:45 23.5 6.4 45 45
170 20220808-15:45:51 23.5 6.4 90 45
171 20220808-15:46:00 23.5 6.4 135 45
172 20220808-15:46:01 23.5 6.4 135 45
173 20220808-15:46:10 23.5 6.4 180 45
174 20220808-15:46:22 23.5 6.4 180 45
175 20220808-15:46:38 22.6 6.4 180 44
176 20220808-15:46:53 22.6 6.4 135 44
177 20220808-15:47:04 22.6 6.4 90 44
178 20220808-15:47:15 22.6 6.4 45 44
179 20220808-15:47:24 22.6 6.4 0 44
180 20220808-15:47:33 22.6 6.4 315 44
181 20220808-15:47:42 22.6 6.4 315 44
182 20220808-15:47:49 22.6 6.4 270 44
183 20220808-15:47:57 22.6 6.4 225 44
184 20220808-15:48:09 22.6 6.4 180 44
185 20220808-15:48:29 21.6 6.4 180 44
186 20220808-15:48:30 21.6 6.4 180 44
187 20220808-15:48:44 21.6 6.4 225 44
188 20220808-15:48:56 21.6 6.4 270 44
189 20220808-15:49:03 21.6 6.4 315 44
190 20220808-15:49:04 21.6 6.4 315 44
191 20220808-15:49:19 21.6 6.4 0 44
192 20220808-15:49:24 21.6 6.4 45 44
193 20220808-15:49:37 21.6 6.4 90 44
194 20220808-15:49:40 21.6 6.4 90 44
195 20220808-15:49:44 21.6 6.4 135 44
196 20220808-15:49:46 21.6 6.4 135 44
197 20220808-15:50:00 21.6 6.4 180 44
198 20220808-15:50:00 21.6 6.4 180 44
199 20220808-15:50:16 21.6 6.4 180 44
200 20220808-15:50:38 20.5 6.4 180 26
201 20220808-15:50:41 20.5 6.4 180 26
202 20220808-15:50:56 20.4 6.4 180 26
203 20220808-15:51:04 20.4 6.4 135 26
204 20220808-15:51:05 20.4 6.4 135 26
205 20220808-15:51:12 20.4 6.4 90 26
206 20220808-15:51:13 20.4 6.4 90 26
207 20220808-15:51:27 20.4 6.4 45 26
208 20220808-15:51:31 20.4 6.4 0 26
209 20220808-15:51:41 20.4 6.4 315 26
210 20220808-15:51:51 20.4 6.4 270 26
211 20220808-15:52:02 20.4 6.4 225 26
212 20220808-15:52:03 20.4 6.4 225 26
213 20220808-15:52:15 20.4 6.4 180 26
214 20220808-15:52:30 19.9 6.4 180 26
215 20220808-15:52:48 19.9 6.4 225 26
216 20220808-15:53:00 19.9 6.4 270 26
217 20220808-15:53:10 19.9 6.4 315 26
218 20220808-15:53:24 19.9 6.4 0 26
219 20220808-15:53:31 19.9 6.4 90 26
220 20220808-15:53:40 19.9 6.4 90 26
221 20220808-15:53:44 19.9 6.4 45 26
222 20220808-15:53:45 19.9 6.4 90 26
223 20220808-15:53:47 19.9 6.4 90 26
224 20220808-15:53:51 19.9 6.4 135 26
225 20220808-15:53:52 19.9 6.4 135 26
226 20220808-15:54:08 19.9 6.4 180 26
227 20220808-15:54:47 19.9 6.4 180 26
