1 20220802-10:42:55 33.15 107.2 0 230
2 20220802-10:43:38 33.15 107.2 45 230
3 20220802-10:43:48 33.15 107.2 90 230
4 20220802-10:44:01 33.15 107.2 135 230
5 20220802-10:44:09 33.15 107.2 180 230
6 20220802-10:44:21 33.15 107.2 225 230
7 20220802-10:44:31 33.15 107.2 270 230
8 20220802-10:44:43 33.15 107.2 315 230
9 20220802-10:44:51 33.15 107.2 0 230
10 20220802-10:45:32 34.15 107.2 0 231
11 20220802-10:45:32 34.15 107.2 0 231
12 20220802-10:45:52 34.15 107.2 315 231
13 20220802-10:46:03 34.15 107.2 270 231
14 20220802-10:46:14 34.15 107.2 225 231
15 20220802-10:46:20 34.15 107.2 180 231
16 20220802-10:46:34 34.15 107.2 135 231
17 20220802-10:46:41 34.15 107.2 90 231
18 20220802-10:46:53 34.15 107.2 45 231
19 20220802-10:47:04 34.15 107.2 0 231
20 20220802-10:47:17 34.15 107.2 0 231
21 20220802-10:47:49 35.25 107.2 0 231
22 20220802-10:48:05 35.25 107.2 45 231
23 20220802-10:48:18 35.25 107.2 90 231
24 20220802-10:48:29 35.25 107.2 135 231
25 20220802-10:48:39 35.25 107.2 180 231
26 20220802-10:48:50 35.25 107.2 225 231
27 20220802-10:49:01 35.25 107.2 270 231
28 20220802-10:49:13 35.25 107.2 315 231
29 20220802-10:49:27 35.25 107.2 0 231
30 20220802-10:49:31 35.25 107.2 0 231
31 20220802-10:50:15 36.35 107.2 0 232
32 20220802-10:50:33 36.35 107.2 45 232
33 20220802-10:50:44 36.35 107.2 90 232
34 20220802-10:50:54 36.35 107.2 135 232
35 20220802-10:51:01 36.35 107.2 180 232
36 20220802-10:51:02 36.35 107.2 180 232
37 20220802-10:51:12 36.35 107.2 225 232
38 20220802-10:51:23 36.35 107.2 270 232
39 20220802-10:51:34 36.35 107.2 315 232
40 20220802-10:51:43 36.35 107.2 0 232
41 20220802-10:51:49 36.35 107.2 0 232
42 20220802-10:52:21 37.35 107.2 0 232
43 20220802-10:52:23 37.35 107.2 0 232
44 20220802-10:52:38 37.35 107.2 315 232
45 20220802-10:52:43 37.35 107.2 270 232
46 20220802-10:52:45 37.35 107.2 270 232
47 20220802-10:52:53 37.35 107.2 225 232
48 20220802-10:53:04 37.35 107.2 180 232
49 20220802-10:53:13 37.35 107.2 135 232
50 20220802-10:53:27 37.35 107.2 90 232
51 20220802-10:53:33 37.35 107.2 45 232
52 20220802-10:53:49 37.35 107.2 0 232
53 20220802-10:54:26 38.45 107.2 0 233
54 20220802-10:54:27 38.45 107.2 0 233
55 20220802-10:54:40 38.45 107.2 45 233
56 20220802-10:54:46 38.45 107.2 90 233
57 20220802-10:54:57 38.45 107.2 135 233
58 20220802-10:55:11 38.45 107.2 180 233
59 20220802-10:55:17 38.45 107.2 225 233
60 20220802-10:55:29 38.45 107.2 270 233
61 20220802-10:55:33 38.45 107.2 270 233
62 20220802-10:55:38 38.45 107.2 315 233
63 20220802-10:55:39 38.45 107.2 315 233
64 20220802-10:55:49 38.45 107.2 0 233
65 20220802-10:55:54 38.45 107.2 0 233
66 20220802-10:56:19 39.45 107.2 0 233
67 20220802-10:56:29 39.45 107.2 315 233
68 20220802-10:56:42 39.45 107.2 270 233
69 20220802-10:56:53 39.45 107.2 225 233
70 20220802-10:57:04 39.45 107.2 180 233
71 20220802-10:57:14 39.45 107.2 135 233
72 20220802-10:57:24 39.45 107.2 90 233
73 20220802-10:57:25 39.45 107.2 90 233
74 20220802-10:57:34 39.45 107.2 45 233
75 20220802-10:57:45 39.45 107.2 0 233
76 20220802-10:57:58 39.45 107.2 0 233
77 20220802-10:58:33 37.35 107.0 0 232
78 20220802-10:58:38 38.55 107.0 0 233
79 20220802-10:58:58 39.45 107.0 0 233
80 20220802-10:59:27 39.55 107.0 0 233
81 20220802-10:59:58 40.45 107.0 0 234
82 20220802-11:00:09 40.45 107.0 45 234
83 20220802-11:00:12 40.45 107.0 45 234
84 20220802-11:00:21 40.45 107.0 90 234
85 20220802-11:00:32 40.45 107.0 135 234
86 20220802-11:00:33 40.45 107.0 135 234
87 20220802-11:00:45 40.45 107.0 180 234
88 20220802-11:00:53 40.45 107.0 225 234
89 20220802-11:00:55 40.45 107.0 225 234
90 20220802-11:01:03 40.45 107.0 270 234
91 20220802-11:01:13 40.45 107.0 315 234
92 20220802-11:01:15 40.45 107.0 315 234
93 20220802-11:01:24 40.45 107.0 315 234
94 20220802-11:01:31 40.45 107.0 0 234
95 20220802-11:02:19 41.45 107.0 0 234
96 20220802-11:02:24 41.45 107.0 45 234
97 20220802-11:02:28 41.45 107.0 45 234
98 20220802-11:02:28 41.45 107.0 45 234
99 20220802-11:02:38 41.45 107.0 90 234
100 20220802-11:02:49 41.45 107.0 135 234
101 20220802-11:02:56 41.45 107.0 180 234
102 20220802-11:03:05 41.45 107.0 225 234
103 20220802-11:03:19 41.45 107.0 270 234
104 20220802-11:03:29 41.45 107.0 315 234
105 20220802-11:03:42 41.45 107.0 0 234
106 20220802-11:03:45 41.45 107.0 0 234
107 20220802-11:04:13 42.35 107.0 0 235
108 20220802-11:04:35 42.35 106.9 315 235
109 20220802-11:04:46 42.35 106.9 270 235
110 20220802-11:04:58 42.35 106.9 225 235
111 20220802-11:05:10 42.35 106.9 180 235
112 20220802-11:05:14 42.35 106.9 180 235
113 20220802-11:05:18 42.35 106.9 135 235
114 20220802-11:05:21 42.35 106.9 135 235
115 20220802-11:05:26 42.35 106.9 90 235
116 20220802-11:05:28 42.35 106.9 90 235
117 20220802-11:05:31 42.35 106.9 90 235
118 20220802-11:05:44 42.35 106.9 45 235
119 20220802-11:05:47 42.35 106.9 45 235
120 20220802-11:05:55 42.35 106.9 0 235
121 20220802-11:05:57 42.35 106.9 0 235
122 20220802-11:06:24 43.35 106.9 0 235
123 20220802-11:06:36 43.35 106.9 315 235
124 20220802-11:06:51 43.35 106.9 270 235
125 20220802-11:07:01 43.35 106.9 225 235
126 20220802-11:07:10 43.35 106.9 180 235
127 20220802-11:07:20 43.35 106.9 135 235
128 20220802-11:07:22 43.35 106.9 135 235
129 20220802-11:07:32 43.35 106.9 90 235
130 20220802-11:07:42 43.35 106.9 45 235
131 20220802-11:07:52 43.35 106.9 0 235
132 20220802-11:08:08 43.35 106.9 0 235
133 20220802-11:08:09 43.35 106.9 0 235
134 20220802-11:08:21 43.55 106.9 0 235
135 20220802-11:08:30 43.55 106.9 0 235
136 20220802-11:08:44 43.55 106.9 45 235
137 20220802-11:08:59 43.55 106.9 90 235
138 20220802-11:09:12 43.55 106.9 135 235
139 20220802-11:09:21 43.55 106.9 180 235
140 20220802-11:09:31 43.55 106.9 225 235
141 20220802-11:09:43 43.55 106.9 270 235
142 20220802-11:09:54 43.55 106.9 315 235
143 20220802-11:10:05 43.55 106.9 0 235
144 20220802-11:10:09 43.55 106.9 0 235
145 20220802-11:10:19 43.55 106.9 0 235
146 20220802-11:10:41 44.55 106.9 0 236
147 20220802-11:10:42 44.55 106.9 0 236
148 20220802-11:10:46 44.55 106.9 0 236
149 20220802-11:10:53 44.55 106.9 45 236
150 20220802-11:10:57 44.55 106.9 45 236
151 20220802-11:11:04 44.55 106.9 90 236
152 20220802-11:11:14 44.55 106.9 135 236
153 20220802-11:11:16 44.55 106.9 135 236
154 20220802-11:11:26 44.55 106.9 180 236
155 20220802-11:11:39 44.55 106.9 225 236
156 20220802-11:11:39 44.55 106.9 225 236
157 20220802-11:11:43 44.55 106.9 225 236
158 20220802-11:11:48 44.55 106.9 270 236
159 20220802-11:11:49 44.55 106.9 270 236
160 20220802-11:11:58 44.55 106.9 315 236
161 20220802-11:12:05 44.55 106.9 315 236
162 20220802-11:12:11 44.55 106.9 0 236
163 20220802-11:12:29 44.55 106.9 0 236
164 20220802-11:12:59 45.35 106.9 0 236
165 20220802-11:13:05 45.35 106.9 0 236
166 20220802-11:13:06 45.35 106.9 0 236
167 20220802-11:13:14 45.35 106.9 315 236
168 20220802-11:13:19 45.35 106.9 270 236
169 20220802-11:13:31 45.35 106.9 225 236
170 20220802-11:13:42 45.35 106.9 180 236
171 20220802-11:13:46 45.35 106.9 180 236
172 20220802-11:13:51 45.35 106.9 135 236
173 20220802-11:14:06 45.35 106.9 90 236
174 20220802-11:14:14 45.35 106.9 45 236
175 20220802-11:14:26 45.35 106.9 0 236
176 20220802-11:14:28 45.35 106.9 0 236
177 20220802-11:15:19 46.65 106.9 0 237
178 20220802-11:15:25 46.65 106.9 0 237
179 20220802-11:15:52 46.65 106.9 45 237
180 20220802-11:16:04 46.65 106.9 90 237
181 20220802-11:16:08 46.65 106.9 90 237
182 20220802-11:16:15 46.65 106.9 135 237
183 20220802-11:16:18 46.65 106.9 135 237
184 20220802-11:16:28 46.65 106.9 180 237
185 20220802-11:16:36 46.65 106.9 225 237
186 20220802-11:16:53 46.65 106.9 270 237
187 20220802-11:17:00 46.65 106.9 315 237
188 20220802-11:17:10 46.65 106.9 0 237
189 20220802-11:17:16 46.65 106.9 0 237
190 20220802-11:17:57 47.35 106.9 0 237
191 20220802-11:18:05 47.35 106.9 0 237
192 20220802-11:18:11 47.35 106.9 315 237
193 20220802-11:18:22 47.35 106.9 270 237
194 20220802-11:18:32 47.35 106.9 225 237
195 20220802-11:18:34 47.35 106.9 225 237
196 20220802-11:18:34 47.35 106.9 225 237
197 20220802-11:18:45 47.35 106.9 180 237
198 20220802-11:18:53 47.35 106.9 135 237
199 20220802-11:19:06 47.35 106.9 90 237
200 20220802-11:19:14 47.35 106.9 45 237
201 20220802-11:19:23 47.35 106.9 0 237
202 20220802-11:20:00 48.45 106.9 0 238
203 20220802-11:20:26 48.45 106.9 45 238
204 20220802-11:20:43 48.45 106.9 90 238
205 20220802-11:20:49 48.45 106.9 135 238
206 20220802-11:21:05 48.45 106.9 180 238
207 20220802-11:21:13 48.45 106.9 225 238
208 20220802-11:21:22 48.45 106.9 270 238
209 20220802-11:21:28 48.45 106.9 270 238
210 20220802-11:21:29 48.45 106.9 270 238
211 20220802-11:21:34 48.45 106.9 315 238
212 20220802-11:21:53 48.45 106.9 0 238
213 20220802-11:21:54 48.45 106.9 0 238
214 20220802-11:22:30 49.25 106.9 0 238
215 20220802-11:22:49 49.25 107.0 0 238
216 20220802-11:22:54 49.25 107.0 315 238
217 20220802-11:23:06 49.25 107.0 270 238
218 20220802-11:23:10 49.25 107.0 225 238
219 20220802-11:23:16 49.25 107.0 180 238
220 20220802-11:23:20 49.25 107.0 135 238
221 20220802-11:23:25 49.25 107.0 90 238
222 20220802-11:23:27 49.25 107.0 45 238
223 20220802-11:23:33 49.25 107.0 0 238
224 20220802-11:23:35 49.25 107.0 315 238
225 20220802-11:23:38 49.25 107.0 270 238
226 20220802-11:23:50 49.25 107.0 225 238
227 20220802-11:24:00 49.25 107.0 180 238
228 20220802-11:24:11 49.25 107.0 135 238
229 20220802-11:24:22 49.25 107.0 90 238
230 20220802-11:24:24 49.25 107.0 90 238
231 20220802-11:24:32 49.25 107.0 45 238
232 20220802-11:24:43 49.25 107.0 0 238
233 20220802-11:25:07 50.35 107.0 0 239
234 20220802-11:25:40 50.35 107.0 0 239
235 20220802-11:25:40 50.35 107.0 0 239
236 20220802-11:25:59 50.35 107.0 0 239
237 20220802-11:26:11 50.35 107.0 45 239
238 20220802-11:26:23 50.35 107.0 90 239
239 20220802-11:26:34 50.35 107.0 135 239
240 20220802-11:26:37 50.35 107.0 135 239
241 20220802-11:26:45 50.35 107.0 180 239
242 20220802-11:26:53 50.35 107.0 225 239
243 20220802-11:27:05 50.35 107.0 270 239
244 20220802-11:27:15 50.35 107.0 315 239
245 20220802-11:27:26 50.35 107.0 0 239
246 20220802-11:27:27 50.35 107.0 0 239
247 20220802-11:27:30 50.35 107.0 0 239
248 20220802-11:27:43 50.35 107.0 0 239
249 20220802-11:28:50 51.25 107.0 0 239
250 20220802-11:28:52 51.25 107.0 0 239
251 20220802-11:29:07 51.25 107.0 0 239
252 20220802-11:29:09 51.25 107.0 315 239
253 20220802-11:29:11 51.25 107.0 315 239
254 20220802-11:29:21 51.25 107.0 270 239
255 20220802-11:29:30 51.25 107.0 225 239
256 20220802-11:29:39 51.25 107.0 180 239
257 20220802-11:29:49 51.25 107.0 135 239
258 20220802-11:30:00 51.25 107.0 90 239
259 20220802-11:30:14 51.25 107.0 45 239
260 20220802-11:30:23 51.25 107.0 0 239
261 20220802-11:30:26 51.25 107.0 0 239
262 20220802-11:30:39 51.25 107.0 0 239
263 20220802-11:30:50 51.35 107.05 0 239
264 20220802-11:31:30 52.35 107.05 0 240
265 20220802-11:31:30 52.35 107.05 0 240
266 20220802-11:31:38 52.55 107.05 0 240
267 20220802-11:31:46 52.55 107.05 0 240
268 20220802-11:31:51 52.55 107.05 45 240
269 20220802-11:32:05 52.55 107.05 90 240
270 20220802-11:32:15 52.55 107.05 135 240
271 20220802-11:32:28 52.55 107.05 180 240
272 20220802-11:32:35 52.55 107.05 225 240
273 20220802-11:32:38 52.55 107.05 225 240
274 20220802-11:32:46 52.55 107.05 270 240
275 20220802-11:32:50 52.55 107.05 270 240
276 20220802-11:32:51 52.55 107.05 270 240
277 20220802-11:32:56 52.55 107.05 315 240
278 20220802-11:33:12 52.55 107.05 0 240
279 20220802-11:33:50 53.35 107.05 0 240
280 20220802-11:33:59 53.35 107.05 0 240
281 20220802-11:34:04 53.35 107.05 315 240
282 20220802-11:34:15 53.35 107.05 270 240
283 20220802-11:34:27 53.35 107.05 225 240
284 20220802-11:34:38 53.35 107.05 180 240
285 20220802-11:34:46 53.35 107.05 135 240
286 20220802-11:34:58 53.35 107.05 90 240
287 20220802-11:35:11 53.35 107.05 90 240
288 20220802-11:35:20 53.35 107.05 45 240
289 20220802-11:35:30 53.35 107.05 0 240
290 20220802-11:35:36 53.35 107.05 0 240
291 20220802-11:36:01 53.35 107.05 0 240
292 20220802-11:36:31 54.45 107.05 0 241
293 20220802-11:36:41 54.45 107.05 0 241
294 20220802-11:36:44 54.45 107.05 45 241
295 20220802-11:36:52 54.45 107.05 90 241
296 20220802-11:36:53 54.45 107.05 90 241
297 20220802-11:37:02 54.45 107.05 135 241
298 20220802-11:37:12 54.45 107.05 180 241
299 20220802-11:37:24 54.45 107.05 225 241
300 20220802-11:37:36 54.45 107.05 270 241
301 20220802-11:37:40 54.45 107.05 270 241
302 20220802-11:37:43 54.45 107.05 315 241
303 20220802-11:37:45 54.45 107.05 315 241
304 20220802-11:37:55 54.45 107.05 0 241
305 20220802-11:37:59 54.45 107.05 0 241
306 20220802-11:38:01 54.45 107.05 0 241
307 20220802-11:38:27 55.25 107.05 0 241
308 20220802-11:38:49 55.25 107.05 0 241
309 20220802-11:38:57 55.25 107.05 0 241
310 20220802-11:39:03 55.25 107.05 315 241
311 20220802-11:39:13 55.25 107.05 270 241
312 20220802-11:39:22 55.25 107.05 225 241
313 20220802-11:39:34 55.25 107.05 180 241
314 20220802-11:39:43 55.25 107.05 135 241
315 20220802-11:39:54 55.25 107.05 90 241
316 20220802-11:40:04 55.25 107.05 45 241
317 20220802-11:40:18 55.25 107.05 0 241
318 20220802-11:41:11 55.55 107.05 0 241
319 20220802-11:41:20 55.65 107.05 0 241
320 20220802-11:41:34 55.65 107.05 0 241
321 20220802-11:41:36 55.65 107.05 315 241
322 20220802-11:41:47 55.65 107.05 270 241
323 20220802-11:41:57 55.65 107.05 225 241
324 20220802-11:42:07 55.65 107.05 180 241
325 20220802-11:42:08 55.65 107.05 180 241
326 20220802-11:42:19 55.65 107.05 135 241
327 20220802-11:42:28 55.65 107.05 90 241
328 20220802-11:42:38 55.65 107.05 45 241
329 20220802-11:42:48 55.65 107.05 0 241
330 20220802-11:42:53 55.65 107.05 0 241
331 20220802-11:43:03 55.65 107.05 0 241
332 20220802-11:43:03 55.65 107.05 0 241
333 20220802-11:43:26 56.25 107.05 0 242
334 20220802-11:43:26 56.25 107.05 0 242
335 20220802-11:43:37 56.25 107.05 0 242
336 20220802-11:43:39 56.25 107.05 45 242
337 20220802-11:43:42 56.25 107.05 45 242
338 20220802-11:43:45 56.25 107.05 90 242
339 20220802-11:43:56 56.25 107.05 135 242
340 20220802-11:44:06 56.25 107.05 180 242
341 20220802-11:44:17 56.25 107.05 225 242
342 20220802-11:44:24 56.25 107.05 270 242
343 20220802-11:44:26 56.25 107.05 270 242
344 20220802-11:44:34 56.25 107.05 315 242
345 20220802-11:44:45 56.25 107.05 0 242
346 20220802-11:45:16 56.95 107.05 0 242
347 20220802-11:45:27 56.95 107.05 315 242
348 20220802-11:45:42 56.95 107.05 270 242
349 20220802-11:45:51 56.95 107.05 225 242
350 20220802-11:45:54 56.95 107.05 225 242
351 20220802-11:46:02 56.95 107.05 180 242
352 20220802-11:46:13 56.95 107.05 135 242
353 20220802-11:46:22 56.95 107.05 90 242
354 20220802-11:46:33 56.95 107.05 45 242
355 20220802-11:46:43 56.95 107.05 0 242
356 20220802-11:47:23 57.75 107.05 0 243
357 20220802-11:47:35 58.05 107.05 0 243
358 20220802-11:47:35 58.05 107.05 0 243
359 20220802-11:47:44 58.05 107.15 0 243
360 20220802-11:47:50 58.05 107.15 45 243
361 20220802-11:48:04 58.05 107.15 90 243
362 20220802-11:48:14 58.05 107.15 135 243
363 20220802-11:48:25 58.05 107.15 180 243
364 20220802-11:48:31 58.05 107.15 180 243
365 20220802-11:48:36 58.05 107.15 225 243
366 20220802-11:48:47 58.05 107.15 270 243
367 20220802-11:48:51 58.05 107.15 270 243
368 20220802-11:48:57 58.05 107.15 315 243
369 20220802-11:49:11 58.05 107.15 0 243
370 20220802-11:49:15 58.05 107.15 0 243
371 20220802-11:49:37 58.75 107.15 0 243
372 20220802-11:49:53 58.75 107.15 315 243
373 20220802-11:50:03 58.75 107.15 270 243
374 20220802-11:50:14 58.75 107.15 225 243
375 20220802-11:50:23 58.75 107.15 180 243
376 20220802-11:50:37 58.65 107.15 180 243
377 20220802-11:50:44 58.65 107.15 180 243
378 20220802-11:51:12 58.65 107.05 135 243
379 20220802-11:51:13 58.65 107.05 135 243
380 20220802-11:51:24 58.65 107.05 90 243
381 20220802-11:51:37 58.65 107.05 45 243
382 20220802-11:51:43 58.65 107.05 0 243
383 20220802-11:52:16 58.65 107.05 315 243
384 20220802-11:52:29 58.65 107.05 270 243
