1 20220711-11:16:55 31.7 71.95 270 148
2 20220711-11:17:01 31.3 71.85 270 148
3 20220711-11:17:03 31.3 71.85 270 148
4 20220711-11:17:05 31.3 71.85 270 148
5 20220711-11:17:07 31.3 71.35 270 148
6 20220711-11:17:08 31.3 71.05 270 148
7 20220711-11:17:08 31.3 70.75 270 147
8 20220711-11:17:09 31.3 70.55 270 147
9 20220711-11:17:11 31.3 70.05 270 147
10 20220711-11:17:12 31.3 69.85 270 147
11 20220711-11:17:13 31.3 69.65 270 147
12 20220711-11:17:14 31.3 69.45 270 147
13 20220711-11:17:15 31.3 69.25 270 147
14 20220711-11:17:16 31.3 69.05 270 147
15 20220711-11:17:17 31.3 68.85 270 146
16 20220711-11:17:18 31.3 68.65 270 146
17 20220711-11:17:19 31.3 68.15 270 146
18 20220711-11:17:22 31.3 67.95 270 146
19 20220711-11:17:23 31.3 67.85 270 146
20 20220711-11:17:24 31.3 67.55 270 146
21 20220711-11:17:26 31.3 67.35 270 146
22 20220711-11:17:27 31.3 67.15 270 146
23 20220711-11:17:28 31.0 67.15 270 146
24 20220711-11:17:29 31.0 66.95 270 145
25 20220711-11:17:31 31.0 66.75 270 145
26 20220711-11:17:32 31.0 66.55 270 145
27 20220711-11:17:33 31.0 66.45 270 145
28 20220711-11:17:34 31.0 66.25 270 145
29 20220711-11:17:35 31.0 66.05 270 145
30 20220711-11:17:36 31.0 65.85 270 145
31 20220711-11:17:36 31.0 65.65 270 145
32 20220711-11:17:37 31.0 65.45 270 145
33 20220711-11:17:38 31.0 65.25 270 145
34 20220711-11:17:39 31.0 65.05 270 145
35 20220711-11:17:40 31.0 64.85 270 144
36 20220711-11:17:42 31.0 64.65 270 144
37 20220711-11:17:43 31.0 64.45 270 144
38 20220711-11:17:44 31.0 64.25 270 144
39 20220711-11:17:45 31.0 64.05 270 144
40 20220711-11:17:46 31.0 63.85 270 144
41 20220711-11:17:47 31.0 63.65 270 144
42 20220711-11:17:48 31.0 63.45 270 144
43 20220711-11:17:49 31.0 63.25 270 144
44 20220711-11:17:49 31.0 63.05 270 144
45 20220711-11:17:50 31.0 62.85 270 143
46 20220711-11:17:51 31.0 62.65 270 143
47 20220711-11:17:52 31.0 62.45 270 143
48 20220711-11:17:53 31.0 62.25 270 143
49 20220711-11:17:55 31.0 62.05 270 143
50 20220711-11:17:57 31.0 61.85 270 143
51 20220711-11:17:59 31.0 61.65 270 143
52 20220711-11:18:01 31.0 61.45 270 143
53 20220711-11:18:01 31.0 61.25 270 143
54 20220711-11:18:02 31.0 61.05 270 143
55 20220711-11:18:03 31.0 60.85 270 142
56 20220711-11:18:04 31.0 60.65 270 142
57 20220711-11:18:07 31.0 60.35 270 142
58 20220711-11:18:09 31.0 60.15 270 142
59 20220711-11:18:10 31.0 59.95 270 142
60 20220711-11:18:11 31.0 59.75 270 142
61 20220711-11:18:12 31.0 59.55 270 142
62 20220711-11:18:13 31.0 59.35 270 142
63 20220711-11:18:16 31.0 59.15 270 142
64 20220711-11:18:18 31.0 58.95 270 142
65 20220711-11:18:21 31.0 58.75 270 142
66 20220711-11:18:22 31.0 58.55 270 141
67 20220711-11:18:25 31.0 58.35 270 141
68 20220711-11:18:27 31.0 58.15 270 141
69 20220711-11:18:31 31.0 57.95 270 141
70 20220711-11:18:34 31.0 57.75 270 141
71 20220711-11:18:36 31.0 57.55 270 141
72 20220711-11:18:37 31.0 57.35 270 141
73 20220711-11:18:38 31.0 57.15 270 141
74 20220711-11:18:39 31.0 56.95 270 141
75 20220711-11:18:41 31.0 56.65 270 141
76 20220711-11:18:41 31.0 56.45 270 141
77 20220711-11:18:42 31.0 56.25 270 141
78 20220711-11:18:43 31.0 56.05 270 141
79 20220711-11:18:45 31.0 55.85 270 102
80 20220711-11:18:46 31.0 55.55 270 102
81 20220711-11:18:47 31.0 55.35 270 102
82 20220711-11:18:48 31.0 55.05 270 102
83 20220711-11:18:49 31.0 54.75 270 102
84 20220711-11:18:50 31.0 54.45 270 102
85 20220711-11:18:51 31.0 54.25 270 102
86 20220711-11:18:52 31.0 53.95 270 100
87 20220711-11:18:53 31.0 53.75 270 100
88 20220711-11:18:54 31.0 53.55 270 100
89 20220711-11:18:55 31.0 53.35 270 100
90 20220711-11:18:56 31.0 53.15 270 100
91 20220711-11:18:57 31.0 52.95 270 100
92 20220711-11:18:59 31.0 52.75 270 100
93 20220711-11:19:00 31.0 52.55 270 100
94 20220711-11:19:01 31.0 52.35 270 100
95 20220711-11:19:02 31.0 52.15 270 100
96 20220711-11:19:03 31.0 51.95 270 98
97 20220711-11:19:05 31.0 51.75 270 98
98 20220711-11:19:06 31.0 51.55 270 98
99 20220711-11:19:07 31.0 51.35 270 98
100 20220711-11:19:09 31.0 51.15 270 98
101 20220711-11:19:10 31.0 50.95 270 98
102 20220711-11:19:11 31.0 50.75 270 98
103 20220711-11:19:12 31.0 50.55 270 98
104 20220711-11:19:14 31.0 50.35 270 98
105 20220711-11:19:15 31.0 50.15 270 98
106 20220711-11:19:16 31.0 49.95 270 96
107 20220711-11:19:17 31.0 49.75 270 96
108 20220711-11:19:19 31.0 49.75 270 96
109 20220711-11:19:20 31.0 49.55 270 96
110 20220711-11:19:22 31.0 49.45 270 96
111 20220711-11:19:24 31.0 49.25 270 96
112 20220711-11:19:26 31.0 49.05 270 96
113 20220711-11:19:27 31.0 48.85 270 96
114 20220711-11:19:28 31.0 48.65 270 96
115 20220711-11:19:34 31.0 48.45 270 96
116 20220711-11:19:36 31.0 48.25 270 96
117 20220711-11:19:39 31.0 48.15 270 96
118 20220711-11:19:40 31.0 47.95 270 94
119 20220711-11:19:42 31.0 47.85 270 94
120 20220711-11:19:45 31.0 47.65 270 94
121 20220711-11:19:46 31.0 47.45 270 94
122 20220711-11:19:48 31.0 47.05 270 94
123 20220711-11:19:49 31.0 46.75 270 94
124 20220711-11:19:50 31.0 46.35 270 94
125 20220711-11:19:51 31.0 46.05 270 94
126 20220711-11:19:52 31.0 45.65 270 93
127 20220711-11:19:53 31.0 45.45 270 93
128 20220711-11:19:54 31.0 45.25 270 93
129 20220711-11:19:55 31.0 44.95 270 93
130 20220711-11:19:56 31.0 44.75 270 93
131 20220711-11:19:57 31.0 44.55 270 93
132 20220711-11:19:58 31.0 44.35 270 93
133 20220711-11:19:59 31.0 44.15 270 93
134 20220711-11:20:00 31.0 43.95 270 66
135 20220711-11:20:01 31.0 43.75 270 66
136 20220711-11:20:02 31.0 43.55 270 66
137 20220711-11:20:04 31.0 43.35 270 66
138 20220711-11:20:05 31.0 43.15 270 66
139 20220711-11:20:06 31.0 42.95 270 66
140 20220711-11:20:07 31.0 42.75 270 66
141 20220711-11:20:08 31.0 42.55 270 66
142 20220711-11:20:09 31.0 42.35 270 66
143 20220711-11:20:10 31.0 42.15 270 66
144 20220711-11:20:12 31.0 41.95 270 65
145 20220711-11:20:13 31.0 41.75 270 65
146 20220711-11:20:15 31.0 41.55 270 65
147 20220711-11:20:16 31.0 41.35 270 65
148 20220711-11:20:17 31.0 41.15 270 65
149 20220711-11:20:18 31.0 40.95 270 65
150 20220711-11:20:19 31.0 40.75 270 65
151 20220711-11:20:20 31.0 40.55 270 65
152 20220711-11:20:22 31.0 40.35 270 65
153 20220711-11:20:23 31.0 40.15 270 65
154 20220711-11:20:46 31.0 39.95 270 64
155 20220711-11:20:47 31.0 39.75 270 64
156 20220711-11:20:49 31.0 39.55 270 64
157 20220711-11:20:50 31.0 39.35 270 64
158 20220711-11:20:52 31.0 39.15 270 64
159 20220711-11:20:54 31.0 38.95 270 64
160 20220711-11:20:56 31.0 38.75 270 64
161 20220711-11:20:57 31.0 38.55 270 64
162 20220711-11:20:59 31.0 38.35 270 64
163 20220711-11:21:00 31.0 38.15 270 64
164 20220711-11:21:01 31.0 37.95 270 63
165 20220711-11:21:02 31.0 37.75 270 63
166 20220711-11:21:03 31.0 37.55 270 63
167 20220711-11:21:04 31.0 37.35 270 63
168 20220711-11:21:06 31.0 37.05 270 63
169 20220711-11:21:07 31.0 36.85 270 63
170 20220711-11:21:09 31.0 36.65 270 63
171 20220711-11:21:10 31.0 36.45 270 63
172 20220711-11:21:11 31.0 36.25 270 63
173 20220711-11:21:12 31.0 35.95 270 63
174 20220711-11:21:13 31.0 35.75 270 63
175 20220711-11:21:14 31.0 35.55 270 63
176 20220711-11:21:15 31.0 35.35 270 63
177 20220711-11:21:16 31.0 35.15 270 63
178 20220711-11:21:17 31.0 34.95 270 62
179 20220711-11:21:18 31.0 34.75 270 62
180 20220711-11:21:19 31.0 34.55 270 62
181 20220711-11:21:21 31.0 34.35 270 62
182 20220711-11:21:22 31.0 34.15 270 62
183 20220711-11:21:25 31.0 33.95 270 62
184 20220711-11:21:26 31.0 33.75 270 62
185 20220711-11:21:27 31.0 33.55 270 62
186 20220711-11:21:28 31.0 33.35 270 62
187 20220711-11:21:29 31.0 33.15 270 62
188 20220711-11:21:30 31.0 32.85 270 61
189 20220711-11:21:31 31.0 32.65 270 61
190 20220711-11:21:32 31.0 32.45 270 61
191 20220711-11:21:32 31.0 32.25 270 61
192 20220711-11:21:33 31.0 32.05 270 61
193 20220711-11:21:34 31.0 31.75 270 61
194 20220711-11:21:35 31.0 31.55 270 61
195 20220711-11:21:36 31.0 31.35 270 61
196 20220711-11:21:37 31.0 31.15 270 61
197 20220711-11:21:38 31.0 30.95 270 60
198 20220711-11:21:40 31.0 30.75 270 60
199 20220711-11:21:41 31.0 30.55 270 60
200 20220711-11:21:42 31.0 30.35 270 60
201 20220711-11:21:43 31.0 30.15 270 60
202 20220711-11:21:45 31.0 29.95 270 60
203 20220711-11:21:46 31.0 29.75 270 60
204 20220711-11:21:47 31.0 29.55 270 60
205 20220711-11:21:48 31.0 29.35 270 60
206 20220711-11:21:49 31.0 29.15 270 60
207 20220711-11:21:50 31.0 28.95 270 59
208 20220711-11:21:51 31.0 28.75 270 59
209 20220711-11:21:53 31.0 28.55 270 59
210 20220711-11:21:54 31.0 28.35 270 59
211 20220711-11:21:55 31.0 28.15 270 59
212 20220711-11:21:56 31.0 27.95 270 59
213 20220711-11:21:58 31.0 27.75 270 59
214 20220711-11:22:04 31.0 27.45 270 59
215 20220711-11:22:21 31.0 27.35 270 59
216 20220711-11:22:24 31.0 27.15 270 59
217 20220711-11:22:25 31.0 26.95 270 58
218 20220711-11:22:27 31.0 26.75 270 58
219 20220711-11:22:29 31.0 26.55 270 58
220 20220711-11:22:30 31.0 26.35 270 58
221 20220711-11:22:31 31.0 26.15 270 58
222 20220711-11:22:32 31.0 25.95 270 58
223 20220711-11:22:33 31.0 25.75 270 58
224 20220711-11:22:34 31.0 25.45 270 58
225 20220711-11:22:35 31.0 25.25 270 58
226 20220711-11:22:36 31.0 24.85 270 57
227 20220711-11:22:37 31.0 24.65 270 57
228 20220711-11:22:38 31.0 24.45 270 57
229 20220711-11:22:39 31.0 24.25 270 57
230 20220711-11:22:40 31.0 24.05 270 57
231 20220711-11:22:40 31.0 23.85 270 57
232 20220711-11:22:41 31.0 23.65 270 57
233 20220711-11:22:42 31.0 23.35 270 57
234 20220711-11:22:43 31.0 23.15 270 57
235 20220711-11:22:43 31.0 23.05 270 57
236 20220711-11:22:44 31.0 22.95 270 56
237 20220711-11:22:44 31.0 22.95 270 56
238 20220711-11:22:45 31.0 22.85 270 56
239 20220711-11:22:46 31.0 22.75 270 56
240 20220711-11:22:47 31.0 22.55 270 56
241 20220711-11:22:48 31.0 22.45 270 56
242 20220711-11:22:49 31.0 22.25 270 56
243 20220711-11:22:50 31.0 22.05 270 56
244 20220711-11:22:51 31.0 21.85 270 56
245 20220711-11:22:52 31.0 21.65 270 56
246 20220711-11:22:52 31.0 21.45 270 56
247 20220711-11:22:53 31.0 21.25 270 56
248 20220711-11:22:55 31.0 21.05 270 56
249 20220711-11:22:55 31.0 20.85 270 55
250 20220711-11:22:56 31.0 20.65 270 55
251 20220711-11:22:57 31.0 20.45 270 55
252 20220711-11:22:58 31.0 20.25 270 55
253 20220711-11:22:59 31.0 20.15 270 55
254 20220711-11:23:00 31.0 20.05 270 55
255 20220711-11:23:01 31.0 19.85 270 55
256 20220711-11:23:02 31.0 19.75 270 55
257 20220711-11:23:03 31.0 19.55 270 55
258 20220711-11:23:04 31.0 19.45 270 55
259 20220711-11:23:04 31.0 19.35 270 55
260 20220711-11:23:05 31.0 19.25 270 55
261 20220711-11:23:06 31.0 19.05 270 55
262 20220711-11:23:07 31.0 18.95 270 54
263 20220711-11:23:08 31.0 18.85 270 54
264 20220711-11:23:09 31.0 18.75 270 54
265 20220711-11:23:10 31.0 18.55 270 54
266 20220711-11:23:11 31.0 18.45 270 54
267 20220711-11:23:12 31.0 18.35 270 54
268 20220711-11:23:13 31.0 18.25 270 54
269 20220711-11:23:13 31.0 18.05 270 54
270 20220711-11:23:14 31.0 17.85 270 54
271 20220711-11:23:15 31.0 17.65 270 54
272 20220711-11:23:16 31.0 17.45 270 54
273 20220711-11:23:17 31.0 17.25 270 54
274 20220711-11:23:18 31.0 17.05 270 54
275 20220711-11:23:21 31.0 16.85 270 53
276 20220711-11:23:22 31.0 16.65 270 53
277 20220711-11:23:23 31.0 16.45 270 53
278 20220711-11:23:24 31.0 16.25 270 53
279 20220711-11:23:25 31.0 16.05 270 53
280 20220711-11:23:25 31.0 15.85 270 53
281 20220711-11:23:26 31.0 15.65 270 53
282 20220711-11:23:27 31.0 15.45 270 53
283 20220711-11:23:28 31.0 15.25 270 53
284 20220711-11:23:28 31.0 15.05 270 53
285 20220711-11:23:29 31.0 14.85 270 52
286 20220711-11:23:30 31.0 14.65 270 52
287 20220711-11:23:31 31.0 14.45 270 52
288 20220711-11:23:32 31.0 14.25 270 52
289 20220711-11:23:33 31.0 14.05 270 52
290 20220711-11:23:35 31.0 13.85 270 52
291 20220711-11:23:37 31.0 13.75 270 52
292 20220711-11:23:38 31.0 13.65 270 52
293 20220711-11:23:40 31.0 13.55 270 52
294 20220711-11:23:41 31.0 13.35 270 52
295 20220711-11:23:42 31.0 13.25 270 52
296 20220711-11:23:43 31.0 13.05 270 52
297 20220711-11:23:44 31.0 12.85 270 51
298 20220711-11:23:44 31.0 12.75 270 51
299 20220711-11:23:45 31.0 12.65 270 51
300 20220711-11:23:46 31.0 12.55 270 51
301 20220711-11:23:46 31.0 12.35 270 51
302 20220711-11:23:47 31.0 12.25 270 51
303 20220711-11:23:48 31.0 12.15 270 51
304 20220711-11:23:48 31.0 12.05 270 51
305 20220711-11:23:49 31.0 11.85 270 51
306 20220711-11:23:51 31.0 11.65 270 51
307 20220711-11:23:53 31.0 11.45 270 51
308 20220711-11:23:54 31.0 11.25 270 51
309 20220711-11:23:55 31.0 11.05 270 51
310 20220711-11:23:57 31.0 10.85 270 50
311 20220711-11:23:58 31.0 10.65 270 50
312 20220711-11:24:06 31.0 10.45 270 50
313 20220711-11:24:07 31.0 10.25 270 50
314 20220711-11:24:08 31.0 10.05 270 50
315 20220711-11:24:10 31.0 9.85 270 50
316 20220711-11:24:12 31.0 9.65 270 50
317 20220711-11:24:13 31.0 9.45 270 50
318 20220711-11:24:14 31.0 9.25 270 50
319 20220711-11:24:14 31.0 9.05 270 50
320 20220711-11:24:16 31.0 8.85 270 49
321 20220711-11:24:16 31.0 8.65 270 49
322 20220711-11:24:19 31.0 8.45 270 49
323 20220711-11:24:21 31.0 8.25 270 49
324 20220711-11:24:21 31.0 8.05 270 49
325 20220711-11:24:22 31.0 7.85 270 49
326 20220711-11:24:23 31.0 7.65 270 49
327 20220711-11:24:24 31.0 7.55 270 49
328 20220711-11:24:25 31.0 7.45 270 49
329 20220711-11:24:26 31.0 7.35 270 49
330 20220711-11:24:26 31.0 7.25 270 49
331 20220711-11:24:27 31.0 7.05 270 49
332 20220711-11:24:28 31.0 6.85 270 48
333 20220711-11:24:29 31.0 6.65 270 48
334 20220711-11:24:30 31.0 6.45 270 48
335 20220711-11:24:32 31.0 6.45 270 48
336 20220711-11:24:41 31.0 6.45 225 48
337 20220711-11:24:43 31.0 6.45 225 48
338 20220711-11:24:49 31.0 6.45 225 48
339 20220711-11:24:52 31.0 6.45 225 48
340 20220711-11:24:55 31.0 6.45 225 48
341 20220711-11:24:57 31.0 6.45 180 48
342 20220711-11:25:05 30.7 6.35 180 48
343 20220711-11:25:06 30.7 6.55 180 48
344 20220711-11:25:08 30.7 6.75 180 48
345 20220711-11:25:10 30.7 6.95 180 48
346 20220711-11:25:12 30.7 6.95 180 48
347 20220711-11:25:14 30.3 6.75 180 48
348 20220711-11:25:15 30.0 6.75 180 48
349 20220711-11:25:16 29.9 6.45 180 47
350 20220711-11:25:16 29.6 6.45 180 47
351 20220711-11:25:17 29.4 6.45 180 47
352 20220711-11:25:18 29.1 6.45 180 47
353 20220711-11:25:19 28.9 6.45 180 47
354 20220711-11:25:20 28.7 6.45 180 47
355 20220711-11:25:21 28.5 6.45 180 47
356 20220711-11:25:22 28.3 6.45 180 47
357 20220711-11:25:23 28.2 6.45 180 47
358 20220711-11:25:24 28.1 6.45 180 47
359 20220711-11:25:25 27.9 6.45 180 47
360 20220711-11:25:26 27.7 6.45 180 47
361 20220711-11:25:27 27.5 6.45 180 47
362 20220711-11:25:29 27.3 6.45 180 47
363 20220711-11:25:30 27.1 6.45 180 47
364 20220711-11:25:31 26.9 6.45 180 46
365 20220711-11:25:33 26.7 6.45 180 46
366 20220711-11:25:34 26.5 6.45 180 46
367 20220711-11:25:35 26.3 6.45 180 46
368 20220711-11:25:36 26.1 6.45 180 46
369 20220711-11:25:37 25.9 6.45 180 46
370 20220711-11:25:38 25.7 6.45 180 46
371 20220711-11:25:39 25.5 6.45 180 46
372 20220711-11:25:40 25.3 6.45 180 46
373 20220711-11:25:41 25.1 6.45 180 46
374 20220711-11:25:42 24.9 6.45 180 45
375 20220711-11:25:43 24.7 6.45 180 45
376 20220711-11:25:44 24.5 6.45 180 45
377 20220711-11:25:45 24.3 6.45 180 45
378 20220711-11:25:46 24.1 6.45 180 45
379 20220711-11:25:47 23.9 6.45 180 45
380 20220711-11:25:48 23.7 6.45 180 45
381 20220711-11:25:49 23.5 6.45 180 45
382 20220711-11:25:50 23.3 6.45 180 45
383 20220711-11:25:51 23.1 6.45 180 45
384 20220711-11:25:52 22.9 6.45 180 44
385 20220711-11:25:53 22.7 6.45 180 44
386 20220711-11:25:54 22.5 6.45 180 44
387 20220711-11:25:55 22.3 6.45 180 44
388 20220711-11:25:56 22.0 6.45 180 44
389 20220711-11:25:57 21.7 6.45 180 44
390 20220711-11:26:00 21.6 6.45 180 44
391 20220711-11:26:02 21.5 6.45 180 44
392 20220711-11:26:04 21.4 6.45 180 44
393 20220711-11:26:05 21.3 6.45 180 44
394 20220711-11:26:12 21.2 6.45 180 44
395 20220711-11:26:13 21.0 6.45 180 44
396 20220711-11:26:14 20.9 6.45 180 26
397 20220711-11:26:15 20.8 6.45 180 26
398 20220711-11:26:16 20.6 6.45 180 26
399 20220711-11:26:17 20.4 6.45 180 26
400 20220711-11:26:17 20.2 6.45 180 26
401 20220711-11:26:19 20.0 6.45 180 26
402 20220711-11:26:20 19.8 6.45 180 26
403 20220711-11:26:21 19.6 6.45 180 26
404 20220711-11:26:22 19.4 6.45 180 26
405 20220711-11:26:24 19.2 6.45 180 26
406 20220711-11:26:25 19.0 6.45 180 26
407 20220711-11:26:26 18.9 6.45 180 25
408 20220711-11:26:27 18.7 6.45 180 25
409 20220711-11:26:28 18.6 6.45 180 25
410 20220711-11:26:29 18.4 6.45 180 25
411 20220711-11:26:30 18.2 6.45 180 25
412 20220711-11:26:31 18.0 6.45 180 25
413 20220711-11:26:31 17.8 6.45 180 25
414 20220711-11:26:32 17.6 6.45 180 25
415 20220711-11:26:33 17.4 6.45 180 25
416 20220711-11:26:34 17.2 6.45 180 25
417 20220711-11:26:35 17.0 6.45 180 25
418 20220711-11:26:36 16.8 6.45 180 24
419 20220711-11:26:37 16.6 6.45 180 24
420 20220711-11:26:38 16.4 6.45 180 24
421 20220711-11:26:39 16.2 6.45 180 24
422 20220711-11:26:40 16.0 6.45 180 24
423 20220711-11:26:41 15.8 6.45 180 24
424 20220711-11:26:42 15.6 6.45 180 24
425 20220711-11:27:02 15.4 6.45 225 24
426 20220711-11:27:03 15.4 6.45 180 24
427 20220711-11:27:12 14.4 6.15 180 23
428 20220711-11:27:13 14.2 6.15 180 23
429 20220711-11:27:14 14.0 6.15 180 23
430 20220711-11:27:15 13.8 6.15 180 23
431 20220711-11:27:15 13.6 6.15 180 23
432 20220711-11:27:17 13.6 6.25 180 23
433 20220711-11:27:18 13.4 6.25 180 23
434 20220711-11:27:18 13.2 6.25 180 23
435 20220711-11:27:20 13.0 6.25 180 23
436 20220711-11:27:21 12.8 6.25 180 22
437 20220711-11:27:22 12.5 6.25 180 22
438 20220711-11:27:23 12.2 6.25 180 22
439 20220711-11:27:24 11.9 6.25 180 22
440 20220711-11:27:25 11.7 6.25 180 22
441 20220711-11:27:26 11.5 6.25 180 22
442 20220711-11:27:27 11.3 6.25 180 22
443 20220711-11:27:29 11.1 6.25 180 22
444 20220711-11:27:32 10.9 6.25 180 21
445 20220711-11:27:33 10.9 6.15 180 21
446 20220711-11:27:34 10.7 6.25 180 21
447 20220711-11:27:36 10.5 6.25 180 21
448 20220711-11:27:37 10.3 6.15 180 21
449 20220711-11:27:38 10.1 6.15 180 21
450 20220711-11:27:41 9.9 6.15 180 21
451 20220711-11:27:45 9.7 6.15 180 21
452 20220711-11:27:46 9.5 6.15 180 21
453 20220711-11:27:47 9.3 6.15 180 21
454 20220711-11:27:49 9.1 6.15 180 21
455 20220711-11:27:50 8.9 6.15 180 20
456 20220711-11:27:51 8.7 6.15 180 20
457 20220711-11:28:06 8.7 6.15 135 20
458 20220711-11:28:12 8.7 6.15 135 20
459 20220711-11:28:21 8.7 6.15 135 20
460 20220711-11:28:24 8.2 6.35 135 20
461 20220711-11:28:26 8.1 6.35 135 20
462 20220711-11:28:27 8.1 6.45 135 20
463 20220711-11:28:28 7.9 6.55 135 20
464 20220711-11:28:30 7.7 6.65 135 20
465 20220711-11:28:31 7.5 6.75 135 20
466 20220711-11:28:32 7.3 6.85 135 20
467 20220711-11:28:33 7.1 6.85 135 20
468 20220711-11:28:34 6.9 6.95 135 0
469 20220711-11:28:36 6.7 7.05 135 0
470 20220711-11:28:37 6.7 7.15 135 0
471 20220711-11:28:37 6.7 7.15 135 0
472 20220711-11:28:38 6.6 7.25 135 0
473 20220711-11:28:40 6.4 7.35 135 0
474 20220711-11:29:01 6.4 7.35 135 0
475 20220711-11:29:20 6.4 7.35 135 0
476 20220711-11:29:38 6.4 7.35 90 0
477 20220711-11:29:42 6.4 7.35 90 0
478 20220711-11:29:50 6.4 7.45 45 0
479 20220711-11:29:54 6.4 7.45 45 0
480 20220711-11:29:57 6.4 7.45 45 0
481 20220711-11:30:01 6.4 7.45 45 0
482 20220711-11:30:08 6.4 7.45 45 0
483 20220711-11:30:21 6.4 7.45 45 0
484 20220711-11:30:42 6.4 7.45 45 0
485 20220711-11:30:47 6.4 7.45 45 0
486 20220711-11:30:52 6.4 7.45 45 0
487 20220711-11:31:16 6.4 7.45 90 0
488 20220711-11:31:24 6.4 7.75 90 0
489 20220711-11:31:27 6.3 7.75 90 0
490 20220711-11:31:29 6.3 7.85 90 0
491 20220711-11:31:33 6.3 7.95 90 0
492 20220711-11:31:48 6.3 8.25 90 1
493 20220711-11:31:50 6.3 8.35 90 1
494 20220711-11:31:51 6.3 8.55 90 1
495 20220711-11:31:55 6.3 8.65 90 1
496 20220711-11:31:57 6.3 8.85 90 1
497 20220711-11:31:58 6.3 9.05 90 1
498 20220711-11:31:59 6.3 9.25 90 1
499 20220711-11:32:00 6.3 9.45 90 1
500 20220711-11:32:01 6.3 9.65 90 1
501 20220711-11:32:02 6.3 9.85 90 1
502 20220711-11:32:03 6.3 10.05 90 2
503 20220711-11:32:05 6.3 10.25 90 2
504 20220711-11:32:06 6.3 10.45 90 2
505 20220711-11:32:08 6.3 10.65 90 2
506 20220711-11:32:10 6.3 10.75 90 2
507 20220711-11:32:13 6.3 10.85 90 2
508 20220711-11:32:14 6.3 10.95 90 2
509 20220711-11:32:15 6.3 11.05 90 2
510 20220711-11:32:16 6.3 11.15 90 2
511 20220711-11:32:18 6.3 11.25 90 2
512 20220711-11:32:19 6.3 11.35 90 2
513 20220711-11:32:21 6.3 11.55 90 2
514 20220711-11:32:21 6.3 11.75 90 2
515 20220711-11:32:22 6.3 11.95 90 2
516 20220711-11:32:23 6.3 12.15 90 3
517 20220711-11:32:25 6.3 12.25 90 3
518 20220711-11:32:26 6.3 12.35 90 3
519 20220711-11:32:27 6.3 12.45 90 3
520 20220711-11:32:28 6.3 12.55 90 3
521 20220711-11:32:29 6.3 12.65 90 3
522 20220711-11:32:29 6.3 12.75 90 3
523 20220711-11:32:30 6.3 12.95 90 3
524 20220711-11:32:31 6.3 13.15 90 3
525 20220711-11:32:32 6.3 13.35 90 3
526 20220711-11:32:32 6.3 13.55 90 3
527 20220711-11:32:33 6.3 13.75 90 3
528 20220711-11:32:34 6.3 13.95 90 3
529 20220711-11:32:35 6.3 14.15 90 4
530 20220711-11:32:36 6.3 14.35 90 4
531 20220711-11:32:37 6.3 14.55 90 4
532 20220711-11:32:38 6.3 14.75 90 4
533 20220711-11:32:39 6.3 14.95 90 4
534 20220711-11:32:40 6.3 15.15 90 4
535 20220711-11:32:42 6.3 15.35 90 4
536 20220711-11:32:43 6.3 15.55 90 4
537 20220711-11:32:45 6.3 15.75 90 4
538 20220711-11:32:46 6.3 15.95 90 4
539 20220711-11:32:47 6.3 16.15 90 5
540 20220711-11:32:48 6.3 16.35 90 5
541 20220711-11:32:49 6.3 16.55 90 5
542 20220711-11:32:50 6.3 16.75 90 5
543 20220711-11:32:51 6.3 16.95 90 5
544 20220711-11:32:52 6.3 17.15 90 5
545 20220711-11:32:52 6.3 17.35 90 5
546 20220711-11:32:53 6.3 17.55 90 5
547 20220711-11:32:54 6.3 17.75 90 5
548 20220711-11:32:55 6.3 17.95 90 5
549 20220711-11:32:56 6.3 18.15 90 6
550 20220711-11:32:57 6.3 18.35 90 6
551 20220711-11:33:00 6.3 18.45 90 6
552 20220711-11:33:03 6.3 18.55 90 6
553 20220711-11:33:04 6.3 18.65 90 6
554 20220711-11:33:05 6.3 18.75 90 6
555 20220711-11:33:06 6.3 18.95 90 6
556 20220711-11:33:07 6.3 19.15 90 6
557 20220711-11:33:08 6.3 19.25 90 6
558 20220711-11:33:09 6.3 19.45 90 6
559 20220711-11:33:09 6.3 19.65 90 6
560 20220711-11:33:10 6.3 19.85 90 6
561 20220711-11:33:11 6.3 20.05 90 7
562 20220711-11:33:12 6.3 20.25 90 7
563 20220711-11:33:13 6.3 20.45 90 7
564 20220711-11:33:14 6.3 20.65 90 7
565 20220711-11:33:16 6.3 20.85 90 7
566 20220711-11:33:16 6.3 21.05 90 7
567 20220711-11:33:17 6.1 21.05 90 7
568 20220711-11:33:19 6.1 21.25 90 7
569 20220711-11:33:25 6.1 21.45 90 7
570 20220711-11:33:26 6.1 21.65 90 7
571 20220711-11:33:28 6.1 21.85 90 7
572 20220711-11:33:29 6.1 22.05 90 8
573 20220711-11:33:30 6.1 22.25 90 8
574 20220711-11:33:30 6.1 22.45 90 8
575 20220711-11:33:31 6.1 22.65 90 8
576 20220711-11:33:33 6.1 22.85 90 8
577 20220711-11:33:34 6.1 23.05 90 8
578 20220711-11:33:35 6.1 23.25 90 8
579 20220711-11:33:35 6.1 23.45 90 8
580 20220711-11:33:39 6.1 23.65 90 8
581 20220711-11:33:40 6.1 23.85 90 8
582 20220711-11:33:41 6.1 24.05 90 9
583 20220711-11:33:44 6.1 24.05 90 9
584 20220711-11:33:46 6.1 24.05 90 9
585 20220711-11:33:47 6.1 24.15 90 9
586 20220711-11:33:48 6.1 24.25 90 9
587 20220711-11:33:52 6.1 24.35 90 9
588 20220711-11:33:59 6.1 24.45 90 9
589 20220711-11:34:00 6.1 24.65 90 9
590 20220711-11:34:00 6.1 24.85 90 9
591 20220711-11:34:03 6.1 24.95 90 9
592 20220711-11:34:03 6.1 25.05 90 9
593 20220711-11:34:04 6.1 25.25 90 9
594 20220711-11:34:05 6.1 25.45 90 9
595 20220711-11:34:06 6.1 25.65 90 9
596 20220711-11:34:07 6.1 25.85 90 9
597 20220711-11:34:08 6.1 26.05 90 10
598 20220711-11:34:08 6.1 26.25 90 10
599 20220711-11:34:09 6.1 26.45 90 10
600 20220711-11:34:10 6.1 26.65 90 10
601 20220711-11:34:11 6.1 26.85 90 10
602 20220711-11:34:11 6.1 27.05 90 10
603 20220711-11:34:13 6.1 27.25 90 10
604 20220711-11:34:13 6.1 27.45 90 10
605 20220711-11:34:14 6.1 27.65 90 10
606 20220711-11:34:16 6.1 27.85 90 10
607 20220711-11:34:17 6.1 28.05 90 11
608 20220711-11:34:18 6.1 28.25 90 11
609 20220711-11:34:19 6.1 28.45 90 11
610 20220711-11:34:19 6.1 28.65 90 11
611 20220711-11:34:20 6.1 28.85 90 11
612 20220711-11:34:21 6.1 29.05 90 11
613 20220711-11:34:22 6.1 29.25 90 11
614 20220711-11:34:22 6.1 29.45 90 11
615 20220711-11:34:23 6.1 29.65 90 11
616 20220711-11:34:24 6.1 29.85 90 11
617 20220711-11:34:24 6.1 30.05 90 12
618 20220711-11:34:25 6.1 30.25 90 12
619 20220711-11:34:26 6.1 30.45 90 12
620 20220711-11:34:27 6.1 30.65 90 12
621 20220711-11:34:29 6.1 30.85 90 12
622 20220711-11:34:30 6.1 31.05 90 12
623 20220711-11:34:31 6.1 31.25 90 12
624 20220711-11:34:33 6.1 31.45 90 12
625 20220711-11:34:35 6.1 31.65 90 12
626 20220711-11:34:36 6.1 31.85 90 12
627 20220711-11:34:37 6.1 32.05 90 13
628 20220711-11:34:37 6.1 32.25 90 13
629 20220711-11:34:38 6.1 32.45 90 13
630 20220711-11:34:40 6.1 32.65 90 13
631 20220711-11:34:41 6.1 32.85 90 13
632 20220711-11:34:42 6.1 33.05 90 13
633 20220711-11:34:43 6.1 33.25 90 13
634 20220711-11:34:46 6.1 33.35 90 13
635 20220711-11:34:49 6.1 33.45 90 13
636 20220711-11:34:50 6.1 33.55 90 13
637 20220711-11:34:52 6.1 33.65 90 13
638 20220711-11:35:00 6.1 33.85 90 13
639 20220711-11:35:01 6.1 34.05 90 14
640 20220711-11:35:02 6.1 34.25 90 14
641 20220711-11:35:02 6.1 34.45 90 14
642 20220711-11:35:03 6.1 34.65 90 14
643 20220711-11:35:04 6.1 34.85 90 14
644 20220711-11:35:04 6.1 35.05 90 14
645 20220711-11:35:05 6.1 35.25 90 14
646 20220711-11:35:06 6.1 35.45 90 14
647 20220711-11:35:07 6.1 35.65 90 14
648 20220711-11:35:07 6.1 35.85 90 14
649 20220711-11:35:08 6.1 36.05 90 15
650 20220711-11:35:09 6.1 36.25 90 15
651 20220711-11:35:09 6.1 36.45 90 15
652 20220711-11:35:10 6.1 36.65 90 15
653 20220711-11:35:12 6.1 36.75 90 15
654 20220711-11:35:13 6.1 36.95 90 15
655 20220711-11:35:14 6.1 37.15 90 15
656 20220711-11:35:15 6.1 37.35 90 15
657 20220711-11:35:16 6.1 37.55 90 15
658 20220711-11:35:17 6.1 37.75 90 15
659 20220711-11:35:17 6.1 37.95 90 15
660 20220711-11:35:18 6.1 38.15 90 16
661 20220711-11:35:19 6.1 38.35 90 16
662 20220711-11:35:20 6.1 38.55 90 16
663 20220711-11:35:22 6.1 38.75 90 16
664 20220711-11:35:23 6.1 38.95 90 16
665 20220711-11:35:24 6.1 39.15 90 16
666 20220711-11:35:25 6.1 39.35 90 16
667 20220711-11:35:26 6.1 39.65 90 16
668 20220711-11:35:27 6.1 39.85 90 16
669 20220711-11:35:27 6.1 40.05 90 17
670 20220711-11:35:28 6.1 40.25 90 17
671 20220711-11:35:29 6.1 40.45 90 17
672 20220711-11:35:30 6.1 40.65 90 17
673 20220711-11:35:31 6.1 40.85 90 17
674 20220711-11:35:32 6.1 41.05 90 17
675 20220711-11:35:33 6.1 41.25 90 17
676 20220711-11:35:34 6.1 41.45 90 17
677 20220711-11:35:35 6.1 41.65 90 17
678 20220711-11:35:38 6.1 41.85 90 17
679 20220711-11:35:40 6.1 42.05 90 79
680 20220711-11:35:42 6.1 42.25 90 79
681 20220711-11:35:43 6.1 42.45 90 79
682 20220711-11:35:44 6.1 42.65 90 79
683 20220711-11:35:45 6.1 42.85 90 79
684 20220711-11:35:47 6.1 42.95 90 79
685 20220711-11:35:48 6.1 43.15 90 79
686 20220711-11:36:10 6.1 43.15 135 79
687 20220711-11:36:27 6.1 43.15 45 79
688 20220711-11:36:29 6.1 43.15 45 79
689 20220711-11:36:31 6.1 43.15 45 79
690 20220711-11:36:38 6.1 43.15 45 79
691 20220711-11:36:39 6.1 43.15 45 79
692 20220711-11:36:41 6.1 43.15 45 79
693 20220711-11:36:43 6.1 43.15 0 79
694 20220711-11:37:07 6.1 43.15 315 79
695 20220711-11:37:18 6.1 43.15 270 79
696 20220711-11:37:23 6.1 42.55 270 79
697 20220711-11:37:23 6.1 42.35 270 79
698 20220711-11:37:24 6.1 42.15 270 79
699 20220711-11:37:25 6.1 41.95 270 17
700 20220711-11:37:26 6.1 41.75 270 17
701 20220711-11:37:28 6.1 41.55 270 17
702 20220711-11:37:31 6.1 41.35 270 17
703 20220711-11:37:32 6.1 41.15 270 17
704 20220711-11:37:33 6.1 40.95 270 17
705 20220711-11:37:35 6.1 40.75 270 17
706 20220711-11:37:36 6.1 40.55 270 17
707 20220711-11:37:37 6.1 40.35 270 17
708 20220711-11:37:39 6.1 40.15 270 17
709 20220711-11:37:40 6.1 39.95 270 16
710 20220711-11:37:42 6.1 39.75 270 16
711 20220711-11:37:44 6.1 39.55 270 16
712 20220711-11:37:45 6.1 39.35 270 16
713 20220711-11:37:53 6.1 39.15 270 16
714 20220711-11:37:56 6.1 38.95 270 16
715 20220711-11:37:57 6.1 38.65 270 16
716 20220711-11:37:58 6.1 38.45 270 16
717 20220711-11:37:58 6.1 38.25 270 16
718 20220711-11:37:59 6.1 38.05 270 16
719 20220711-11:38:00 6.1 37.85 270 15
720 20220711-11:38:00 6.1 37.65 270 15
721 20220711-11:38:01 6.1 37.45 270 15
722 20220711-11:38:02 6.1 37.25 270 15
723 20220711-11:38:02 6.1 37.05 270 15
724 20220711-11:38:03 6.1 36.85 270 15
725 20220711-11:38:04 6.1 36.65 270 15
726 20220711-11:38:04 6.1 36.45 270 15
727 20220711-11:38:05 6.1 36.25 270 15
728 20220711-11:38:05 6.1 36.05 270 15
729 20220711-11:38:06 6.1 35.85 270 14
730 20220711-11:38:07 6.1 35.65 270 14
731 20220711-11:38:07 6.1 35.45 270 14
732 20220711-11:38:08 6.1 35.25 270 14
733 20220711-11:38:08 6.1 35.05 270 14
734 20220711-11:38:09 6.1 34.85 270 14
735 20220711-11:38:10 6.1 34.65 270 14
736 20220711-11:38:11 6.1 34.45 270 14
737 20220711-11:38:12 6.1 34.25 270 14
738 20220711-11:38:12 6.1 34.05 270 14
739 20220711-11:38:13 6.1 33.85 270 13
740 20220711-11:38:19 6.1 33.65 270 13
741 20220711-11:38:21 6.1 33.45 270 13
742 20220711-11:38:22 6.1 33.25 270 13
743 20220711-11:38:23 6.1 33.05 270 13
744 20220711-11:38:24 6.1 32.85 270 13
745 20220711-11:38:24 6.1 32.65 270 13
746 20220711-11:38:25 6.1 32.45 270 13
747 20220711-11:38:26 6.1 32.25 270 13
748 20220711-11:38:27 6.1 32.05 270 13
749 20220711-11:38:33 6.1 31.95 270 12
750 20220711-11:38:35 6.1 31.85 270 12
751 20220711-11:38:36 6.1 31.75 270 12
752 20220711-11:38:37 6.1 31.65 270 12
753 20220711-11:38:38 6.1 31.55 270 12
754 20220711-11:38:39 6.1 31.45 270 12
755 20220711-11:38:46 6.1 30.95 270 12
756 20220711-11:38:48 6.1 30.75 270 12
757 20220711-11:38:49 6.1 30.55 270 12
758 20220711-11:38:50 6.1 30.35 270 12
759 20220711-11:38:50 6.1 30.15 270 12
760 20220711-11:38:51 6.1 29.95 270 11
761 20220711-11:38:52 6.1 29.75 270 11
762 20220711-11:38:54 6.1 29.55 270 11
763 20220711-11:38:55 6.1 29.35 270 11
764 20220711-11:38:56 6.1 29.15 270 11
765 20220711-11:38:57 6.1 28.95 270 11
766 20220711-11:38:58 6.1 28.75 270 11
767 20220711-11:38:59 6.1 28.55 270 11
768 20220711-11:38:59 6.1 28.35 270 11
769 20220711-11:39:00 6.1 28.15 270 11
770 20220711-11:39:01 6.1 27.95 270 10
771 20220711-11:39:02 6.1 27.75 270 10
772 20220711-11:39:03 6.1 27.55 270 10
773 20220711-11:39:04 6.1 27.35 270 10
774 20220711-11:39:05 6.1 27.15 270 10
775 20220711-11:39:06 6.1 26.95 270 10
776 20220711-11:39:07 6.1 26.75 270 10
777 20220711-11:39:08 6.1 26.55 270 10
778 20220711-11:39:10 6.1 26.45 270 10
779 20220711-11:39:12 6.1 26.35 270 10
780 20220711-11:39:13 6.1 26.15 270 10
781 20220711-11:39:14 6.1 25.95 270 9
782 20220711-11:39:15 6.1 25.75 270 9
783 20220711-11:39:17 6.1 25.55 270 9
784 20220711-11:39:19 6.1 25.45 270 9
785 20220711-11:39:20 6.1 25.35 270 9
786 20220711-11:39:23 6.1 25.15 270 9
787 20220711-11:39:25 6.1 24.95 270 9
788 20220711-11:39:27 6.1 24.85 270 9
789 20220711-11:39:28 6.1 24.65 270 9
790 20220711-11:39:30 6.1 24.55 270 9
791 20220711-11:39:31 6.1 24.35 270 9
792 20220711-11:39:32 6.1 24.25 270 9
793 20220711-11:39:33 6.1 24.05 270 9
794 20220711-11:39:33 6.1 23.95 270 8
795 20220711-11:39:34 6.1 23.75 270 8
796 20220711-11:39:35 6.1 23.55 270 8
797 20220711-11:39:36 6.1 23.35 270 8
798 20220711-11:39:36 6.1 23.15 270 8
799 20220711-11:39:37 6.1 22.95 270 8
800 20220711-11:39:38 6.1 22.75 270 8
801 20220711-11:39:39 6.1 22.65 270 8
802 20220711-11:39:41 6.1 22.55 270 8
803 20220711-11:39:42 6.1 22.45 270 8
804 20220711-11:39:42 6.1 22.35 270 8
805 20220711-11:39:43 6.1 22.25 270 8
806 20220711-11:39:44 6.1 22.15 270 8
807 20220711-11:39:45 6.1 22.05 270 8
808 20220711-11:39:46 6.1 21.95 270 7
809 20220711-11:39:47 6.1 21.75 270 7
810 20220711-11:39:47 6.1 21.55 270 7
811 20220711-11:39:48 6.1 21.35 270 7
812 20220711-11:39:49 6.1 21.15 270 7
813 20220711-11:39:50 6.1 20.95 270 7
814 20220711-11:39:51 6.1 20.75 270 7
815 20220711-11:39:52 6.1 20.55 270 7
816 20220711-11:39:53 6.1 20.35 270 7
817 20220711-11:39:54 6.1 20.15 270 7
818 20220711-11:39:55 6.1 19.95 270 6
819 20220711-11:40:01 6.1 19.85 270 6
820 20220711-11:40:02 6.1 19.75 270 6
821 20220711-11:40:03 6.1 19.65 270 6
822 20220711-11:40:04 6.1 19.55 270 6
823 20220711-11:40:05 6.1 19.45 270 6
824 20220711-11:40:06 6.1 19.35 270 6
825 20220711-11:40:07 6.1 19.25 270 6
826 20220711-11:40:08 6.1 19.15 270 6
827 20220711-11:40:10 6.1 19.05 270 6
828 20220711-11:40:11 6.1 18.95 270 6
829 20220711-11:40:12 6.1 18.85 270 6
830 20220711-11:40:13 6.1 18.75 270 6
831 20220711-11:40:14 6.1 18.65 270 6
832 20220711-11:40:17 6.1 18.55 270 6
833 20220711-11:40:18 6.1 18.35 270 6
834 20220711-11:40:19 6.1 18.15 270 6
835 20220711-11:40:20 6.1 17.95 270 5
836 20220711-11:40:21 6.1 17.75 270 5
837 20220711-11:40:22 6.1 17.55 270 5
838 20220711-11:40:23 6.1 17.35 270 5
839 20220711-11:40:23 6.1 17.15 270 5
840 20220711-11:40:24 6.1 16.95 270 5
841 20220711-11:40:25 6.1 16.75 270 5
842 20220711-11:40:27 6.1 16.55 270 5
843 20220711-11:40:27 6.1 16.35 270 5
844 20220711-11:40:28 6.1 16.15 270 5
845 20220711-11:40:29 6.1 15.95 270 4
846 20220711-11:40:30 6.1 15.75 270 4
847 20220711-11:40:31 6.1 15.55 270 4
848 20220711-11:40:31 6.1 15.35 270 4
849 20220711-11:40:33 6.1 15.25 270 4
850 20220711-11:40:33 6.1 15.05 270 4
851 20220711-11:40:34 6.1 14.95 270 4
852 20220711-11:40:35 6.1 14.85 270 4
853 20220711-11:40:35 6.1 14.75 270 4
854 20220711-11:40:36 6.1 14.65 270 4
855 20220711-11:40:36 6.1 14.55 270 4
856 20220711-11:40:37 6.1 14.45 270 4
857 20220711-11:40:38 6.1 14.35 270 4
858 20220711-11:40:38 6.1 14.35 270 4
859 20220711-11:40:39 6.1 14.25 270 4
860 20220711-11:40:40 6.1 14.15 270 4
861 20220711-11:40:41 6.1 14.05 270 4
862 20220711-11:40:42 6.1 13.95 270 3
863 20220711-11:40:43 6.1 13.85 270 3
864 20220711-11:40:43 6.1 13.75 270 3
865 20220711-11:40:44 6.1 13.65 270 3
866 20220711-11:40:45 6.1 13.55 270 3
867 20220711-11:40:46 6.1 13.45 270 3
868 20220711-11:40:46 6.1 13.35 270 3
869 20220711-11:40:47 6.1 13.25 270 3
870 20220711-11:40:48 6.1 13.15 270 3
871 20220711-11:40:48 6.1 13.05 270 3
872 20220711-11:40:49 6.1 12.95 270 3
873 20220711-11:40:49 6.1 12.85 270 3
874 20220711-11:40:50 6.1 12.75 270 3
875 20220711-11:40:51 6.1 12.65 270 3
876 20220711-11:40:51 6.1 12.55 270 3
877 20220711-11:40:52 6.1 12.45 270 3
878 20220711-11:40:52 6.1 12.35 270 3
879 20220711-11:40:53 6.1 12.25 270 3
880 20220711-11:40:53 6.1 12.15 270 3
881 20220711-11:40:54 6.1 12.05 270 3
882 20220711-11:40:54 6.1 11.95 270 2
883 20220711-11:40:55 6.1 11.85 270 2
884 20220711-11:40:55 6.1 11.75 270 2
885 20220711-11:40:56 6.1 11.65 270 2
886 20220711-11:40:56 6.1 11.55 270 2
887 20220711-11:40:57 6.1 11.45 270 2
888 20220711-11:40:58 6.1 11.35 270 2
889 20220711-11:40:58 6.1 11.25 270 2
890 20220711-11:40:59 6.1 11.15 270 2
891 20220711-11:41:00 6.1 11.05 270 2
892 20220711-11:41:00 6.1 10.95 270 2
893 20220711-11:41:01 6.1 10.85 270 2
894 20220711-11:41:01 6.1 10.75 270 2
895 20220711-11:41:02 6.1 10.65 270 2
896 20220711-11:41:02 6.1 10.55 270 2
897 20220711-11:41:03 6.1 10.45 270 2
898 20220711-11:41:03 6.1 10.35 270 2
899 20220711-11:41:04 6.1 10.25 270 2
900 20220711-11:41:04 6.1 10.15 270 2
901 20220711-11:41:05 6.1 10.05 270 2
902 20220711-11:41:06 6.1 9.95 270 1
903 20220711-11:41:08 6.1 9.85 270 1
904 20220711-11:41:08 6.1 9.75 270 1
905 20220711-11:41:10 6.1 9.65 270 1
906 20220711-11:41:12 6.1 9.55 270 1
907 20220711-11:41:14 6.1 9.45 270 1
908 20220711-11:41:14 6.1 9.35 270 1
909 20220711-11:41:15 6.1 9.25 270 1
910 20220711-11:41:16 6.1 9.15 270 1
911 20220711-11:41:17 6.1 9.05 270 1
912 20220711-11:41:18 6.1 8.95 270 1
913 20220711-11:41:18 6.1 8.85 270 1
914 20220711-11:41:19 6.1 8.75 270 1
915 20220711-11:41:19 6.1 8.65 270 1
916 20220711-11:41:20 6.1 8.55 270 1
917 20220711-11:41:20 6.1 8.45 270 1
918 20220711-11:41:21 6.1 8.35 270 1
919 20220711-11:41:21 6.1 8.25 270 1
920 20220711-11:41:22 6.1 8.15 270 1
921 20220711-11:41:23 6.1 8.05 270 1
922 20220711-11:41:24 6.1 7.95 270 0
923 20220711-11:41:25 6.1 7.85 270 0
924 20220711-11:41:26 6.1 7.75 270 0
925 20220711-11:41:27 6.1 7.65 270 0
926 20220711-11:41:30 6.1 7.55 270 0
927 20220711-11:41:46 6.1 7.55 315 0
928 20220711-11:41:55 6.1 7.35 315 0
929 20220711-11:41:57 6.1 7.35 315 0
930 20220711-11:42:02 6.1 7.35 315 0
931 20220711-11:42:05 6.1 7.25 315 0
932 20220711-11:42:06 6.1 7.05 315 0
933 20220711-11:42:09 6.2 6.95 315 0
934 20220711-11:42:14 6.2 6.75 315 0
935 20220711-11:42:26 6.2 6.65 315 0
936 20220711-11:42:28 6.3 6.65 315 0
937 20220711-11:42:44 6.3 6.65 0 0
938 20220711-11:42:50 6.3 6.65 0 0
939 20220711-11:43:00 6.3 6.65 315 0
940 20220711-11:43:07 6.8 6.65 315 0
941 20220711-11:43:13 7.3 6.75 315 20
942 20220711-11:43:17 7.6 6.65 315 20
943 20220711-11:43:23 7.7 6.45 315 20
944 20220711-11:43:26 8.0 6.25 315 20
945 20220711-11:43:37 8.0 6.05 315 20
946 20220711-11:43:43 8.0 6.05 315 20
947 20220711-11:43:48 8.3 6.05 315 20
948 20220711-11:43:51 9.0 6.15 315 21
949 20220711-11:43:52 9.2 6.15 315 21
950 20220711-11:43:54 9.4 6.15 315 21
951 20220711-11:43:58 9.4 6.15 315 21
952 20220711-11:44:01 9.4 6.15 0 21
953 20220711-11:44:08 9.7 6.15 0 21
954 20220711-11:44:09 9.9 6.15 0 21
955 20220711-11:44:13 9.9 6.15 0 21
956 20220711-11:44:14 9.9 6.15 0 21
957 20220711-11:44:15 9.9 6.15 0 21
958 20220711-11:44:16 9.9 6.15 0 21
959 20220711-11:44:17 9.9 6.15 0 21
960 20220711-11:44:19 10.3 6.15 0 21
961 20220711-11:44:20 10.6 6.15 0 21
962 20220711-11:44:20 10.8 6.15 0 21
963 20220711-11:44:21 11.0 6.15 0 22
964 20220711-11:44:22 11.2 6.15 0 22
965 20220711-11:44:23 11.4 6.15 0 22
966 20220711-11:44:24 11.6 6.15 0 22
967 20220711-11:44:24 11.8 6.15 0 22
968 20220711-11:44:28 12.0 6.15 0 22
969 20220711-11:44:29 12.2 6.15 0 22
970 20220711-11:44:30 12.4 6.15 0 22
971 20220711-11:44:31 12.6 6.15 0 22
972 20220711-11:44:32 12.8 6.15 0 22
973 20220711-11:44:33 13.0 6.15 0 23
974 20220711-11:44:33 13.2 6.15 0 23
975 20220711-11:44:34 13.4 6.15 0 23
976 20220711-11:44:35 13.6 6.15 0 23
977 20220711-11:44:36 13.8 6.15 0 23
978 20220711-11:44:37 14.0 6.15 0 23
979 20220711-11:44:38 14.2 6.15 0 23
980 20220711-11:44:39 14.4 6.15 0 23
981 20220711-11:44:40 14.6 6.15 0 23
982 20220711-11:44:41 14.8 6.15 0 23
983 20220711-11:44:44 15.0 6.15 0 24
984 20220711-11:44:46 15.2 6.15 0 24
985 20220711-11:44:56 15.4 6.15 0 24
986 20220711-11:44:57 15.6 6.15 0 24
987 20220711-11:44:58 15.8 6.15 0 24
988 20220711-11:44:59 16.0 6.15 0 24
989 20220711-11:45:00 16.2 6.15 0 24
990 20220711-11:45:00 16.4 6.15 0 24
991 20220711-11:45:01 16.6 6.15 0 24
992 20220711-11:45:02 16.8 6.15 0 24
993 20220711-11:45:02 17.0 6.15 0 25
994 20220711-11:45:03 17.2 6.15 0 25
995 20220711-11:45:03 17.4 6.15 0 25
996 20220711-11:45:04 17.6 6.15 0 25
997 20220711-11:45:05 17.8 6.15 0 25
998 20220711-11:45:06 18.2 6.15 0 25
999 20220711-11:45:07 18.5 6.15 0 25
1000 20220711-11:45:07 18.9 6.15 0 25
1001 20220711-11:45:08 19.1 6.15 0 26
1002 20220711-11:45:09 19.3 6.15 0 26
1003 20220711-11:45:10 19.5 6.15 0 26
1004 20220711-11:45:11 19.6 6.15 0 26
1005 20220711-11:45:12 19.7 6.15 0 26
1006 20220711-11:45:13 19.8 6.15 0 26
1007 20220711-11:45:14 19.9 6.15 0 26
1008 20220711-11:45:15 20.0 6.15 0 26
1009 20220711-11:45:42 26.2 6.25 0 46
1010 20220711-11:45:42 26.4 6.25 0 46
1011 20220711-11:45:44 26.6 6.25 0 46
1012 20220711-11:45:45 26.8 6.25 0 46
1013 20220711-11:45:46 27.0 6.25 0 47
1014 20220711-11:45:46 27.2 6.25 0 47
1015 20220711-11:45:47 27.4 6.25 0 47
1016 20220711-11:45:48 27.6 6.25 0 47
1017 20220711-11:45:49 27.8 6.25 0 47
1018 20220711-11:45:50 28.0 6.25 0 47
1019 20220711-11:45:51 28.2 6.25 0 47
1020 20220711-11:45:52 28.4 6.25 0 47
1021 20220711-11:45:52 28.6 6.25 0 47
1022 20220711-11:45:53 28.8 6.25 0 47
1023 20220711-11:45:54 29.0 6.25 0 47
1024 20220711-11:45:55 29.2 6.25 0 47
1025 20220711-11:45:56 29.4 6.25 0 47
1026 20220711-11:45:57 29.6 6.25 0 47
1027 20220711-11:45:58 29.8 6.25 0 47
1028 20220711-11:45:59 30.0 6.25 0 48
1029 20220711-11:45:59 30.2 6.25 0 48
1030 20220711-11:46:00 30.4 6.25 0 48
1031 20220711-11:46:01 30.6 6.25 0 48
1032 20220711-11:46:06 30.7 6.25 0 48
1033 20220711-11:46:07 30.8 6.25 0 48
1034 20220711-11:46:09 30.9 6.25 0 48
1035 20220711-11:46:10 31.0 6.25 0 48
1036 20220711-11:46:11 31.1 6.25 0 48
1037 20220711-11:46:19 31.1 6.25 45 48
1038 20220711-11:46:25 31.1 6.25 45 48
1039 20220711-11:46:28 31.1 6.25 45 48
1040 20220711-11:46:37 31.1 6.65 45 48
1041 20220711-11:46:38 31.1 6.95 45 48
1042 20220711-11:46:38 31.1 7.15 45 49
1043 20220711-11:46:39 31.1 7.35 45 49
1044 20220711-11:46:42 31.1 7.55 45 49
1045 20220711-11:46:43 31.1 7.75 45 49
1046 20220711-11:46:44 31.1 8.15 45 49
1047 20220711-11:46:47 31.1 8.45 45 49
1048 20220711-11:46:48 31.1 8.65 45 49
1049 20220711-11:46:48 31.1 8.85 45 49
1050 20220711-11:46:49 31.1 9.05 45 50
1051 20220711-11:46:50 31.1 9.25 45 50
1052 20220711-11:46:51 31.1 9.45 45 50
1053 20220711-11:46:52 31.1 9.65 45 50
1054 20220711-11:46:53 31.1 9.85 45 50
1055 20220711-11:47:00 31.1 9.85 45 50
1056 20220711-11:47:01 31.1 10.05 45 50
1057 20220711-11:47:04 31.1 10.25 45 50
1058 20220711-11:47:05 31.1 10.45 45 50
1059 20220711-11:47:06 31.1 10.65 45 50
1060 20220711-11:47:07 31.1 10.85 45 50
1061 20220711-11:47:08 31.1 11.05 45 51
1062 20220711-11:47:10 31.1 11.25 45 51
1063 20220711-11:47:10 31.1 11.45 45 51
1064 20220711-11:47:11 31.1 11.65 45 51
1065 20220711-11:47:12 31.1 11.85 45 51
1066 20220711-11:47:13 31.1 12.05 45 51
1067 20220711-11:47:14 31.1 12.25 45 51
1068 20220711-11:47:15 31.1 12.45 45 51
1069 20220711-11:47:16 31.1 12.65 45 51
1070 20220711-11:47:17 31.1 12.85 45 51
1071 20220711-11:47:18 31.1 13.05 45 52
1072 20220711-11:47:19 31.1 13.25 45 52
1073 20220711-11:47:19 31.1 13.45 45 52
1074 20220711-11:47:21 31.1 13.65 45 52
1075 20220711-11:47:22 31.1 13.85 45 52
1076 20220711-11:47:22 31.1 14.05 45 52
1077 20220711-11:47:23 31.1 14.25 45 52
1078 20220711-11:47:26 31.1 14.45 45 52
1079 20220711-11:47:27 31.1 14.65 45 52
1080 20220711-11:47:27 31.1 14.85 45 52
1081 20220711-11:47:28 31.1 15.05 45 53
1082 20220711-11:47:29 31.1 15.25 45 53
1083 20220711-11:47:30 31.1 15.45 45 53
1084 20220711-11:47:31 31.1 15.65 45 53
1085 20220711-11:47:32 31.1 15.85 45 53
1086 20220711-11:47:34 31.1 15.85 45 53
1087 20220711-11:47:36 31.1 15.95 45 53
1088 20220711-11:47:38 31.1 16.05 45 53
1089 20220711-11:47:39 31.1 16.15 45 53
1090 20220711-11:47:40 31.1 16.25 45 53
1091 20220711-11:47:43 31.1 16.35 45 53
1092 20220711-11:47:44 31.1 16.45 45 53
1093 20220711-11:47:45 31.1 16.55 45 53
1094 20220711-11:47:46 31.1 16.65 45 53
1095 20220711-11:47:47 31.1 16.75 45 53
1096 20220711-11:47:48 31.1 16.85 45 53
1097 20220711-11:47:49 31.1 16.95 45 53
1098 20220711-11:47:50 31.1 17.05 45 54
1099 20220711-11:47:50 31.1 17.15 45 54
1100 20220711-11:47:51 31.1 17.25 45 54
1101 20220711-11:47:52 31.1 17.35 45 54
1102 20220711-11:47:52 31.1 17.45 45 54
1103 20220711-11:47:53 31.1 17.55 45 54
1104 20220711-11:47:53 31.1 17.65 45 54
1105 20220711-11:47:54 31.1 17.75 45 54
1106 20220711-11:47:54 31.1 17.85 45 54
1107 20220711-11:47:55 31.1 17.95 45 54
1108 20220711-11:47:55 31.1 18.05 45 54
1109 20220711-11:47:58 31.1 18.15 45 54
1110 20220711-11:47:58 31.1 18.25 45 54
1111 20220711-11:47:58 31.1 18.35 45 54
1112 20220711-11:47:59 31.1 18.45 45 54
1113 20220711-11:48:00 31.1 18.55 45 54
1114 20220711-11:48:00 31.1 18.65 45 54
1115 20220711-11:48:01 31.1 18.75 45 54
1116 20220711-11:48:01 31.1 18.85 45 54
1117 20220711-11:48:02 31.1 18.95 45 54
1118 20220711-11:48:02 31.1 19.05 45 55
1119 20220711-11:48:03 31.1 19.15 45 55
1120 20220711-11:48:03 31.1 19.25 45 55
1121 20220711-11:48:04 31.1 19.35 45 55
1122 20220711-11:48:04 31.1 19.45 45 55
1123 20220711-11:48:05 31.1 19.55 45 55
1124 20220711-11:48:05 31.1 19.65 45 55
1125 20220711-11:48:06 31.1 19.75 45 55
1126 20220711-11:48:06 31.1 19.85 45 55
1127 20220711-11:48:07 31.1 19.95 45 55
1128 20220711-11:48:07 31.1 20.05 45 55
1129 20220711-11:48:08 31.1 20.15 45 55
1130 20220711-11:48:08 31.1 20.25 45 55
1131 20220711-11:48:09 31.1 20.35 45 55
1132 20220711-11:48:09 31.1 20.45 45 55
1133 20220711-11:48:10 31.1 20.55 45 55
1134 20220711-11:48:10 31.1 20.65 45 55
1135 20220711-11:48:11 31.1 20.75 45 55
1136 20220711-11:48:11 31.1 20.85 45 55
1137 20220711-11:48:12 31.1 20.95 45 55
1138 20220711-11:48:12 31.1 21.05 45 56
1139 20220711-11:48:13 31.1 21.15 45 56
1140 20220711-11:48:13 31.1 21.25 45 56
1141 20220711-11:48:14 31.1 21.35 45 56
1142 20220711-11:48:14 31.1 21.45 45 56
1143 20220711-11:48:15 31.1 21.55 45 56
1144 20220711-11:48:15 31.1 21.65 45 56
1145 20220711-11:48:16 31.1 21.75 45 56
1146 20220711-11:48:17 31.1 21.85 45 56
1147 20220711-11:48:17 31.1 21.95 45 56
1148 20220711-11:48:18 31.1 22.05 45 56
1149 20220711-11:48:18 31.1 22.15 45 56
1150 20220711-11:48:19 31.1 22.25 45 56
1151 20220711-11:48:19 31.1 22.35 45 56
1152 20220711-11:48:20 31.1 22.45 45 56
1153 20220711-11:48:20 31.1 22.55 45 56
1154 20220711-11:48:21 31.1 22.65 45 56
1155 20220711-11:48:22 31.1 22.75 45 56
1156 20220711-11:48:22 31.1 22.85 45 56
1157 20220711-11:48:23 31.1 22.95 45 56
1158 20220711-11:48:23 31.1 23.05 45 57
1159 20220711-11:48:24 31.1 23.15 45 57
1160 20220711-11:48:24 31.1 23.25 45 57
1161 20220711-11:48:25 31.1 23.35 45 57
1162 20220711-11:48:25 31.1 23.45 45 57
1163 20220711-11:48:26 31.1 23.55 45 57
1164 20220711-11:48:27 31.1 23.65 45 57
1165 20220711-11:48:29 31.1 23.75 45 57
1166 20220711-11:48:30 31.1 23.85 45 57
1167 20220711-11:48:30 31.1 23.95 45 57
1168 20220711-11:48:31 31.1 24.05 45 57
1169 20220711-11:48:31 31.1 24.15 45 57
1170 20220711-11:48:32 31.1 24.25 45 57
1171 20220711-11:48:32 31.1 24.35 45 57
1172 20220711-11:48:33 31.1 24.45 45 57
1173 20220711-11:48:33 31.1 24.55 45 57
1174 20220711-11:48:34 31.1 24.65 45 57
1175 20220711-11:48:34 31.1 24.75 45 57
1176 20220711-11:48:35 31.1 24.85 45 57
1177 20220711-11:48:35 31.1 24.95 45 57
1178 20220711-11:48:36 31.1 25.05 45 58
1179 20220711-11:48:36 31.1 25.15 45 58
1180 20220711-11:48:37 31.1 25.25 45 58
1181 20220711-11:48:37 31.1 25.35 45 58
1182 20220711-11:48:38 31.1 25.45 45 58
1183 20220711-11:48:38 31.1 25.55 45 58
1184 20220711-11:48:39 31.1 25.65 45 58
1185 20220711-11:48:39 31.1 25.75 45 58
1186 20220711-11:48:40 31.1 25.85 45 58
1187 20220711-11:48:40 31.1 25.95 45 58
1188 20220711-11:48:41 31.1 26.05 45 58
1189 20220711-11:48:41 31.1 26.15 45 58
1190 20220711-11:48:42 31.1 26.25 45 58
1191 20220711-11:48:42 31.1 26.35 45 58
1192 20220711-11:48:43 31.1 26.45 45 58
1193 20220711-11:48:44 31.1 26.55 45 58
1194 20220711-11:48:44 31.1 26.65 45 58
1195 20220711-11:48:45 31.1 26.75 45 58
1196 20220711-11:48:45 31.1 26.85 45 58
1197 20220711-11:48:46 31.1 26.95 45 58
1198 20220711-11:48:47 31.1 27.05 45 59
1199 20220711-11:48:47 31.1 27.15 45 59
1200 20220711-11:48:48 31.1 27.25 45 59
1201 20220711-11:48:48 31.1 27.35 45 59
1202 20220711-11:48:48 31.1 27.45 45 59
1203 20220711-11:48:49 31.1 27.55 45 59
1204 20220711-11:48:49 31.1 27.65 45 59
1205 20220711-11:48:50 31.1 27.75 45 59
1206 20220711-11:48:50 31.1 27.85 45 59
1207 20220711-11:48:50 31.1 27.95 45 59
1208 20220711-11:48:51 31.1 28.05 45 59
1209 20220711-11:48:51 31.1 28.15 45 59
1210 20220711-11:48:52 31.1 28.25 45 59
1211 20220711-11:48:52 31.1 28.35 45 59
1212 20220711-11:48:53 31.1 28.45 45 59
1213 20220711-11:48:53 31.1 28.55 45 59
1214 20220711-11:48:54 31.1 28.65 45 59
1215 20220711-11:48:54 31.1 28.75 45 59
1216 20220711-11:48:56 31.1 28.85 45 59
1217 20220711-11:48:57 31.1 28.95 45 59
1218 20220711-11:48:58 31.1 29.05 45 60
1219 20220711-11:48:58 31.1 29.15 45 60
1220 20220711-11:48:59 31.1 29.25 45 60
1221 20220711-11:49:00 31.1 29.35 45 60
1222 20220711-11:49:01 31.1 29.45 45 60
1223 20220711-11:49:02 31.1 29.55 45 60
1224 20220711-11:49:03 31.1 29.65 45 60
1225 20220711-11:49:03 31.1 29.75 45 60
1226 20220711-11:49:04 31.1 29.85 45 60
1227 20220711-11:49:05 31.1 29.95 45 60
1228 20220711-11:49:05 31.1 30.05 45 60
1229 20220711-11:49:06 31.1 30.15 45 60
1230 20220711-11:49:06 31.1 30.25 45 60
1231 20220711-11:49:07 31.1 30.35 45 60
1232 20220711-11:49:08 31.1 30.45 45 60
1233 20220711-11:49:09 31.1 30.45 45 60
1234 20220711-11:49:11 31.1 30.55 45 60
1235 20220711-11:49:12 31.1 30.65 45 60
1236 20220711-11:49:13 31.1 30.75 45 60
1237 20220711-11:49:13 31.1 30.85 45 60
1238 20220711-11:49:14 31.1 30.95 45 60
1239 20220711-11:49:14 31.1 31.05 45 61
1240 20220711-11:49:16 31.1 31.15 45 61
1241 20220711-11:49:17 31.1 31.25 45 61
1242 20220711-11:49:17 31.1 31.35 45 61
1243 20220711-11:49:18 31.1 31.45 45 61
1244 20220711-11:49:18 31.1 31.65 45 61
1245 20220711-11:49:19 31.1 31.75 45 61
1246 20220711-11:49:19 31.1 31.85 45 61
1247 20220711-11:49:20 31.1 32.05 45 61
1248 20220711-11:49:20 31.1 32.15 45 61
1249 20220711-11:49:21 31.1 32.35 45 61
1250 20220711-11:49:21 31.1 32.55 45 61
1251 20220711-11:49:22 31.1 32.75 45 61
1252 20220711-11:49:23 31.1 32.95 45 61
1253 20220711-11:49:24 31.1 33.15 45 62
1254 20220711-11:49:25 31.1 33.25 45 62
1255 20220711-11:49:26 31.1 33.35 45 62
1256 20220711-11:49:26 31.1 33.45 45 62
1257 20220711-11:49:27 31.1 33.55 45 62
1258 20220711-11:49:29 31.1 33.65 45 62
1259 20220711-11:49:30 31.1 33.75 45 62
1260 20220711-11:49:31 31.1 33.85 45 62
1261 20220711-11:49:31 31.1 33.95 45 62
1262 20220711-11:49:32 31.1 34.05 45 62
1263 20220711-11:49:33 31.1 34.15 45 62
1264 20220711-11:49:34 31.1 34.25 45 62
1265 20220711-11:49:34 31.1 34.35 45 62
1266 20220711-11:49:35 31.1 34.45 45 62
1267 20220711-11:49:36 31.1 34.55 45 62
1268 20220711-11:49:38 31.2 34.65 45 62
1269 20220711-11:49:39 31.4 34.75 45 62
1270 20220711-11:49:40 31.4 34.85 45 62
1271 20220711-11:49:41 31.4 34.95 45 62
1272 20220711-11:49:43 31.4 35.05 45 63
1273 20220711-11:49:43 31.4 35.25 45 63
1274 20220711-11:49:44 31.4 35.45 45 63
1275 20220711-11:49:45 31.4 35.75 45 63
1276 20220711-11:49:46 31.4 35.95 45 63
1277 20220711-11:49:46 31.4 36.15 45 63
1278 20220711-11:49:47 31.4 36.35 45 63
1279 20220711-11:49:47 31.4 36.55 45 63
1280 20220711-11:49:48 31.4 36.75 45 63
1281 20220711-11:49:49 31.4 36.95 45 63
1282 20220711-11:49:49 31.4 37.15 45 63
1283 20220711-11:49:50 31.4 37.35 45 63
1284 20220711-11:49:51 31.4 37.45 45 63
1285 20220711-11:49:51 31.4 37.55 45 63
1286 20220711-11:49:52 31.4 37.65 45 63
1287 20220711-11:49:53 31.4 37.75 45 63
1288 20220711-11:49:53 31.4 37.85 45 63
1289 20220711-11:49:54 31.4 37.95 45 63
1290 20220711-11:49:55 31.4 38.05 45 64
1291 20220711-11:49:56 31.4 38.15 45 64
1292 20220711-11:49:56 31.4 38.25 45 64
1293 20220711-11:49:57 31.4 38.35 45 64
1294 20220711-11:49:58 31.4 38.45 45 64
1295 20220711-11:49:59 31.4 38.55 45 64
1296 20220711-11:49:59 31.4 38.65 45 64
1297 20220711-11:50:00 31.4 38.75 45 64
1298 20220711-11:50:00 31.4 38.85 45 64
1299 20220711-11:50:01 31.4 38.95 45 64
1300 20220711-11:50:02 31.4 39.05 45 64
1301 20220711-11:50:02 31.4 39.15 45 64
1302 20220711-11:50:03 31.4 39.25 45 64
1303 20220711-11:50:04 31.4 39.35 45 64
1304 20220711-11:50:04 31.4 39.45 45 64
1305 20220711-11:50:05 31.4 39.55 45 64
1306 20220711-11:50:06 31.3 39.65 45 64
1307 20220711-11:50:06 31.3 39.75 45 64
1308 20220711-11:50:07 31.3 39.85 45 64
1309 20220711-11:50:08 31.3 39.95 45 64
1310 20220711-11:50:09 31.3 40.05 45 65
1311 20220711-11:50:10 31.3 40.15 45 65
1312 20220711-11:50:11 31.3 40.25 45 65
1313 20220711-11:50:11 31.3 40.35 45 65
1314 20220711-11:50:12 31.3 40.45 45 65
1315 20220711-11:50:13 31.3 40.55 45 65
1316 20220711-11:50:14 31.3 40.65 45 65
1317 20220711-11:50:14 31.3 40.75 45 65
1318 20220711-11:50:15 31.3 40.85 45 65
1319 20220711-11:50:16 31.3 41.05 45 65
1320 20220711-11:50:16 31.3 41.25 45 65
1321 20220711-11:50:17 31.3 41.45 45 65
1322 20220711-11:50:17 31.3 41.65 45 65
1323 20220711-11:50:18 31.3 41.85 45 65
1324 20220711-11:50:19 31.3 42.55 45 66
1325 20220711-11:50:20 31.3 42.75 45 66
1326 20220711-11:50:21 31.3 42.95 45 66
1327 20220711-11:50:22 31.3 43.15 45 66
1328 20220711-11:50:23 31.3 43.35 45 66
1329 20220711-11:50:25 31.4 43.55 45 66
1330 20220711-11:50:25 31.4 43.75 45 66
1331 20220711-11:50:26 31.4 43.95 45 66
1332 20220711-11:50:27 31.4 44.15 45 93
1333 20220711-11:50:28 31.4 44.35 45 93
1334 20220711-11:50:29 31.4 44.55 45 93
1335 20220711-11:50:30 31.4 44.75 45 93
1336 20220711-11:50:31 31.4 44.95 45 93
1337 20220711-11:50:32 31.4 45.15 45 93
1338 20220711-11:50:33 31.4 45.35 45 93
1339 20220711-11:50:34 31.4 45.55 45 93
1340 20220711-11:50:35 31.4 45.75 45 93
1341 20220711-11:50:36 31.4 45.85 45 93
1342 20220711-11:50:41 31.4 45.95 90 93
1343 20220711-11:50:44 31.4 46.05 90 94
1344 20220711-11:50:47 31.4 46.15 90 94
1345 20220711-11:50:48 31.4 46.25 90 94
1346 20220711-11:50:48 31.4 46.35 90 94
1347 20220711-11:50:51 31.4 46.45 90 94
1348 20220711-11:50:52 31.4 46.55 90 94
1349 20220711-11:50:53 31.4 46.65 90 94
1350 20220711-11:50:53 31.4 46.75 90 94
1351 20220711-11:50:54 31.4 46.85 90 94
1352 20220711-11:50:55 31.4 46.95 90 94
1353 20220711-11:50:56 31.4 47.05 90 94
1354 20220711-11:50:56 31.4 47.15 90 94
1355 20220711-11:50:59 31.4 47.25 90 94
1356 20220711-11:51:00 31.4 47.35 90 94
1357 20220711-11:51:00 31.4 47.45 90 94
1358 20220711-11:51:02 31.4 47.65 90 94
1359 20220711-11:51:03 31.4 47.75 90 94
1360 20220711-11:51:03 31.4 47.85 90 94
1361 20220711-11:51:04 31.4 47.95 90 94
1362 20220711-11:51:06 31.4 48.05 90 96
1363 20220711-11:51:07 31.4 48.15 90 96
1364 20220711-11:51:09 31.4 48.35 90 96
1365 20220711-11:51:09 31.4 48.55 90 96
1366 20220711-11:51:10 31.4 48.75 90 96
1367 20220711-11:51:11 31.4 48.95 90 96
1368 20220711-11:51:11 31.4 49.15 90 96
1369 20220711-11:51:12 31.4 49.35 90 96
1370 20220711-11:51:13 31.4 49.55 90 96
1371 20220711-11:51:13 31.4 49.75 90 96
1372 20220711-11:51:14 31.4 49.95 90 96
1373 20220711-11:51:15 31.4 50.15 90 98
1374 20220711-11:51:16 31.4 50.35 90 98
1375 20220711-11:51:17 31.4 50.55 90 98
1376 20220711-11:51:18 31.4 50.75 90 98
1377 20220711-11:51:24 31.6 50.75 90 98
1378 20220711-11:51:26 31.8 50.75 90 98
1379 20220711-11:51:27 31.8 50.95 90 98
1380 20220711-11:51:28 31.8 51.15 90 98
1381 20220711-11:51:29 31.8 51.35 90 98
1382 20220711-11:51:30 31.8 51.55 90 98
1383 20220711-11:51:32 31.8 51.75 90 98
1384 20220711-11:51:33 31.8 51.95 90 98
1385 20220711-11:51:34 31.8 52.15 90 100
1386 20220711-11:51:35 31.8 52.35 90 100
1387 20220711-11:51:35 31.8 52.55 90 100
1388 20220711-11:51:37 31.8 52.75 90 100
1389 20220711-11:51:38 31.8 52.95 90 100
1390 20220711-11:51:39 31.8 53.15 90 100
1391 20220711-11:51:39 31.8 53.35 90 100
1392 20220711-11:51:41 31.8 53.55 90 100
1393 20220711-11:51:42 31.8 53.75 90 100
1394 20220711-11:51:43 31.8 53.95 90 100
1395 20220711-11:51:44 31.8 54.15 90 102
1396 20220711-11:51:45 31.8 54.35 90 102
1397 20220711-11:51:46 31.8 54.55 90 102
1398 20220711-11:51:47 31.8 54.75 90 102
1399 20220711-11:51:48 31.8 54.95 90 102
1400 20220711-11:51:49 31.8 55.15 90 102
1401 20220711-11:51:50 31.8 55.35 90 102
1402 20220711-11:51:50 31.8 55.55 90 102
1403 20220711-11:51:51 31.8 55.75 90 102
1404 20220711-11:51:52 31.8 55.95 90 102
1405 20220711-11:51:53 31.8 56.15 90 141
1406 20220711-11:51:53 31.8 56.35 90 141
1407 20220711-11:51:54 31.8 56.55 90 141
1408 20220711-11:51:55 31.8 56.75 90 141
1409 20220711-11:51:56 31.8 56.95 90 141
1410 20220711-11:51:57 31.8 57.15 90 141
1411 20220711-11:51:58 31.8 57.35 90 141
1412 20220711-11:51:59 31.8 57.45 90 141
1413 20220711-11:52:07 31.8 57.55 90 141
1414 20220711-11:52:20 31.7 57.55 90 141
1415 20220711-11:52:28 31.7 57.55 135 141
1416 20220711-11:52:47 31.7 57.55 135 141
1417 20220711-11:52:53 31.3 58.15 135 141
1418 20220711-11:52:59 31.1 58.95 135 142
1419 20220711-11:53:05 31.1 58.95 90 142
1420 20220711-11:53:12 31.1 59.65 90 142
1421 20220711-11:53:13 31.1 59.85 90 142
1422 20220711-11:53:14 31.1 60.05 90 142
1423 20220711-11:53:15 31.1 60.25 90 142
1424 20220711-11:53:16 31.1 60.45 90 142
1425 20220711-11:53:16 31.1 60.65 90 142
1426 20220711-11:53:17 31.1 60.85 90 142
1427 20220711-11:53:18 31.1 61.05 90 143
1428 20220711-11:53:19 31.1 61.25 90 143
1429 20220711-11:53:20 31.1 61.45 90 143
1430 20220711-11:53:21 31.1 61.65 90 143
1431 20220711-11:53:21 31.1 61.85 90 143
1432 20220711-11:53:22 31.1 62.05 90 143
1433 20220711-11:53:23 31.1 62.25 90 143
1434 20220711-11:53:24 31.1 62.45 90 143
1435 20220711-11:53:25 31.1 62.65 90 143
1436 20220711-11:53:27 31.1 62.75 90 143
1437 20220711-11:53:28 31.1 62.85 90 143
1438 20220711-11:53:29 31.1 62.95 90 143
1439 20220711-11:53:30 31.1 63.05 90 144
1440 20220711-11:53:31 31.1 63.15 90 144
1441 20220711-11:53:32 31.1 63.25 90 144
1442 20220711-11:53:32 31.1 63.35 90 144
1443 20220711-11:53:33 31.1 63.45 90 144
1444 20220711-11:53:34 31.1 63.55 90 144
1445 20220711-11:53:34 31.1 63.65 90 144
1446 20220711-11:53:34 31.1 63.75 90 144
1447 20220711-11:53:35 31.1 63.85 90 144
1448 20220711-11:53:35 31.1 63.95 90 144
1449 20220711-11:53:36 31.1 64.05 90 144
1450 20220711-11:53:36 31.1 64.15 90 144
1451 20220711-11:53:37 31.1 64.25 90 144
1452 20220711-11:53:37 31.1 64.35 90 144
1453 20220711-11:53:38 31.1 64.45 90 144
1454 20220711-11:53:38 31.1 64.55 90 144
1455 20220711-11:53:39 31.1 64.65 90 144
1456 20220711-11:53:39 31.1 64.75 90 144
1457 20220711-11:53:40 31.1 64.85 90 144
1458 20220711-11:53:42 31.1 64.95 90 144
1459 20220711-11:53:43 31.1 65.05 90 145
1460 20220711-11:53:43 31.1 65.15 90 145
1461 20220711-11:53:44 31.1 65.25 90 145
1462 20220711-11:53:45 31.1 65.35 90 145
1463 20220711-11:53:46 31.1 65.45 90 145
1464 20220711-11:53:46 31.1 65.55 90 145
1465 20220711-11:53:47 31.1 65.65 90 145
1466 20220711-11:53:48 31.1 65.75 90 145
1467 20220711-11:53:48 31.1 65.85 90 145
1468 20220711-11:53:49 31.1 65.95 90 145
1469 20220711-11:53:50 31.1 66.05 90 145
1470 20220711-11:53:51 31.1 66.15 90 145
1471 20220711-11:54:00 31.1 66.25 90 145
1472 20220711-11:54:05 31.1 66.35 90 145
1473 20220711-11:54:05 31.1 66.45 90 145
1474 20220711-11:54:06 31.1 66.55 90 145
1475 20220711-11:54:07 31.1 66.65 90 145
1476 20220711-11:54:07 31.1 66.75 90 145
1477 20220711-11:54:08 31.1 66.85 90 145
1478 20220711-11:54:08 31.1 66.95 90 145
1479 20220711-11:54:09 31.1 67.05 90 146
1480 20220711-11:54:10 31.1 67.15 90 146
1481 20220711-11:54:12 31.1 67.25 90 146
1482 20220711-11:54:14 31.1 67.25 90 146
1483 20220711-11:54:15 31.1 67.35 90 146
1484 20220711-11:54:17 31.1 67.45 90 146
1485 20220711-11:54:24 31.1 67.55 90 146
1486 20220711-11:54:25 31.1 67.65 90 146
1487 20220711-11:54:25 31.1 67.75 90 146
1488 20220711-11:54:26 31.1 67.85 90 146
1489 20220711-11:54:26 31.1 67.95 90 146
1490 20220711-11:54:27 31.1 68.05 90 146
1491 20220711-11:54:27 31.1 68.15 90 146
1492 20220711-11:54:28 31.1 68.25 90 146
1493 20220711-11:54:28 31.1 68.35 90 146
1494 20220711-11:54:29 31.1 68.45 90 146
1495 20220711-11:54:29 31.1 68.55 90 146
1496 20220711-11:54:30 31.1 68.65 90 146
1497 20220711-11:54:30 31.1 68.75 90 146
1498 20220711-11:54:31 31.1 68.85 90 146
1499 20220711-11:54:31 31.1 68.95 90 146
1500 20220711-11:54:32 31.1 69.05 90 147
1501 20220711-11:54:32 31.1 69.15 90 147
1502 20220711-11:54:33 31.1 69.25 90 147
1503 20220711-11:54:33 31.1 69.35 90 147
1504 20220711-11:54:34 31.1 69.45 90 147
1505 20220711-11:54:34 31.1 69.55 90 147
1506 20220711-11:54:35 31.1 69.65 90 147
1507 20220711-11:54:35 31.1 69.75 90 147
1508 20220711-11:54:36 31.1 69.85 90 147
1509 20220711-11:54:36 31.1 69.95 90 147
1510 20220711-11:54:37 31.1 70.05 90 147
1511 20220711-11:54:37 31.1 70.15 90 147
1512 20220711-11:54:38 31.1 70.25 90 147
1513 20220711-11:54:38 31.1 70.35 90 147
1514 20220711-11:54:38 31.1 70.45 90 147
1515 20220711-11:54:39 31.1 70.55 90 147
1516 20220711-11:54:39 31.1 70.65 90 147
1517 20220711-11:54:40 31.1 70.75 90 147
1518 20220711-11:54:40 31.1 70.85 90 147
1519 20220711-11:54:41 31.1 70.95 90 147
1520 20220711-11:54:41 31.1 71.05 90 148
1521 20220711-11:54:41 31.1 71.15 90 148
1522 20220711-11:54:42 31.1 71.25 90 148
1523 20220711-11:54:43 31.1 71.35 90 148
1524 20220711-11:54:43 31.1 71.45 90 148
1525 20220711-11:54:43 31.1 71.55 90 148
1526 20220711-11:54:44 31.1 71.65 90 148
1527 20220711-11:54:44 31.1 71.75 90 148
1528 20220711-11:54:45 31.1 71.85 90 148
1529 20220711-11:54:45 31.1 71.95 90 148
1530 20220711-11:54:46 31.1 72.05 90 148
1531 20220711-11:54:47 31.1 72.15 90 148
1532 20220711-11:54:48 31.1 72.25 90 148
1533 20220711-11:54:57 31.1 72.35 90 148
