1 20220811-11:27:51 13.85 6.4 0 23
2 20220811-11:28:23 13.55 6.4 0 23
3 20220811-11:29:35 13.55 6.4 0 23
4 20220811-11:29:51 13.55 6.4 315 23
5 20220811-11:29:58 13.55 6.4 270 23
6 20220811-11:30:06 13.55 6.4 270 23
7 20220811-11:30:18 13.55 6.4 225 23
8 20220811-11:30:28 13.55 6.4 180 23
9 20220811-11:30:28 13.55 6.4 180 23
10 20220811-11:30:40 13.55 6.4 135 23
11 20220811-11:30:48 13.55 6.4 90 23
12 20220811-11:30:57 13.55 6.4 45 23
13 20220811-11:31:08 13.55 6.4 0 23
14 20220811-11:31:33 14.55 6.4 0 23
15 20220811-11:31:51 14.55 6.4 45 23
16 20220811-11:31:58 14.55 6.4 90 23
17 20220811-11:32:10 14.55 6.4 135 23
18 20220811-11:32:19 14.55 6.4 180 23
19 20220811-11:32:30 14.55 6.4 225 23
20 20220811-11:32:39 14.55 6.4 270 23
21 20220811-11:32:51 14.55 6.4 315 23
22 20220811-11:33:04 14.55 6.4 0 23
23 20220811-11:33:11 14.55 6.4 0 23
24 20220811-11:33:27 15.55 6.4 0 24
25 20220811-11:33:29 15.55 6.4 0 24
26 20220811-11:33:50 15.55 6.4 315 24
27 20220811-11:33:55 15.55 6.4 270 24
28 20220811-11:34:07 15.55 6.4 225 24
29 20220811-11:34:15 15.55 6.4 180 24
30 20220811-11:34:24 15.55 6.4 135 24
31 20220811-11:34:32 15.55 6.4 135 24
32 20220811-11:34:38 15.55 6.4 90 24
33 20220811-11:34:49 15.55 6.4 45 24
34 20220811-11:34:59 15.55 6.4 0 24
35 20220811-11:35:32 15.3 6.25 0 24
36 20220811-11:35:49 16.5 6.35 0 24
37 20220811-11:36:06 16.5 6.35 45 24
38 20220811-11:36:16 16.5 6.35 90 24
39 20220811-11:36:28 16.5 6.35 135 24
40 20220811-11:36:38 16.5 6.35 180 24
41 20220811-11:36:50 16.5 6.35 225 24
42 20220811-11:36:59 16.5 6.35 270 24
43 20220811-11:37:07 16.5 6.35 315 24
44 20220811-11:37:22 16.5 6.35 0 24
45 20220811-11:37:25 16.5 6.35 0 24
46 20220811-11:37:33 17.5 6.35 0 25
47 20220811-11:37:47 17.5 6.35 315 25
48 20220811-11:37:57 17.5 6.35 270 25
49 20220811-11:38:08 17.5 6.35 225 25
50 20220811-11:38:17 17.5 6.35 180 25
51 20220811-11:38:26 17.5 6.35 135 25
52 20220811-11:38:36 17.5 6.35 90 25
53 20220811-11:38:43 17.5 6.35 45 25
54 20220811-11:38:53 17.5 6.35 0 25
55 20220811-11:38:59 17.5 6.35 0 25
56 20220811-11:39:12 18.4 6.35 0 25
57 20220811-11:39:16 18.4 6.35 0 25
58 20220811-11:39:31 18.4 6.35 45 25
59 20220811-11:39:36 18.4 6.35 90 25
60 20220811-11:39:45 18.4 6.35 135 25
61 20220811-11:39:59 18.4 6.35 180 25
62 20220811-11:40:07 18.4 6.35 225 25
63 20220811-11:40:21 18.4 6.35 270 25
64 20220811-11:40:27 18.4 6.35 315 25
65 20220811-11:40:27 18.4 6.35 315 25
66 20220811-11:40:40 18.4 6.35 0 25
67 20220811-11:40:44 18.4 6.35 0 25
68 20220811-11:40:44 18.4 6.35 0 25
69 20220811-11:40:55 19.5 6.35 0 26
70 20220811-11:40:57 19.5 6.35 0 26
71 20220811-11:41:02 19.5 6.35 0 26
