1 20220713-14:11:30 31.5 72.1 90 148
2 20220713-14:12:02 31.5 72.4 90 148
3 20220713-14:12:04 31.5 72.6 90 148
4 20220713-14:12:05 31.5 72.8 90 148
5 20220713-14:12:06 31.5 73.0 90 149
6 20220713-14:12:07 31.5 73.2 90 149
7 20220713-14:12:11 31.5 73.4 90 149
8 20220713-14:12:12 31.5 73.6 90 149
9 20220713-14:12:13 31.5 73.8 90 149
10 20220713-14:12:16 31.5 74.0 90 149
11 20220713-14:12:18 31.5 74.2 90 149
12 20220713-14:12:20 31.5 74.4 90 149
13 20220713-14:12:23 31.3 74.5 90 149
14 20220713-14:12:24 31.3 74.7 90 149
15 20220713-14:12:25 31.3 74.9 90 149
16 20220713-14:12:27 31.3 75.1 90 150
17 20220713-14:12:28 31.3 75.3 90 150
18 20220713-14:12:29 31.3 75.5 90 150
19 20220713-14:12:31 31.3 75.7 90 150
20 20220713-14:12:33 31.3 75.8 90 150
21 20220713-14:12:34 31.3 75.9 90 150
22 20220713-14:12:35 31.3 76.1 90 150
23 20220713-14:12:36 31.3 76.3 90 150
24 20220713-14:12:38 31.3 76.5 90 150
25 20220713-14:12:39 31.3 76.7 90 150
26 20220713-14:12:41 31.3 76.9 90 150
27 20220713-14:12:48 31.3 77.1 90 151
28 20220713-14:12:49 31.3 77.2 90 151
29 20220713-14:12:50 31.3 77.4 90 151
30 20220713-14:12:53 31.3 77.5 90 151
31 20220713-14:12:54 31.3 77.7 90 151
32 20220713-14:12:55 31.3 77.8 90 151
33 20220713-14:12:57 31.3 77.9 90 151
34 20220713-14:12:58 31.3 78.0 90 151
35 20220713-14:13:00 31.3 78.1 90 151
36 20220713-14:13:04 31.3 78.3 90 151
37 20220713-14:13:05 31.3 78.4 90 151
38 20220713-14:13:08 31.3 78.5 90 151
39 20220713-14:13:10 31.3 78.6 90 151
40 20220713-14:13:11 31.3 78.7 90 151
41 20220713-14:13:13 31.3 78.8 90 151
42 20220713-14:13:14 31.3 78.9 90 151
43 20220713-14:13:16 31.3 79.0 90 153
44 20220713-14:13:17 31.3 79.1 90 153
45 20220713-14:13:20 31.3 79.2 90 153
46 20220713-14:13:21 31.3 79.3 90 153
47 20220713-14:13:23 31.3 79.4 90 153
48 20220713-14:13:24 31.3 79.6 90 153
49 20220713-14:13:25 31.3 79.7 90 153
50 20220713-14:13:26 31.3 79.8 90 153
51 20220713-14:13:27 31.3 79.9 90 153
52 20220713-14:13:28 31.3 80.0 90 153
53 20220713-14:13:29 31.3 80.1 90 153
54 20220713-14:13:31 31.3 80.2 90 153
55 20220713-14:13:33 31.3 80.4 90 153
56 20220713-14:13:35 31.3 80.5 90 153
57 20220713-14:13:37 31.3 80.7 90 153
58 20220713-14:13:39 31.3 80.9 90 153
59 20220713-14:13:40 31.3 81.1 90 154
60 20220713-14:13:40 31.3 81.3 90 154
61 20220713-14:13:41 31.3 81.5 90 154
62 20220713-14:13:42 31.3 81.7 90 154
63 20220713-14:13:43 31.3 81.8 90 154
64 20220713-14:13:44 31.3 82.0 90 154
65 20220713-14:13:44 31.3 82.1 90 154
66 20220713-14:13:45 31.3 82.2 90 154
67 20220713-14:13:46 31.3 82.3 90 154
68 20220713-14:13:48 31.3 82.5 90 154
69 20220713-14:13:52 31.3 82.7 90 154
70 20220713-14:13:54 31.3 82.8 90 154
71 20220713-14:13:55 31.3 82.9 90 154
72 20220713-14:13:56 31.3 83.0 90 155
73 20220713-14:13:58 31.3 83.1 90 155
74 20220713-14:14:00 31.3 83.2 90 155
75 20220713-14:14:03 31.3 83.4 90 155
76 20220713-14:14:03 31.3 83.6 90 155
77 20220713-14:14:04 31.3 83.8 90 155
78 20220713-14:14:05 31.3 84.0 90 155
79 20220713-14:14:06 31.3 84.2 90 155
80 20220713-14:14:08 31.3 84.3 90 155
81 20220713-14:14:09 31.3 84.5 90 155
82 20220713-14:14:10 31.3 84.7 90 155
83 20220713-14:14:11 31.3 84.9 90 155
84 20220713-14:14:12 31.3 85.1 90 156
85 20220713-14:14:13 31.3 85.3 90 156
86 20220713-14:14:14 31.3 85.5 90 156
87 20220713-14:14:15 31.3 85.7 90 156
88 20220713-14:14:16 31.3 86.0 90 156
89 20220713-14:14:17 31.3 86.2 90 156
90 20220713-14:14:18 31.3 86.4 90 156
91 20220713-14:14:19 31.3 86.6 90 156
92 20220713-14:14:20 31.3 86.8 90 156
93 20220713-14:14:21 31.3 87.0 90 157
94 20220713-14:14:22 31.3 87.2 90 157
95 20220713-14:14:23 31.3 87.4 90 157
96 20220713-14:14:24 31.3 87.5 90 157
97 20220713-14:14:25 31.3 87.6 90 157
98 20220713-14:14:26 31.3 87.7 90 157
99 20220713-14:14:26 31.3 87.8 90 157
100 20220713-14:14:27 31.3 88.0 90 157
101 20220713-14:14:28 31.3 88.2 90 157
102 20220713-14:14:29 31.3 88.3 90 157
103 20220713-14:14:30 31.3 88.4 90 157
104 20220713-14:14:31 31.3 88.5 90 157
105 20220713-14:14:32 31.3 88.6 90 157
106 20220713-14:14:33 31.3 88.7 90 157
107 20220713-14:14:34 31.3 88.8 90 157
108 20220713-14:14:35 31.3 88.9 90 157
109 20220713-14:14:36 31.3 89.0 90 158
110 20220713-14:14:37 31.3 89.1 90 158
111 20220713-14:14:38 31.3 89.3 90 158
112 20220713-14:14:39 31.3 89.4 90 158
113 20220713-14:14:39 31.3 89.5 90 158
114 20220713-14:14:40 31.3 89.6 90 158
115 20220713-14:14:41 31.3 89.7 90 158
116 20220713-14:14:42 31.3 89.8 90 158
117 20220713-14:14:44 31.3 89.9 90 158
118 20220713-14:14:44 31.3 90.1 90 158
119 20220713-14:14:45 31.3 90.2 90 158
120 20220713-14:14:46 31.3 90.3 90 158
121 20220713-14:14:47 31.3 90.4 90 158
122 20220713-14:14:48 31.3 90.6 90 158
123 20220713-14:14:49 31.3 90.8 90 158
124 20220713-14:15:00 31.3 90.8 135 158
125 20220713-14:15:03 31.3 90.8 135 158
126 20220713-14:15:06 31.2 90.9 135 158
127 20220713-14:15:10 31.2 90.9 135 158
128 20220713-14:15:20 31.2 90.9 135 158
129 20220713-14:15:23 31.2 90.9 135 158
130 20220713-14:15:25 31.2 90.9 135 158
131 20220713-14:15:34 31.2 90.9 180 158
132 20220713-14:15:35 31.0 90.9 180 158
133 20220713-14:15:36 30.8 90.9 180 158
134 20220713-14:15:37 30.6 90.9 180 158
135 20220713-14:15:38 30.4 90.9 180 158
136 20220713-14:15:40 30.2 90.9 180 158
137 20220713-14:15:42 30.0 90.9 180 158
138 20220713-14:15:43 29.9 90.9 180 229
139 20220713-14:15:44 29.7 90.9 180 229
140 20220713-14:15:45 29.6 90.9 180 229
141 20220713-14:15:47 29.4 90.9 180 229
142 20220713-14:15:48 29.3 90.9 180 229
143 20220713-14:15:49 29.2 90.9 180 229
144 20220713-14:15:50 29.0 90.9 180 229
145 20220713-14:15:51 28.8 90.9 180 229
146 20220713-14:15:53 28.6 90.9 180 229
147 20220713-14:15:54 28.4 90.9 180 229
148 20220713-14:15:55 28.2 90.9 180 229
149 20220713-14:15:56 28.0 90.9 180 229
150 20220713-14:15:57 27.8 90.9 180 228
151 20220713-14:15:58 27.5 90.9 180 228
152 20220713-14:15:59 27.2 90.9 180 228
153 20220713-14:16:00 27.0 90.9 180 228
154 20220713-14:16:01 26.7 90.9 180 228
155 20220713-14:16:02 26.3 90.9 180 228
156 20220713-14:16:04 25.9 90.9 180 227
157 20220713-14:16:05 25.7 90.9 180 227
158 20220713-14:16:06 25.4 90.9 180 227
159 20220713-14:16:07 25.2 90.9 180 227
160 20220713-14:16:08 25.0 90.9 180 227
161 20220713-14:16:08 24.8 90.9 180 227
162 20220713-14:16:09 24.6 90.9 180 227
163 20220713-14:16:11 24.4 90.9 180 227
164 20220713-14:16:12 24.2 90.9 180 227
165 20220713-14:16:13 23.9 90.9 180 226
166 20220713-14:16:14 23.7 90.9 180 226
167 20220713-14:16:16 23.6 90.9 180 226
168 20220713-14:16:17 23.4 90.9 180 226
169 20220713-14:16:18 23.2 90.9 180 226
170 20220713-14:16:19 23.0 90.9 180 226
171 20220713-14:16:21 22.8 90.9 180 226
172 20220713-14:16:22 22.6 90.9 180 226
173 20220713-14:16:23 22.4 90.9 180 226
174 20220713-14:16:24 22.2 90.9 180 226
175 20220713-14:16:25 22.0 90.9 180 226
176 20220713-14:16:26 21.8 90.9 180 225
177 20220713-14:16:29 21.7 90.9 180 225
178 20220713-14:16:30 21.5 90.9 180 225
179 20220713-14:16:32 21.4 90.9 180 225
180 20220713-14:16:33 21.3 90.9 180 225
181 20220713-14:16:34 21.2 90.9 180 225
182 20220713-14:16:35 21.0 90.9 180 225
183 20220713-14:16:36 20.8 90.9 180 225
184 20220713-14:16:37 20.6 90.9 180 225
185 20220713-14:16:38 20.4 90.9 180 225
186 20220713-14:16:40 20.2 90.9 180 225
187 20220713-14:16:41 20.1 90.9 180 225
188 20220713-14:16:42 20.0 90.9 180 225
189 20220713-14:16:43 19.9 90.9 180 224
190 20220713-14:16:44 19.8 90.9 180 224
191 20220713-14:16:45 19.7 90.9 180 224
192 20220713-14:16:46 19.6 90.9 180 224
193 20220713-14:16:47 19.4 90.9 180 224
194 20220713-14:16:48 19.3 90.9 180 224
195 20220713-14:16:49 19.2 90.9 180 224
196 20220713-14:16:50 19.1 90.9 180 224
197 20220713-14:16:50 19.0 90.9 180 224
198 20220713-14:16:51 18.9 90.9 180 224
199 20220713-14:16:52 18.7 90.9 180 224
200 20220713-14:16:53 18.6 90.9 180 224
201 20220713-14:16:54 18.5 90.9 180 224
202 20220713-14:16:55 18.4 90.9 180 224
203 20220713-14:16:56 18.3 90.9 180 224
204 20220713-14:16:57 18.1 90.9 180 224
205 20220713-14:16:57 18.0 90.9 180 224
206 20220713-14:16:58 17.9 90.9 180 223
207 20220713-14:16:59 17.7 90.9 180 223
208 20220713-14:17:00 17.6 90.9 180 223
209 20220713-14:17:01 17.4 90.9 180 223
210 20220713-14:17:03 17.2 90.9 180 223
211 20220713-14:17:04 17.0 90.9 180 223
212 20220713-14:17:05 16.8 90.9 180 223
213 20220713-14:17:07 16.5 90.9 180 223
214 20220713-14:17:08 16.3 90.9 180 223
215 20220713-14:17:11 15.9 90.9 180 222
216 20220713-14:17:12 15.7 90.9 180 222
217 20220713-14:17:14 15.5 90.9 180 222
218 20220713-14:17:15 15.3 90.9 180 222
219 20220713-14:17:16 15.1 90.9 180 222
220 20220713-14:17:17 14.9 90.9 180 222
221 20220713-14:17:18 14.8 90.9 180 222
222 20220713-14:17:19 14.7 90.9 180 222
223 20220713-14:17:23 14.6 90.9 180 222
224 20220713-14:17:24 14.5 90.9 180 222
225 20220713-14:17:26 14.4 90.9 180 222
226 20220713-14:17:27 14.3 90.9 180 222
227 20220713-14:17:28 14.2 90.9 180 222
228 20220713-14:17:30 14.1 90.9 180 222
229 20220713-14:17:31 14.0 90.9 180 222
230 20220713-14:17:32 13.9 90.9 180 221
231 20220713-14:17:33 13.8 90.9 180 221
232 20220713-14:17:34 13.6 90.9 180 221
233 20220713-14:17:35 13.5 90.9 180 221
234 20220713-14:17:38 13.4 90.9 180 221
235 20220713-14:17:43 13.2 90.9 180 221
236 20220713-14:17:44 13.1 90.9 180 221
237 20220713-14:17:45 12.9 90.9 180 221
238 20220713-14:17:45 12.8 90.9 180 221
239 20220713-14:17:46 12.7 90.9 180 221
240 20220713-14:17:48 12.5 90.9 180 221
241 20220713-14:17:51 12.3 90.9 180 221
242 20220713-14:17:51 12.1 90.9 180 221
243 20220713-14:17:55 12.0 90.9 180 221
244 20220713-14:17:58 11.9 90.9 180 221
245 20220713-14:18:03 11.8 90.9 180 221
246 20220713-14:18:08 11.7 90.9 180 221
247 20220713-14:18:15 11.6 90.9 180 221
248 20220713-14:18:24 11.5 90.9 180 221
249 20220713-14:18:31 11.4 90.9 180 221
250 20220713-14:18:31 11.3 90.9 180 184
251 20220713-14:18:33 11.2 90.9 180 184
252 20220713-14:18:34 11.1 90.9 180 184
253 20220713-14:18:36 11.0 90.9 180 184
254 20220713-14:18:37 10.8 90.9 180 184
255 20220713-14:18:45 10.7 90.9 180 184
256 20220713-14:18:46 10.5 90.9 180 184
257 20220713-14:18:48 10.3 90.9 180 184
258 20220713-14:18:49 10.1 90.9 180 184
259 20220713-14:18:51 10.0 90.9 180 184
260 20220713-14:18:52 9.9 90.9 180 184
261 20220713-14:18:54 9.8 90.9 180 184
262 20220713-14:18:55 9.7 90.9 180 184
263 20220713-14:18:56 9.6 90.9 180 184
264 20220713-14:18:58 9.5 90.9 180 184
265 20220713-14:19:02 9.4 90.9 180 220
266 20220713-14:19:06 9.3 90.9 180 220
267 20220713-14:19:07 9.2 90.9 180 220
268 20220713-14:19:08 9.0 90.9 180 220
269 20220713-14:19:09 8.7 90.9 180 220
270 20220713-14:19:10 8.5 90.9 180 220
271 20220713-14:19:11 8.3 90.9 180 220
272 20220713-14:19:13 8.1 90.9 180 220
273 20220713-14:19:14 7.9 90.9 180 220
274 20220713-14:19:16 7.7 90.9 180 220
275 20220713-14:19:19 7.5 90.9 180 220
276 20220713-14:19:22 7.4 90.9 180 220
277 20220713-14:19:25 7.3 90.9 180 220
278 20220713-14:19:28 7.0 90.9 180 220
279 20220713-14:19:29 6.8 90.9 180 218
280 20220713-14:19:31 6.7 90.9 180 218
281 20220713-14:19:32 6.4 90.9 180 218
282 20220713-14:19:37 6.4 90.9 135 218
283 20220713-14:19:48 6.4 91.1 135 218
284 20220713-14:19:53 6.4 91.1 135 218
285 20220713-14:20:00 6.4 91.1 90 218
286 20220713-14:20:14 6.4 91.3 90 218
287 20220713-14:20:19 6.4 91.5 90 218
288 20220713-14:20:20 6.4 91.7 90 218
289 20220713-14:20:21 6.4 91.9 90 218
290 20220713-14:20:23 6.3 91.9 90 218
291 20220713-14:20:24 6.3 92.1 90 219
292 20220713-14:20:25 6.3 92.3 90 219
293 20220713-14:20:26 6.3 92.5 90 219
294 20220713-14:20:28 6.3 92.7 90 219
295 20220713-14:20:29 6.3 92.9 90 219
296 20220713-14:20:29 6.3 93.1 90 219
297 20220713-14:20:31 6.3 93.3 90 219
298 20220713-14:20:32 6.3 93.5 90 219
299 20220713-14:20:33 6.3 93.7 90 219
300 20220713-14:20:35 6.3 93.8 90 219
301 20220713-14:20:38 6.3 93.9 90 219
302 20220713-14:20:55 6.3 93.9 135 219
303 20220713-14:21:07 6.3 93.9 135 219
304 20220713-14:21:18 6.3 93.9 180 219
305 20220713-14:21:22 6.3 93.9 225 219
306 20220713-14:21:24 6.3 93.9 225 219
307 20220713-14:21:28 6.3 93.9 225 219
308 20220713-14:21:47 6.3 93.9 270 219
309 20220713-14:21:52 6.3 93.6 270 219
310 20220713-14:21:56 6.3 93.4 270 219
311 20220713-14:21:57 6.3 93.2 270 219
312 20220713-14:21:58 6.3 93.0 270 219
313 20220713-14:21:59 6.3 92.8 270 219
314 20220713-14:22:00 6.3 92.6 270 219
315 20220713-14:22:01 6.3 92.4 270 219
316 20220713-14:22:04 6.3 92.2 270 219
317 20220713-14:22:07 6.3 92.0 270 219
318 20220713-14:22:08 6.3 91.8 270 218
319 20220713-14:22:10 6.3 91.6 270 218
320 20220713-14:22:11 6.3 91.4 270 218
321 20220713-14:22:12 6.3 91.2 270 218
322 20220713-14:22:20 6.3 91.0 270 218
323 20220713-14:22:22 6.3 90.9 270 218
324 20220713-14:22:26 6.3 90.8 270 218
325 20220713-14:22:33 6.3 90.6 270 218
326 20220713-14:22:34 6.3 90.4 270 218
327 20220713-14:22:35 6.3 90.2 270 218
328 20220713-14:22:38 6.3 90.0 270 218
329 20220713-14:22:45 6.3 89.8 270 217
330 20220713-14:22:47 6.3 89.6 270 217
331 20220713-14:22:48 6.3 89.4 270 217
332 20220713-14:22:49 6.3 89.2 270 217
333 20220713-14:22:50 6.3 89.0 270 217
334 20220713-14:22:51 6.3 88.8 270 217
335 20220713-14:22:55 6.3 88.6 270 217
336 20220713-14:22:58 6.3 88.4 270 217
337 20220713-14:23:00 6.3 88.2 270 217
338 20220713-14:23:06 6.3 88.0 270 217
339 20220713-14:23:12 6.3 87.8 270 216
340 20220713-14:23:14 6.3 87.6 270 216
341 20220713-14:23:16 6.3 87.4 270 216
342 20220713-14:23:19 6.3 87.2 270 216
343 20220713-14:23:23 6.3 87.0 270 216
344 20220713-14:23:30 6.3 86.7 270 216
345 20220713-14:23:31 6.3 86.5 270 216
346 20220713-14:23:33 6.3 86.2 270 216
347 20220713-14:23:34 6.3 86.1 270 216
348 20220713-14:23:35 6.3 85.9 270 215
349 20220713-14:23:36 6.3 85.7 270 215
350 20220713-14:23:37 6.3 85.5 270 215
351 20220713-14:23:41 6.3 85.3 270 215
352 20220713-14:23:43 6.3 85.3 270 215
353 20220713-14:23:47 6.3 85.1 270 215
354 20220713-14:23:50 6.3 84.9 270 215
355 20220713-14:23:56 6.3 84.7 270 215
356 20220713-14:24:04 6.3 84.5 270 215
357 20220713-14:24:05 6.3 84.3 270 215
358 20220713-14:24:08 6.3 84.1 270 215
359 20220713-14:24:10 6.3 83.9 270 214
360 20220713-14:24:16 6.3 83.7 270 214
361 20220713-14:24:18 6.3 83.5 270 214
362 20220713-14:24:20 6.3 83.3 270 214
363 20220713-14:24:25 6.3 83.1 270 214
364 20220713-14:24:27 6.3 82.9 270 214
365 20220713-14:24:29 6.3 82.7 270 214
366 20220713-14:24:30 6.3 82.4 270 214
367 20220713-14:24:32 6.3 82.1 270 214
368 20220713-14:24:34 6.3 81.8 270 213
369 20220713-14:24:42 6.3 81.8 225 213
370 20220713-14:24:46 6.3 81.3 225 213
371 20220713-14:24:49 6.3 81.1 225 213
372 20220713-14:24:53 6.3 80.9 225 213
373 20220713-14:24:57 6.3 80.7 225 213
374 20220713-14:25:01 6.3 80.7 270 213
375 20220713-14:25:03 6.3 80.5 270 213
376 20220713-14:25:06 6.3 80.3 270 213
377 20220713-14:25:09 6.3 80.1 270 213
378 20220713-14:25:11 6.3 79.9 270 212
379 20220713-14:25:24 6.3 79.4 270 212
380 20220713-14:25:25 6.3 79.2 270 212
381 20220713-14:25:26 6.3 79.0 270 212
382 20220713-14:25:27 6.3 78.7 270 212
383 20220713-14:25:29 6.3 78.5 270 212
384 20220713-14:25:31 6.3 78.3 270 212
385 20220713-14:25:32 6.3 78.1 270 212
386 20220713-14:25:33 6.3 77.9 270 211
387 20220713-14:25:34 6.3 77.7 270 211
388 20220713-14:25:37 6.3 77.5 270 211
389 20220713-14:25:39 6.3 77.3 270 211
390 20220713-14:25:43 6.3 77.1 270 211
391 20220713-14:25:44 6.3 76.9 270 211
392 20220713-14:25:45 6.3 76.7 270 211
393 20220713-14:25:47 6.3 76.5 270 211
394 20220713-14:25:50 6.3 76.3 270 211
395 20220713-14:26:15 6.3 75.9 270 210
396 20220713-14:26:18 6.3 75.8 270 210
397 20220713-14:26:20 6.3 75.7 270 210
398 20220713-14:26:22 6.3 75.6 270 210
399 20220713-14:26:28 6.3 75.6 315 210
400 20220713-14:26:33 6.3 75.6 315 210
401 20220713-14:26:46 6.3 75.6 315 210
402 20220713-14:27:06 6.3 75.6 315 210
403 20220713-14:27:10 6.7 75.7 315 210
404 20220713-14:27:13 6.9 75.8 315 210
405 20220713-14:27:19 7.1 75.8 315 209
406 20220713-14:27:22 7.2 75.8 315 209
407 20220713-14:27:24 7.2 75.8 315 209
408 20220713-14:27:26 7.4 75.8 315 209
409 20220713-14:27:33 7.4 75.8 0 209
410 20220713-14:27:37 7.4 75.8 315 209
411 20220713-14:28:06 7.4 75.8 315 209
412 20220713-14:28:09 7.4 75.8 315 209
413 20220713-14:28:11 7.4 75.8 315 209
414 20220713-14:28:15 7.7 75.8 315 209
415 20220713-14:28:19 7.7 75.8 270 209
416 20220713-14:28:26 7.7 75.6 270 209
417 20220713-14:28:27 7.7 75.4 270 209
418 20220713-14:28:28 7.7 75.2 270 209
419 20220713-14:28:30 7.7 75.0 270 209
420 20220713-14:28:31 7.7 74.8 270 208
421 20220713-14:28:32 7.7 74.6 270 208
422 20220713-14:28:35 7.7 74.4 270 208
423 20220713-14:28:37 7.7 74.2 270 208
424 20220713-14:28:38 7.7 74.0 270 208
425 20220713-14:28:39 7.7 73.8 270 208
426 20220713-14:28:40 7.7 73.6 270 208
427 20220713-14:28:40 7.7 73.4 270 208
428 20220713-14:28:41 7.7 73.2 270 208
429 20220713-14:28:42 7.7 73.1 270 208
430 20220713-14:28:43 7.7 73.0 270 208
431 20220713-14:28:44 7.7 72.8 270 207
432 20220713-14:28:46 7.7 72.7 270 207
433 20220713-14:28:47 7.7 72.6 270 207
434 20220713-14:28:49 7.7 72.5 270 207
435 20220713-14:29:05 7.7 72.5 225 207
436 20220713-14:29:15 7.7 72.5 225 207
437 20220713-14:29:20 7.7 72.5 225 207
438 20220713-14:29:25 7.7 72.5 225 207
439 20220713-14:29:33 7.7 72.5 225 207
440 20220713-14:29:45 7.7 72.5 180 207
441 20220713-14:29:48 7.7 72.5 180 207
442 20220713-14:29:56 7.7 72.5 135 207
443 20220713-14:30:01 7.7 72.5 135 207
444 20220713-14:30:08 7.7 72.5 135 207
445 20220713-14:30:15 7.7 72.5 90 207
446 20220713-14:30:18 7.7 72.5 90 207
447 20220713-14:30:23 7.7 72.7 90 207
448 20220713-14:30:25 7.7 72.9 90 207
449 20220713-14:30:28 7.7 73.1 90 208
450 20220713-14:30:30 7.7 73.3 90 208
451 20220713-14:30:35 7.7 73.4 90 208
452 20220713-14:30:36 7.7 73.6 90 208
453 20220713-14:30:37 7.7 73.8 90 208
454 20220713-14:30:38 7.7 74.0 90 208
455 20220713-14:30:39 7.7 74.2 90 208
456 20220713-14:30:40 7.7 74.4 90 208
457 20220713-14:30:41 7.7 74.6 90 208
458 20220713-14:30:42 7.7 74.8 90 208
459 20220713-14:30:43 7.7 75.0 90 209
460 20220713-14:30:44 7.7 75.2 90 209
461 20220713-14:30:48 7.7 75.3 90 209
462 20220713-14:30:55 7.7 75.3 135 209
463 20220713-14:31:11 7.7 75.3 180 209
464 20220713-14:31:17 7.5 75.3 180 209
465 20220713-14:31:18 7.3 75.3 180 209
466 20220713-14:31:21 7.1 75.3 180 209
467 20220713-14:31:23 7.0 75.3 180 209
468 20220713-14:31:24 6.8 75.3 180 210
469 20220713-14:31:26 6.6 75.3 180 210
470 20220713-14:31:28 6.4 75.3 180 210
471 20220713-14:31:31 6.2 75.3 180 210
472 20220713-14:31:33 6.1 75.3 180 210
473 20220713-14:31:44 6.1 75.3 225 210
474 20220713-14:31:47 6.1 75.3 225 210
475 20220713-14:31:50 6.1 75.3 225 210
476 20220713-14:31:57 6.1 75.3 270 210
477 20220713-14:32:01 6.1 75.1 270 210
478 20220713-14:32:03 6.1 74.9 270 210
479 20220713-14:32:10 6.1 74.9 315 210
480 20220713-14:32:15 6.1 74.6 315 210
481 20220713-14:32:17 6.1 74.6 270 210
482 20220713-14:32:19 6.1 74.4 270 210
483 20220713-14:32:21 6.1 74.2 270 210
484 20220713-14:32:28 6.1 74.0 270 210
485 20220713-14:32:32 6.1 73.8 270 206
486 20220713-14:32:34 6.1 73.4 270 206
487 20220713-14:32:35 6.1 73.2 270 206
488 20220713-14:32:35 6.1 73.0 270 206
489 20220713-14:32:37 6.1 72.8 270 206
490 20220713-14:32:38 6.1 72.6 270 206
491 20220713-14:32:40 6.1 72.4 270 206
492 20220713-14:32:42 6.1 72.2 270 206
493 20220713-14:32:43 6.1 72.1 270 206
494 20220713-14:32:45 6.1 71.9 270 205
495 20220713-14:32:46 6.1 71.7 270 205
496 20220713-14:32:47 6.1 71.5 270 205
497 20220713-14:32:52 6.1 71.4 270 205
498 20220713-14:32:53 6.1 71.2 270 205
499 20220713-14:32:56 6.1 71.1 270 205
500 20220713-14:33:00 6.1 70.9 270 205
501 20220713-14:33:01 6.1 70.7 270 205
502 20220713-14:33:02 6.1 70.4 270 205
503 20220713-14:33:04 6.1 70.3 270 205
504 20220713-14:33:06 6.1 70.1 270 205
505 20220713-14:33:07 6.1 69.9 270 204
506 20220713-14:33:08 6.1 69.7 270 204
507 20220713-14:33:09 6.1 69.5 270 204
508 20220713-14:33:11 6.1 69.3 270 204
509 20220713-14:33:12 6.1 69.2 270 204
510 20220713-14:33:13 6.1 69.0 270 204
511 20220713-14:33:14 6.1 68.8 270 204
512 20220713-14:33:18 6.1 68.7 270 204
513 20220713-14:33:19 6.1 68.6 270 204
514 20220713-14:33:20 6.1 68.4 270 204
515 20220713-14:33:22 6.1 68.3 270 204
516 20220713-14:33:23 6.1 68.1 270 204
517 20220713-14:33:25 6.1 67.8 270 203
518 20220713-14:33:26 6.1 67.6 270 203
519 20220713-14:33:27 6.1 67.4 270 203
520 20220713-14:33:29 6.1 67.2 270 203
521 20220713-14:33:32 6.1 67.0 270 203
522 20220713-14:33:33 6.1 66.8 270 203
523 20220713-14:33:34 6.1 66.6 270 203
524 20220713-14:33:36 6.1 66.4 270 203
525 20220713-14:33:43 6.1 66.3 270 203
526 20220713-14:33:50 6.1 66.2 270 203
527 20220713-14:33:56 6.1 66.1 270 203
528 20220713-14:33:57 6.1 65.9 270 202
529 20220713-14:33:58 6.1 65.7 270 202
530 20220713-14:34:02 6.1 65.5 270 202
531 20220713-14:34:05 6.1 65.3 270 202
532 20220713-14:34:07 6.1 65.1 270 202
533 20220713-14:34:09 6.1 64.9 270 202
534 20220713-14:34:11 6.1 64.7 270 202
535 20220713-14:34:13 6.1 64.5 270 202
536 20220713-14:34:14 6.1 64.4 270 202
537 20220713-14:34:15 6.1 64.3 270 202
538 20220713-14:34:17 6.1 64.1 270 202
539 20220713-14:34:18 6.1 63.9 270 201
540 20220713-14:34:21 6.1 63.7 270 201
541 20220713-14:34:22 6.1 63.5 270 201
542 20220713-14:34:23 6.1 63.3 270 201
543 20220713-14:34:24 6.1 63.1 270 201
544 20220713-14:34:25 6.1 62.9 270 201
545 20220713-14:34:26 6.1 62.7 270 201
546 20220713-14:34:27 6.1 62.5 270 201
547 20220713-14:34:28 6.1 62.3 270 201
548 20220713-14:34:30 6.1 62.1 270 201
549 20220713-14:34:31 6.1 61.9 270 200
550 20220713-14:34:37 6.1 61.8 270 200
551 20220713-14:34:38 6.1 61.7 270 200
552 20220713-14:34:39 6.1 61.5 270 200
553 20220713-14:34:40 6.1 61.3 270 200
554 20220713-14:34:41 6.1 61.2 270 200
555 20220713-14:34:42 6.1 61.0 270 200
556 20220713-14:34:43 6.1 60.8 270 200
557 20220713-14:34:44 6.1 60.6 270 200
558 20220713-14:34:45 6.1 60.5 270 200
559 20220713-14:34:46 6.1 60.4 270 200
560 20220713-14:34:47 6.1 60.3 270 200
561 20220713-14:34:48 6.1 60.2 270 200
562 20220713-14:34:50 6.1 60.1 270 200
563 20220713-14:34:51 6.1 60.0 270 200
564 20220713-14:34:52 6.1 59.9 270 200
565 20220713-14:34:54 6.1 59.8 270 200
566 20220713-14:34:55 6.1 59.7 270 200
567 20220713-14:35:01 6.1 59.6 270 200
568 20220713-14:35:02 6.1 59.4 270 200
569 20220713-14:35:03 6.1 59.2 270 200
570 20220713-14:35:04 6.1 59.0 270 200
571 20220713-14:35:08 6.1 58.9 270 128
572 20220713-14:35:11 6.1 58.8 270 128
573 20220713-14:35:13 6.1 58.7 270 128
574 20220713-14:35:18 6.1 58.6 270 128
575 20220713-14:35:18 6.1 58.4 270 128
576 20220713-14:35:19 6.1 58.2 270 128
577 20220713-14:35:20 6.1 58.0 270 128
578 20220713-14:35:21 6.1 57.8 270 128
579 20220713-14:35:23 6.1 57.7 270 128
580 20220713-14:35:24 6.1 57.5 270 128
581 20220713-14:35:25 6.1 57.4 270 128
582 20220713-14:35:26 6.1 57.3 270 128
583 20220713-14:35:27 6.1 57.2 270 128
584 20220713-14:35:28 6.1 57.1 270 128
585 20220713-14:35:29 6.1 57.0 270 128
586 20220713-14:35:30 6.1 56.9 270 128
587 20220713-14:35:31 6.1 56.8 270 128
588 20220713-14:35:39 6.1 56.7 270 128
589 20220713-14:35:44 6.1 56.6 270 128
590 20220713-14:35:46 6.1 56.5 270 128
591 20220713-14:35:47 6.1 56.3 270 128
592 20220713-14:35:48 6.1 56.1 270 128
593 20220713-14:35:50 6.1 55.9 270 127
594 20220713-14:35:51 6.1 55.7 270 127
595 20220713-14:35:52 6.1 55.5 270 127
596 20220713-14:35:55 6.1 55.3 270 127
597 20220713-14:35:57 6.1 55.1 270 127
598 20220713-14:36:00 6.1 55.1 315 127
599 20220713-14:36:11 6.1 55.1 315 127
600 20220713-14:36:16 6.1 55.1 315 127
601 20220713-14:36:21 6.1 55.1 0 127
602 20220713-14:36:23 6.1 55.1 0 127
603 20220713-14:36:26 6.1 55.1 45 127
604 20220713-14:36:30 6.1 55.1 45 127
605 20220713-14:36:37 6.1 55.1 45 127
606 20220713-14:36:44 6.1 55.1 90 127
607 20220713-14:36:54 6.1 55.3 90 127
608 20220713-14:36:59 6.1 55.5 90 127
609 20220713-14:37:01 6.1 55.7 90 127
610 20220713-14:37:02 6.1 55.9 90 127
611 20220713-14:37:04 6.1 56.1 90 128
612 20220713-14:37:05 6.1 56.3 90 128
613 20220713-14:37:08 6.1 56.5 90 128
614 20220713-14:37:11 6.1 56.7 90 128
615 20220713-14:37:14 6.1 56.9 90 128
616 20220713-14:37:17 6.1 57.1 90 128
617 20220713-14:37:21 6.1 57.3 90 128
618 20220713-14:37:22 6.1 57.5 90 128
619 20220713-14:37:24 6.1 57.6 90 128
620 20220713-14:37:25 6.1 57.7 90 128
621 20220713-14:37:27 6.1 57.8 90 128
622 20220713-14:37:28 6.1 58.0 90 128
623 20220713-14:37:29 6.1 58.2 90 128
624 20220713-14:37:30 6.1 58.4 90 128
625 20220713-14:37:31 6.1 58.6 90 128
626 20220713-14:37:33 6.1 58.7 90 128
627 20220713-14:37:34 6.1 58.8 90 128
628 20220713-14:37:35 6.1 58.9 90 128
629 20220713-14:37:36 6.1 59.0 90 200
630 20220713-14:37:38 6.1 59.2 90 200
631 20220713-14:37:40 6.1 59.4 90 200
632 20220713-14:37:43 6.1 59.6 90 200
633 20220713-14:37:47 6.1 59.8 90 200
634 20220713-14:37:49 6.1 60.0 90 200
635 20220713-14:37:51 6.1 60.2 90 200
636 20220713-14:37:52 6.1 60.4 90 200
637 20220713-14:37:54 6.1 60.6 90 200
638 20220713-14:37:55 6.1 60.8 90 200
639 20220713-14:37:56 6.1 61.0 90 200
640 20220713-14:37:58 6.1 61.2 90 200
641 20220713-14:38:01 6.1 61.3 90 200
642 20220713-14:38:03 6.1 61.5 90 200
643 20220713-14:38:04 6.1 61.6 90 200
644 20220713-14:38:05 6.1 61.7 90 200
645 20220713-14:38:07 6.1 61.9 90 200
646 20220713-14:38:07 6.1 62.0 90 201
647 20220713-14:38:09 6.1 62.2 90 201
648 20220713-14:38:12 6.1 62.3 90 201
649 20220713-14:38:13 6.1 62.5 90 201
650 20220713-14:38:17 6.1 62.7 90 201
651 20220713-14:38:19 6.1 62.9 90 201
652 20220713-14:38:22 6.1 63.0 90 201
653 20220713-14:38:23 6.1 63.2 90 201
654 20220713-14:38:28 6.1 63.3 90 201
655 20220713-14:38:29 6.1 63.4 90 201
656 20220713-14:38:30 6.1 63.6 90 201
657 20220713-14:38:31 6.1 63.7 90 201
658 20220713-14:38:33 6.1 63.8 90 201
659 20220713-14:38:34 6.1 64.0 90 202
660 20220713-14:38:34 6.1 64.2 90 202
661 20220713-14:38:35 6.1 64.4 90 202
662 20220713-14:38:37 6.1 64.5 90 202
663 20220713-14:38:38 6.1 64.6 90 202
664 20220713-14:38:39 6.1 64.7 90 202
665 20220713-14:38:44 6.1 64.9 90 202
666 20220713-14:38:45 6.1 65.1 90 202
667 20220713-14:38:50 6.1 65.3 90 202
668 20220713-14:38:51 6.1 65.5 90 202
669 20220713-14:38:52 6.1 65.7 90 202
670 20220713-14:38:53 6.1 65.9 90 202
671 20220713-14:38:54 6.1 66.1 90 203
672 20220713-14:38:56 6.1 66.3 90 203
673 20220713-14:38:58 6.1 66.5 90 203
674 20220713-14:38:59 6.1 66.7 90 203
675 20220713-14:39:01 6.1 66.8 90 203
676 20220713-14:39:02 6.1 66.9 90 203
677 20220713-14:39:03 6.1 67.0 90 203
678 20220713-14:39:04 6.1 67.1 90 203
679 20220713-14:39:05 6.1 67.2 90 203
680 20220713-14:39:06 6.1 67.3 90 203
681 20220713-14:39:11 6.1 67.5 90 203
682 20220713-14:39:13 6.1 67.6 90 203
683 20220713-14:39:14 6.1 67.7 90 203
684 20220713-14:39:15 6.1 67.8 90 203
685 20220713-14:39:15 6.1 67.9 90 203
686 20220713-14:39:17 6.1 68.0 90 204
687 20220713-14:39:20 6.1 68.1 90 204
688 20220713-14:39:22 6.1 68.3 90 204
689 20220713-14:39:23 6.1 68.4 90 204
690 20220713-14:39:25 6.1 68.6 90 204
691 20220713-14:39:26 6.1 68.8 90 204
692 20220713-14:39:27 6.1 68.9 90 204
693 20220713-14:39:28 6.1 69.0 90 204
694 20220713-14:39:29 6.1 69.1 90 204
695 20220713-14:39:30 6.1 69.2 90 204
696 20220713-14:39:32 6.1 69.3 90 204
697 20220713-14:39:32 6.1 69.4 90 204
698 20220713-14:39:33 6.1 69.5 90 204
699 20220713-14:39:35 6.1 69.6 90 204
700 20220713-14:39:39 6.1 69.7 90 204
701 20220713-14:39:41 6.1 69.8 90 204
702 20220713-14:39:42 6.1 69.9 90 204
703 20220713-14:39:44 6.1 70.0 90 205
704 20220713-14:39:49 6.1 70.1 90 205
705 20220713-14:39:52 6.1 70.2 90 205
706 20220713-14:39:54 6.1 70.3 90 205
707 20220713-14:39:55 6.1 70.4 90 205
708 20220713-14:39:57 6.1 70.5 90 205
709 20220713-14:39:59 6.1 70.6 90 205
710 20220713-14:40:03 6.1 70.7 90 205
711 20220713-14:40:04 6.1 70.9 90 205
712 20220713-14:40:05 6.1 71.2 90 205
713 20220713-14:40:06 6.1 71.4 90 205
714 20220713-14:40:07 6.1 71.6 90 205
715 20220713-14:40:09 6.1 71.7 90 205
716 20220713-14:40:11 6.1 71.8 90 205
717 20220713-14:40:13 6.1 71.9 90 205
718 20220713-14:40:14 6.1 72.0 90 206
719 20220713-14:40:15 6.1 72.1 90 206
720 20220713-14:40:21 6.1 72.2 90 206
721 20220713-14:40:22 6.1 72.4 90 206
722 20220713-14:40:23 6.1 72.5 90 206
723 20220713-14:40:24 6.1 72.6 90 206
724 20220713-14:40:25 6.1 72.7 90 206
725 20220713-14:40:26 6.1 72.8 90 206
726 20220713-14:40:27 6.1 72.9 90 206
727 20220713-14:40:28 6.1 73.0 90 206
728 20220713-14:40:29 6.1 73.1 90 206
729 20220713-14:40:30 6.1 73.2 90 206
730 20220713-14:40:31 6.1 73.4 90 206
731 20220713-14:40:32 6.1 73.5 90 206
732 20220713-14:40:33 6.1 73.7 90 206
733 20220713-14:40:34 6.1 73.9 90 206
734 20220713-14:40:34 6.1 74.0 90 210
735 20220713-14:40:37 6.1 74.1 90 210
736 20220713-14:40:38 6.1 74.3 90 210
737 20220713-14:40:40 6.1 74.5 90 210
738 20220713-14:40:41 6.1 74.7 90 210
739 20220713-14:40:42 6.1 74.9 90 210
740 20220713-14:40:43 6.1 75.1 90 210
741 20220713-14:40:44 6.1 75.2 90 210
742 20220713-14:40:45 6.1 75.4 90 210
743 20220713-14:40:46 6.1 75.6 90 210
744 20220713-14:40:47 6.1 75.8 90 210
745 20220713-14:40:48 6.1 76.0 90 211
746 20220713-14:40:49 6.1 76.1 90 211
747 20220713-14:40:50 6.1 76.2 90 211
748 20220713-14:40:52 6.1 76.3 90 211
749 20220713-14:40:53 6.1 76.4 90 211
750 20220713-14:40:54 6.1 76.6 90 211
751 20220713-14:40:55 6.1 76.8 90 211
752 20220713-14:40:56 6.1 76.9 90 211
753 20220713-14:40:57 6.1 77.0 90 211
754 20220713-14:40:57 6.1 77.1 90 211
755 20220713-14:40:58 6.1 77.2 90 211
756 20220713-14:40:59 6.1 77.3 90 211
757 20220713-14:40:59 6.1 77.4 90 211
758 20220713-14:41:00 6.1 77.6 90 211
759 20220713-14:41:01 6.1 77.7 90 211
760 20220713-14:41:01 6.1 77.8 90 211
761 20220713-14:41:02 6.1 77.9 90 211
762 20220713-14:41:03 6.1 78.0 90 212
763 20220713-14:41:05 6.1 78.1 90 212
764 20220713-14:41:07 6.1 78.2 90 212
765 20220713-14:41:08 6.1 78.3 90 212
766 20220713-14:41:11 6.1 78.4 90 212
767 20220713-14:41:13 6.1 78.5 90 212
768 20220713-14:41:14 6.1 78.6 90 212
769 20220713-14:41:15 6.1 78.7 90 212
770 20220713-14:41:16 6.1 78.8 90 212
771 20220713-14:41:18 6.1 78.9 90 212
772 20220713-14:41:19 6.1 79.0 90 212
773 20220713-14:41:20 6.1 79.1 90 212
774 20220713-14:41:21 6.1 79.2 90 212
775 20220713-14:41:22 6.1 79.3 90 212
776 20220713-14:41:22 6.1 79.4 90 212
777 20220713-14:41:24 6.1 79.5 90 212
778 20220713-14:41:26 6.1 79.6 90 212
779 20220713-14:41:27 6.1 79.8 90 212
780 20220713-14:41:29 6.1 79.9 90 212
781 20220713-14:41:33 6.1 80.0 90 213
782 20220713-14:41:34 6.1 80.1 90 213
783 20220713-14:41:36 6.1 80.2 90 213
784 20220713-14:41:37 6.1 80.3 90 213
785 20220713-14:41:39 6.1 80.4 90 213
786 20220713-14:41:40 6.1 80.5 90 213
787 20220713-14:41:41 6.1 80.6 90 213
788 20220713-14:41:42 6.1 80.7 90 213
789 20220713-14:41:44 6.1 80.8 90 213
790 20220713-14:41:44 6.1 81.0 90 213
791 20220713-14:41:45 6.1 81.2 90 213
792 20220713-14:41:46 6.1 81.4 90 213
793 20220713-14:41:48 6.1 81.6 90 213
794 20220713-14:41:49 6.1 81.8 90 213
795 20220713-14:41:50 6.1 82.0 90 214
796 20220713-14:41:51 6.1 82.2 90 214
797 20220713-14:41:53 6.1 82.4 90 214
798 20220713-14:41:53 6.1 82.6 90 214
799 20220713-14:41:55 6.1 82.8 90 214
800 20220713-14:41:55 6.1 82.9 90 214
801 20220713-14:41:56 6.1 83.1 90 214
802 20220713-14:41:57 6.1 83.2 90 214
803 20220713-14:41:59 6.1 83.3 90 214
804 20220713-14:42:00 6.1 83.4 90 214
805 20220713-14:42:00 6.1 83.5 90 214
806 20220713-14:42:01 6.1 83.6 90 214
807 20220713-14:42:02 6.1 83.7 90 214
808 20220713-14:42:03 6.1 83.8 90 214
809 20220713-14:42:04 6.1 83.9 90 214
810 20220713-14:42:04 6.1 84.0 90 215
811 20220713-14:42:06 6.1 84.1 90 215
812 20220713-14:42:07 6.1 84.2 90 215
813 20220713-14:42:09 6.1 84.3 90 215
814 20220713-14:42:10 6.1 84.4 90 215
815 20220713-14:42:11 6.1 84.5 90 215
816 20220713-14:42:11 6.1 84.7 90 215
817 20220713-14:42:12 6.1 84.9 90 215
818 20220713-14:42:14 6.1 85.1 90 215
819 20220713-14:42:15 6.1 85.3 90 215
820 20220713-14:42:16 6.1 85.5 90 215
821 20220713-14:42:17 6.1 85.7 90 215
822 20220713-14:42:18 6.1 85.9 90 215
823 20220713-14:42:19 6.1 86.0 90 216
824 20220713-14:42:20 6.1 86.2 90 216
825 20220713-14:42:21 6.1 86.3 90 216
826 20220713-14:42:22 6.1 86.4 90 216
827 20220713-14:42:23 6.1 86.5 90 216
828 20220713-14:42:25 6.1 86.6 90 216
829 20220713-14:42:25 6.1 86.7 90 216
830 20220713-14:42:26 6.1 86.8 90 216
831 20220713-14:42:27 6.1 86.9 90 216
832 20220713-14:42:28 6.1 87.0 90 216
833 20220713-14:42:28 6.1 87.2 90 216
834 20220713-14:42:29 6.1 87.4 90 216
835 20220713-14:42:30 6.1 87.6 90 216
836 20220713-14:42:31 6.1 87.7 90 216
837 20220713-14:42:32 6.1 87.9 90 216
838 20220713-14:42:33 6.1 88.0 90 217
839 20220713-14:42:33 6.1 88.1 90 217
840 20220713-14:42:34 6.1 88.3 90 217
841 20220713-14:42:35 6.1 88.5 90 217
842 20220713-14:42:37 6.1 88.6 90 217
843 20220713-14:42:38 6.1 88.7 90 217
844 20220713-14:42:39 6.1 88.8 90 217
845 20220713-14:42:40 6.1 88.9 90 217
846 20220713-14:42:41 6.1 89.0 90 217
847 20220713-14:42:42 6.1 89.1 90 217
848 20220713-14:42:43 6.1 89.2 90 217
849 20220713-14:42:44 6.1 89.3 90 217
850 20220713-14:42:45 6.1 89.4 90 217
851 20220713-14:42:45 6.1 89.5 90 217
852 20220713-14:42:46 6.1 89.6 90 217
853 20220713-14:42:47 6.1 89.7 90 217
854 20220713-14:42:47 6.1 89.8 90 217
855 20220713-14:42:48 6.1 89.9 90 217
856 20220713-14:42:49 6.1 90.0 90 218
857 20220713-14:42:50 6.1 90.1 90 218
858 20220713-14:42:51 6.1 90.3 90 218
859 20220713-14:42:54 6.1 90.4 90 218
860 20220713-14:42:56 6.1 90.5 90 218
861 20220713-14:42:57 6.1 90.6 90 218
862 20220713-14:42:59 6.1 90.7 90 218
863 20220713-14:43:01 6.1 90.8 90 218
864 20220713-14:43:03 6.1 90.9 90 218
865 20220713-14:43:05 6.1 91.0 90 218
866 20220713-14:43:06 6.1 91.1 90 218
867 20220713-14:43:08 6.1 91.2 90 218
868 20220713-14:43:09 6.1 91.3 90 218
869 20220713-14:43:10 6.1 91.4 90 218
870 20220713-14:43:19 6.1 91.5 45 218
871 20220713-14:43:25 6.1 91.4 45 218
872 20220713-14:43:36 6.1 91.4 45 218
873 20220713-14:43:42 6.1 91.3 45 218
874 20220713-14:43:45 6.1 91.3 0 218
875 20220713-14:43:50 6.3 91.2 0 218
876 20220713-14:43:52 6.5 91.2 0 218
877 20220713-14:43:54 6.7 91.2 0 218
878 20220713-14:43:55 6.9 91.2 0 218
879 20220713-14:43:57 7.1 91.2 0 220
880 20220713-14:43:59 7.3 91.2 0 220
881 20220713-14:44:04 7.5 91.2 0 220
882 20220713-14:44:05 7.7 91.2 0 220
883 20220713-14:44:08 7.8 91.2 0 220
884 20220713-14:44:09 8.0 91.2 0 220
885 20220713-14:44:10 8.2 91.2 0 220
886 20220713-14:44:13 8.4 91.2 0 220
887 20220713-14:44:21 8.6 91.2 0 220
888 20220713-14:44:23 8.7 91.2 0 220
889 20220713-14:44:24 8.8 91.2 0 220
890 20220713-14:44:30 8.9 91.2 0 220
891 20220713-14:44:35 9.3 91.2 0 220
892 20220713-14:44:36 9.5 91.2 0 184
893 20220713-14:44:37 9.7 91.2 0 184
894 20220713-14:44:40 9.9 91.2 0 184
895 20220713-14:44:42 10.0 91.2 0 184
896 20220713-14:44:43 10.1 91.2 0 184
897 20220713-14:44:44 10.2 91.2 0 184
898 20220713-14:44:47 10.2 91.2 315 184
899 20220713-14:44:51 10.2 91.2 315 184
900 20220713-14:44:56 10.2 91.2 315 184
901 20220713-14:45:00 10.2 91.2 315 184
902 20220713-14:45:03 10.2 91.2 315 184
903 20220713-14:45:05 10.2 91.2 315 184
904 20220713-14:45:15 10.2 91.2 270 184
905 20220713-14:45:23 10.2 91.0 270 184
906 20220713-14:45:25 10.2 90.8 270 184
907 20220713-14:45:26 10.2 90.6 270 184
908 20220713-14:45:27 10.2 90.4 270 184
909 20220713-14:45:29 10.2 90.2 270 184
910 20220713-14:45:31 10.2 90.0 270 184
911 20220713-14:45:32 10.2 89.8 270 185
912 20220713-14:45:41 10.2 89.7 270 185
913 20220713-14:45:43 10.2 89.6 270 185
914 20220713-14:45:45 10.2 89.5 270 185
915 20220713-14:45:46 10.2 89.4 270 185
916 20220713-14:45:46 10.2 89.3 270 185
917 20220713-14:45:47 10.2 89.2 270 185
918 20220713-14:45:48 10.2 89.1 270 185
919 20220713-14:45:49 10.2 89.0 270 185
920 20220713-14:45:50 10.2 88.9 270 185
921 20220713-14:45:51 10.2 88.8 270 185
922 20220713-14:45:52 10.2 88.7 270 185
923 20220713-14:45:52 10.2 88.5 270 185
924 20220713-14:45:53 10.2 88.3 270 185
925 20220713-14:45:54 10.2 88.2 270 185
926 20220713-14:45:54 10.2 88.0 270 185
927 20220713-14:45:59 10.2 87.9 270 186
928 20220713-14:46:03 10.2 87.8 270 186
929 20220713-14:46:04 10.2 87.7 270 186
930 20220713-14:46:06 10.2 87.6 270 186
931 20220713-14:46:08 10.2 87.5 270 186
932 20220713-14:46:08 10.2 87.4 270 186
933 20220713-14:46:09 10.2 87.3 270 186
934 20220713-14:46:10 10.2 87.2 270 186
935 20220713-14:46:11 10.2 87.0 270 186
936 20220713-14:46:12 10.2 86.9 270 186
937 20220713-14:46:13 10.2 86.7 270 186
938 20220713-14:46:14 10.2 86.6 270 186
939 20220713-14:46:19 10.2 86.5 270 186
940 20220713-14:46:22 10.2 86.4 270 186
941 20220713-14:46:23 10.2 86.3 270 186
942 20220713-14:46:23 10.2 86.1 270 186
943 20220713-14:46:25 10.2 85.9 270 187
944 20220713-14:46:29 10.2 85.7 270 187
945 20220713-14:46:30 10.2 85.5 270 187
946 20220713-14:46:31 10.2 85.3 270 187
947 20220713-14:46:33 10.2 85.0 270 187
948 20220713-14:46:34 10.2 84.8 270 187
949 20220713-14:46:36 10.2 84.7 270 187
950 20220713-14:46:37 10.2 84.6 270 187
951 20220713-14:46:38 10.2 84.5 270 187
952 20220713-14:46:39 10.2 84.4 270 187
953 20220713-14:46:41 10.2 84.2 270 187
954 20220713-14:46:42 10.2 84.1 270 187
955 20220713-14:46:43 10.2 84.0 270 187
956 20220713-14:46:44 10.2 83.9 270 188
957 20220713-14:46:45 10.2 83.7 270 188
958 20220713-14:46:46 10.2 83.5 270 188
959 20220713-14:46:48 10.2 83.4 270 188
960 20220713-14:46:51 10.2 83.3 270 188
961 20220713-14:46:54 10.2 83.2 270 188
962 20220713-14:46:55 10.2 83.1 270 188
963 20220713-14:46:56 10.2 83.0 270 188
964 20220713-14:46:57 10.2 82.9 270 188
965 20220713-14:46:58 10.2 82.8 270 188
966 20220713-14:47:00 10.2 82.7 270 188
967 20220713-14:47:01 10.2 82.6 270 188
968 20220713-14:47:02 10.2 82.4 270 188
969 20220713-14:47:04 10.2 82.3 270 188
970 20220713-14:47:05 10.2 82.2 270 188
971 20220713-14:47:05 10.2 82.0 270 188
972 20220713-14:47:06 10.2 81.9 270 189
973 20220713-14:47:07 10.2 81.8 270 189
974 20220713-14:47:08 10.2 81.7 270 189
975 20220713-14:47:09 10.2 81.6 270 189
976 20220713-14:47:11 10.2 81.5 270 189
977 20220713-14:47:12 10.2 81.4 270 189
978 20220713-14:47:13 10.2 81.2 270 189
979 20220713-14:47:14 10.2 81.1 270 189
980 20220713-14:47:15 10.2 80.9 270 189
981 20220713-14:47:16 10.2 80.8 270 189
982 20220713-14:47:17 10.2 80.6 270 189
983 20220713-14:47:18 10.2 80.5 270 189
984 20220713-14:47:19 10.2 80.3 270 189
985 20220713-14:47:19 10.2 80.2 270 189
986 20220713-14:47:20 10.2 80.0 270 189
987 20220713-14:47:21 10.2 79.9 270 190
988 20220713-14:47:22 10.2 79.7 270 190
989 20220713-14:47:23 10.2 79.6 270 190
990 20220713-14:47:24 10.2 79.5 270 190
991 20220713-14:47:25 10.2 79.4 270 190
992 20220713-14:47:26 10.2 79.2 270 190
993 20220713-14:47:27 10.2 79.1 270 190
994 20220713-14:47:28 10.2 79.0 270 190
995 20220713-14:47:28 10.2 78.9 270 190
996 20220713-14:47:29 10.2 78.7 270 190
997 20220713-14:47:30 10.2 78.6 270 190
998 20220713-14:47:31 10.2 78.5 270 190
999 20220713-14:47:32 10.2 78.3 270 190
1000 20220713-14:47:33 10.2 78.2 270 190
1001 20220713-14:47:35 10.2 78.1 270 190
1002 20220713-14:47:36 10.2 78.0 270 190
1003 20220713-14:47:37 10.2 77.9 270 191
1004 20220713-14:47:38 10.2 77.8 270 191
1005 20220713-14:47:41 10.2 77.7 270 191
1006 20220713-14:47:43 10.2 77.6 270 191
1007 20220713-14:47:44 10.2 77.5 270 191
1008 20220713-14:47:45 10.2 77.4 270 191
1009 20220713-14:47:46 10.2 77.3 270 191
1010 20220713-14:47:47 10.2 77.2 270 191
1011 20220713-14:47:48 10.2 77.1 270 191
1012 20220713-14:47:49 10.2 77.0 270 191
1013 20220713-14:47:50 10.2 76.8 270 191
1014 20220713-14:47:51 10.2 76.7 270 191
1015 20220713-14:47:52 10.2 76.5 270 191
1016 20220713-14:47:55 10.2 76.4 270 191
1017 20220713-14:47:57 10.2 76.3 270 191
1018 20220713-14:47:58 10.2 76.2 270 191
1019 20220713-14:48:01 10.2 76.1 270 191
1020 20220713-14:48:02 10.2 75.9 270 192
1021 20220713-14:48:04 10.2 75.8 270 192
1022 20220713-14:48:12 10.2 75.7 270 192
1023 20220713-14:48:13 10.2 75.5 270 192
1024 20220713-14:48:14 10.2 75.4 270 192
1025 20220713-14:48:15 10.2 75.3 270 192
1026 20220713-14:48:16 10.2 75.1 270 192
1027 20220713-14:48:17 10.2 75.0 270 192
1028 20220713-14:48:29 10.2 75.0 225 192
1029 20220713-14:48:46 10.2 75.0 225 192
1030 20220713-14:48:59 10.2 75.0 180 192
1031 20220713-14:49:01 10.2 75.0 180 192
1032 20220713-14:49:06 10.2 75.0 180 192
1033 20220713-14:49:11 10.2 75.0 225 192
1034 20220713-14:49:15 10.2 75.0 225 192
1035 20220713-14:49:16 10.2 75.0 225 192
1036 20220713-14:49:18 10.2 75.0 225 192
1037 20220713-14:49:20 10.2 75.0 225 192
1038 20220713-14:49:22 10.2 75.0 225 192
1039 20220713-14:49:24 10.2 75.0 225 192
1040 20220713-14:49:26 10.2 75.0 225 192
1041 20220713-14:49:28 10.2 75.0 225 192
1042 20220713-14:49:30 10.2 75.0 225 192
1043 20220713-14:49:38 10.2 75.0 270 192
1044 20220713-14:49:41 10.2 74.8 270 192
1045 20220713-14:49:42 10.2 74.6 270 192
1046 20220713-14:49:46 10.2 74.4 270 192
1047 20220713-14:49:47 10.2 74.3 270 192
1048 20220713-14:49:51 10.2 74.2 270 192
1049 20220713-14:49:54 10.2 74.1 270 192
1050 20220713-14:49:55 10.2 73.9 270 193
1051 20220713-14:49:59 10.2 73.8 270 193
1052 20220713-14:50:01 10.2 73.7 270 193
1053 20220713-14:50:02 10.2 73.7 270 193
1054 20220713-14:50:03 10.2 73.6 270 193
1055 20220713-14:50:13 10.2 73.5 225 193
1056 20220713-14:50:19 10.2 73.3 225 193
1057 20220713-14:50:24 10.2 73.3 225 193
1058 20220713-14:50:41 10.2 73.3 180 193
1059 20220713-14:50:45 10.2 73.3 225 193
1060 20220713-14:50:49 10.2 73.3 225 193
1061 20220713-14:50:53 10.2 73.3 225 193
1062 20220713-14:50:56 10.2 73.3 225 193
1063 20220713-14:51:07 10.2 73.3 270 193
1064 20220713-14:51:13 10.2 72.9 270 193
1065 20220713-14:51:15 10.2 72.7 270 193
1066 20220713-14:51:17 10.2 72.5 270 193
1067 20220713-14:51:18 10.2 72.3 270 193
1068 20220713-14:51:20 10.2 72.1 270 193
1069 20220713-14:51:21 10.2 71.9 270 194
1070 20220713-14:51:22 10.2 71.7 270 194
1071 20220713-14:51:24 10.2 71.6 270 194
1072 20220713-14:51:25 10.2 71.5 270 194
1073 20220713-14:51:28 10.2 71.4 270 194
1074 20220713-14:51:28 10.2 71.2 270 194
1075 20220713-14:51:29 10.2 71.0 270 194
1076 20220713-14:51:30 10.2 70.9 270 194
1077 20220713-14:51:32 10.2 70.8 270 194
1078 20220713-14:51:33 10.2 70.6 270 194
1079 20220713-14:51:34 10.2 70.5 270 194
1080 20220713-14:51:35 10.2 70.3 270 194
1081 20220713-14:51:36 10.2 70.1 270 194
1082 20220713-14:51:37 10.2 69.9 270 195
1083 20220713-14:51:38 10.2 69.7 270 195
1084 20220713-14:51:45 10.2 69.5 270 195
1085 20220713-14:51:47 10.2 69.3 270 195
1086 20220713-14:51:51 10.2 69.1 270 195
1087 20220713-14:51:52 10.2 68.9 270 195
1088 20220713-14:51:53 10.2 68.7 270 195
1089 20220713-14:51:54 10.2 68.5 270 195
1090 20220713-14:51:55 10.2 68.3 270 195
1091 20220713-14:51:57 10.2 68.1 270 195
1092 20220713-14:51:58 10.2 67.9 270 196
1093 20220713-14:52:03 10.2 67.7 270 196
1094 20220713-14:52:05 10.2 67.6 270 196
1095 20220713-14:52:06 10.2 67.4 270 196
1096 20220713-14:52:08 10.2 67.2 270 196
1097 20220713-14:52:09 10.2 67.0 270 196
1098 20220713-14:52:17 10.2 66.9 270 196
1099 20220713-14:52:18 10.2 66.8 270 196
1100 20220713-14:52:21 10.2 66.7 270 196
1101 20220713-14:52:22 10.2 66.5 270 196
1102 20220713-14:52:23 10.2 66.3 270 196
1103 20220713-14:52:24 10.2 66.1 270 196
1104 20220713-14:52:25 10.2 65.9 270 197
1105 20220713-14:52:28 10.2 65.8 270 197
1106 20220713-14:52:30 10.2 65.7 270 197
1107 20220713-14:52:32 10.2 65.6 270 197
1108 20220713-14:52:34 10.2 65.5 270 197
1109 20220713-14:52:35 10.2 65.4 270 197
1110 20220713-14:52:36 10.2 65.2 270 197
1111 20220713-14:52:37 10.2 65.0 270 197
1112 20220713-14:52:38 10.2 64.8 270 197
1113 20220713-14:52:39 10.2 64.6 270 197
1114 20220713-14:52:40 10.2 64.5 270 197
1115 20220713-14:52:41 10.2 64.3 270 197
1116 20220713-14:52:42 10.2 64.2 270 197
1117 20220713-14:52:45 10.2 64.1 270 197
1118 20220713-14:52:48 10.2 64.0 270 197
1119 20220713-14:52:49 10.2 63.9 270 198
1120 20220713-14:52:50 10.2 63.8 270 198
1121 20220713-14:52:51 10.2 63.7 270 198
1122 20220713-14:52:52 10.2 63.5 270 198
1123 20220713-14:52:53 10.2 63.4 270 198
1124 20220713-14:52:54 10.2 63.3 270 198
1125 20220713-14:53:01 10.2 63.2 270 198
1126 20220713-14:53:03 10.2 63.1 270 198
1127 20220713-14:53:04 10.2 63.0 270 198
1128 20220713-14:53:05 10.2 62.8 270 198
1129 20220713-14:53:06 10.2 62.7 270 198
1130 20220713-14:53:08 10.2 62.5 270 198
1131 20220713-14:53:10 10.2 62.4 270 198
1132 20220713-14:53:12 10.2 62.3 270 198
1133 20220713-14:53:14 10.2 62.2 270 198
1134 20220713-14:53:16 10.2 62.1 270 198
1135 20220713-14:53:17 10.2 62.0 270 198
1136 20220713-14:53:18 10.2 61.8 270 199
1137 20220713-14:53:22 10.2 61.7 270 199
1138 20220713-14:53:24 10.2 61.6 270 199
1139 20220713-14:53:27 10.2 61.5 270 199
1140 20220713-14:53:28 10.2 61.3 270 199
1141 20220713-14:53:30 10.2 61.1 270 199
1142 20220713-14:53:31 10.2 61.0 270 199
1143 20220713-14:53:33 10.2 60.9 270 199
1144 20220713-14:53:33 10.2 60.7 270 199
1145 20220713-14:53:35 10.2 60.6 270 199
1146 20220713-14:53:36 10.2 60.5 270 199
1147 20220713-14:53:37 10.2 60.3 270 199
1148 20220713-14:53:38 10.2 60.2 270 199
1149 20220713-14:53:39 10.2 60.1 270 199
1150 20220713-14:53:40 10.2 59.9 270 199
1151 20220713-14:53:41 10.2 59.8 270 199
1152 20220713-14:53:43 10.2 59.7 270 199
1153 20220713-14:53:47 10.2 59.6 270 199
1154 20220713-14:53:48 10.2 59.5 270 199
1155 20220713-14:53:49 10.2 59.4 270 199
1156 20220713-14:53:50 10.2 59.3 270 199
1157 20220713-14:53:51 10.2 59.2 270 199
1158 20220713-14:53:52 10.2 59.1 270 199
1159 20220713-14:53:52 10.2 59.0 270 199
1160 20220713-14:53:54 10.2 58.9 270 130
1161 20220713-14:53:59 10.2 58.8 270 130
1162 20220713-14:54:03 10.2 58.7 270 130
1163 20220713-14:54:04 10.2 58.6 270 130
1164 20220713-14:54:05 10.2 58.5 270 130
1165 20220713-14:54:06 10.2 58.3 270 130
1166 20220713-14:54:08 10.2 58.2 270 130
1167 20220713-14:54:09 10.2 58.1 270 130
1168 20220713-14:54:11 10.2 58.0 270 130
1169 20220713-14:54:12 10.2 57.9 270 130
1170 20220713-14:54:16 10.2 57.8 270 130
1171 20220713-14:54:18 10.2 57.7 270 130
1172 20220713-14:54:21 10.2 57.6 270 130
1173 20220713-14:54:29 10.2 57.3 270 130
1174 20220713-14:54:30 10.2 57.1 270 130
1175 20220713-14:54:30 10.2 56.9 270 130
1176 20220713-14:54:31 10.2 56.7 270 130
1177 20220713-14:54:32 10.2 56.5 270 130
1178 20220713-14:54:33 10.2 56.3 270 130
1179 20220713-14:54:34 10.2 56.1 270 130
1180 20220713-14:54:35 10.2 55.9 270 113
1181 20220713-14:54:36 10.2 55.7 270 113
1182 20220713-14:54:37 10.2 55.5 270 113
1183 20220713-14:54:40 10.1 55.5 270 113
1184 20220713-14:54:41 10.1 55.3 270 113
1185 20220713-14:54:42 10.1 55.1 270 113
1186 20220713-14:54:42 10.1 55.0 270 113
1187 20220713-14:54:49 10.1 55.0 315 113
1188 20220713-14:55:12 10.1 54.8 0 113
1189 20220713-14:55:17 10.1 54.7 0 113
1190 20220713-14:55:19 10.1 54.7 45 113
1191 20220713-14:55:24 10.1 54.7 45 113
1192 20220713-14:55:28 10.1 54.7 45 113
1193 20220713-14:55:32 10.1 54.7 45 113
1194 20220713-14:55:41 10.1 54.7 90 113
1195 20220713-14:55:45 10.1 54.9 90 113
1196 20220713-14:55:47 10.1 55.0 90 113
1197 20220713-14:55:48 10.1 55.1 90 113
1198 20220713-14:55:49 10.1 55.2 90 113
1199 20220713-14:55:51 10.1 55.3 90 113
1200 20220713-14:55:52 10.1 55.4 90 113
1201 20220713-14:55:52 10.1 55.5 90 113
1202 20220713-14:55:54 10.1 55.7 90 113
1203 20220713-14:55:54 10.1 55.8 90 113
1204 20220713-14:55:55 10.1 55.9 90 113
1205 20220713-14:55:56 10.1 56.1 90 130
1206 20220713-14:56:00 10.1 56.2 90 130
1207 20220713-14:56:02 10.1 56.3 90 130
1208 20220713-14:56:03 10.1 56.4 90 130
1209 20220713-14:56:04 10.1 56.6 90 130
1210 20220713-14:56:09 10.1 56.7 90 130
1211 20220713-14:56:09 10.1 56.7 90 130
1212 20220713-14:56:12 10.1 56.8 90 130
1213 20220713-14:56:13 10.1 56.9 90 130
1214 20220713-14:56:13 10.1 57.0 90 130
1215 20220713-14:56:15 10.1 57.1 90 130
1216 20220713-14:56:18 10.1 57.2 90 130
1217 20220713-14:56:19 10.1 57.3 90 130
1218 20220713-14:56:20 10.1 57.4 90 130
1219 20220713-14:56:20 10.1 57.6 90 130
1220 20220713-14:56:21 10.1 57.8 90 130
1221 20220713-14:56:22 10.1 57.9 90 130
1222 20220713-14:56:23 10.1 58.1 90 130
1223 20220713-14:56:25 10.1 58.2 90 130
1224 20220713-14:56:26 10.1 58.3 90 130
1225 20220713-14:56:27 10.1 58.4 90 130
1226 20220713-14:56:28 10.1 58.5 90 130
1227 20220713-14:56:29 10.1 58.6 90 130
1228 20220713-14:56:30 10.1 58.7 90 130
1229 20220713-14:56:31 10.1 58.8 90 130
1230 20220713-14:56:32 10.1 58.9 90 130
1231 20220713-14:56:32 10.1 59.0 90 199
1232 20220713-14:56:34 10.1 59.1 90 199
1233 20220713-14:56:35 10.1 59.2 90 199
1234 20220713-14:56:36 10.1 59.3 90 199
1235 20220713-14:56:37 10.1 59.4 90 199
1236 20220713-14:56:37 10.1 59.6 90 199
1237 20220713-14:56:38 10.1 59.7 90 199
1238 20220713-14:56:39 10.1 59.8 90 199
1239 20220713-14:56:40 10.1 59.9 90 199
1240 20220713-14:56:41 10.1 60.0 90 199
1241 20220713-14:56:42 10.1 60.2 90 199
1242 20220713-14:56:43 10.1 60.3 90 199
1243 20220713-14:56:43 10.1 60.4 90 199
1244 20220713-14:56:44 10.1 60.5 90 199
1245 20220713-14:56:45 10.1 60.6 90 199
1246 20220713-14:56:46 10.1 60.7 90 199
1247 20220713-14:56:47 10.1 60.9 90 199
1248 20220713-14:56:48 10.1 61.0 90 199
1249 20220713-14:56:48 10.1 61.1 90 199
1250 20220713-14:56:49 10.1 61.2 90 199
1251 20220713-14:56:50 10.1 61.3 90 199
1252 20220713-14:56:50 10.1 61.5 90 199
1253 20220713-14:56:52 10.1 61.6 90 199
1254 20220713-14:56:52 10.1 61.7 90 199
1255 20220713-14:56:54 10.1 61.8 90 199
1256 20220713-14:56:54 10.1 61.9 90 199
1257 20220713-14:56:55 10.1 62.0 90 198
1258 20220713-14:56:56 10.1 62.1 90 198
1259 20220713-14:56:56 10.1 62.2 90 198
1260 20220713-14:56:57 10.1 62.3 90 198
1261 20220713-14:56:59 10.1 62.4 90 198
1262 20220713-14:57:00 10.1 62.5 90 198
1263 20220713-14:57:03 10.1 62.6 90 198
1264 20220713-14:57:05 10.1 62.7 90 198
1265 20220713-14:57:06 10.1 62.8 90 198
1266 20220713-14:57:08 10.1 62.9 90 198
1267 20220713-14:57:09 10.1 63.0 90 198
1268 20220713-14:57:11 10.1 63.1 90 198
1269 20220713-14:57:11 10.1 63.3 90 198
1270 20220713-14:57:12 10.1 63.4 90 198
1271 20220713-14:57:13 10.1 63.6 90 198
1272 20220713-14:57:14 10.1 63.7 90 198
1273 20220713-14:57:15 10.1 63.9 90 198
1274 20220713-14:57:15 10.1 64.0 90 197
1275 20220713-14:57:16 10.1 64.1 90 197
1276 20220713-14:57:18 10.1 64.3 90 197
1277 20220713-14:57:21 10.1 64.4 90 197
1278 20220713-14:57:22 10.1 64.5 90 197
1279 20220713-14:57:24 10.1 64.6 90 197
1280 20220713-14:57:25 10.1 64.7 90 197
1281 20220713-14:57:26 10.1 64.8 90 197
1282 20220713-14:57:26 10.1 64.9 90 197
1283 20220713-14:57:27 10.1 65.0 90 197
1284 20220713-14:57:28 10.1 65.1 90 197
1285 20220713-14:57:29 10.1 65.2 90 197
1286 20220713-14:57:30 10.1 65.3 90 197
1287 20220713-14:57:30 10.1 65.4 90 197
1288 20220713-14:57:31 10.1 65.5 90 197
1289 20220713-14:57:32 10.1 65.6 90 197
1290 20220713-14:57:33 10.1 65.7 90 197
1291 20220713-14:57:34 10.1 65.8 90 197
1292 20220713-14:57:34 10.1 65.9 90 197
1293 20220713-14:57:35 10.1 66.0 90 196
1294 20220713-14:57:36 10.1 66.1 90 196
1295 20220713-14:57:37 10.1 66.2 90 196
1296 20220713-14:57:41 10.1 66.3 90 196
1297 20220713-14:57:42 10.1 66.4 90 196
1298 20220713-14:57:43 10.1 66.5 90 196
1299 20220713-14:57:44 10.1 66.6 90 196
1300 20220713-14:57:45 10.1 66.7 90 196
1301 20220713-14:57:46 10.1 66.9 90 196
1302 20220713-14:57:47 10.1 67.0 90 196
1303 20220713-14:57:48 10.1 67.1 90 196
1304 20220713-14:57:49 10.1 67.2 90 196
1305 20220713-14:57:51 10.1 67.3 90 196
1306 20220713-14:57:52 10.1 67.4 90 196
1307 20220713-14:57:52 10.1 67.5 90 196
1308 20220713-14:57:53 10.1 67.6 90 196
1309 20220713-14:57:54 10.1 67.7 90 196
1310 20220713-14:57:55 10.1 67.8 90 196
1311 20220713-14:57:56 10.1 67.9 90 196
1312 20220713-14:57:57 10.1 68.1 90 195
1313 20220713-14:57:57 10.1 68.2 90 195
1314 20220713-14:57:59 10.1 68.3 90 195
1315 20220713-14:58:00 10.1 68.4 90 195
1316 20220713-14:58:01 10.1 68.5 90 195
1317 20220713-14:58:01 10.1 68.6 90 195
1318 20220713-14:58:02 10.1 68.7 90 195
1319 20220713-14:58:03 10.1 68.8 90 195
1320 20220713-14:58:03 10.1 68.9 90 195
1321 20220713-14:58:04 10.1 69.0 90 195
1322 20220713-14:58:05 10.1 69.1 90 195
1323 20220713-14:58:05 10.1 69.2 90 195
1324 20220713-14:58:06 10.1 69.3 90 195
1325 20220713-14:58:06 10.1 69.4 90 195
1326 20220713-14:58:07 10.1 69.5 90 195
1327 20220713-14:58:07 10.1 69.6 90 195
1328 20220713-14:58:08 10.1 69.7 90 195
1329 20220713-14:58:08 10.1 69.8 90 195
1330 20220713-14:58:09 10.1 69.9 90 195
1331 20220713-14:58:10 10.1 70.0 90 194
1332 20220713-14:58:10 10.1 70.1 90 194
1333 20220713-14:58:11 10.1 70.2 90 194
1334 20220713-14:58:12 10.1 70.3 90 194
1335 20220713-14:58:16 10.1 70.4 90 194
1336 20220713-14:58:18 10.1 70.5 90 194
1337 20220713-14:58:20 10.1 70.6 90 194
1338 20220713-14:58:21 10.1 70.7 90 194
1339 20220713-14:58:23 10.1 70.8 90 194
1340 20220713-14:58:24 10.1 70.9 90 194
1341 20220713-14:58:28 10.1 71.0 90 194
1342 20220713-14:58:30 10.1 71.1 90 194
1343 20220713-14:58:30 10.1 71.2 90 194
1344 20220713-14:58:31 10.1 71.3 90 194
1345 20220713-14:58:32 10.1 71.4 90 194
1346 20220713-14:58:33 10.1 71.6 90 194
1347 20220713-14:58:33 10.1 71.7 90 194
1348 20220713-14:58:34 10.1 71.8 90 194
1349 20220713-14:58:35 10.1 71.9 90 194
1350 20220713-14:58:36 10.1 72.2 90 193
1351 20220713-14:58:37 10.1 72.3 90 193
1352 20220713-14:58:40 10.1 72.4 90 193
1353 20220713-14:58:42 10.1 72.5 90 193
1354 20220713-14:58:42 10.1 72.6 90 193
1355 20220713-14:58:43 10.1 72.7 90 193
1356 20220713-14:58:45 10.1 72.8 90 193
1357 20220713-14:58:46 10.1 72.9 90 193
1358 20220713-14:58:46 10.1 73.0 90 193
1359 20220713-14:58:47 10.1 73.1 90 193
1360 20220713-14:58:48 10.1 73.2 90 193
1361 20220713-14:58:49 10.1 73.3 90 193
1362 20220713-14:58:50 10.1 73.4 90 193
1363 20220713-14:58:51 10.1 73.5 90 193
1364 20220713-14:58:51 10.1 73.6 90 193
1365 20220713-14:58:52 10.1 73.7 90 193
1366 20220713-14:58:53 10.1 73.8 90 193
1367 20220713-14:58:54 10.1 73.9 90 193
1368 20220713-14:58:55 10.1 74.0 90 192
1369 20220713-14:58:56 10.1 74.1 90 192
1370 20220713-14:58:58 10.1 74.2 90 192
1371 20220713-14:58:59 10.1 74.3 90 192
1372 20220713-14:58:59 10.1 74.4 90 192
1373 20220713-14:59:00 10.1 74.5 90 192
1374 20220713-14:59:01 10.1 74.6 90 192
1375 20220713-14:59:02 10.1 74.7 90 192
1376 20220713-14:59:02 10.1 74.8 90 192
1377 20220713-14:59:03 10.1 74.9 90 192
1378 20220713-14:59:04 10.1 75.0 90 192
1379 20220713-14:59:05 10.1 75.1 90 192
1380 20220713-14:59:05 10.1 75.2 90 192
1381 20220713-14:59:06 10.1 75.3 90 192
1382 20220713-14:59:07 10.1 75.4 90 192
1383 20220713-14:59:08 10.1 75.5 90 192
1384 20220713-14:59:08 10.1 75.6 90 192
1385 20220713-14:59:09 10.1 75.7 90 192
1386 20220713-14:59:10 10.1 75.8 90 192
1387 20220713-14:59:11 10.1 75.9 90 192
1388 20220713-14:59:11 10.1 76.0 90 191
1389 20220713-14:59:15 10.1 76.1 90 191
1390 20220713-14:59:17 10.1 76.2 90 191
1391 20220713-14:59:18 10.1 76.3 90 191
1392 20220713-14:59:19 10.1 76.4 90 191
1393 20220713-14:59:19 10.1 76.5 90 191
1394 20220713-14:59:20 10.1 76.6 90 191
1395 20220713-14:59:21 10.1 76.7 90 191
1396 20220713-14:59:22 10.1 76.8 90 191
1397 20220713-14:59:23 10.1 76.9 90 191
1398 20220713-14:59:24 10.1 77.0 90 191
1399 20220713-14:59:25 10.1 77.1 90 191
1400 20220713-14:59:25 10.1 77.3 90 191
1401 20220713-14:59:26 10.1 77.4 90 191
1402 20220713-14:59:27 10.1 77.5 90 191
1403 20220713-14:59:27 10.1 77.6 90 191
1404 20220713-14:59:28 10.1 77.7 90 191
1405 20220713-14:59:29 10.1 77.8 90 191
1406 20220713-14:59:30 10.1 77.9 90 191
1407 20220713-14:59:31 10.1 78.0 90 190
1408 20220713-14:59:32 10.1 78.1 90 190
1409 20220713-14:59:32 10.1 78.2 90 190
1410 20220713-14:59:33 10.1 78.3 90 190
1411 20220713-14:59:34 10.1 78.5 90 190
1412 20220713-14:59:34 10.1 78.6 90 190
1413 20220713-14:59:35 10.1 78.7 90 190
1414 20220713-14:59:36 10.1 78.9 90 190
1415 20220713-14:59:37 10.1 79.0 90 190
1416 20220713-14:59:37 10.1 79.1 90 190
1417 20220713-14:59:38 10.1 79.2 90 190
1418 20220713-14:59:39 10.1 79.3 90 190
1419 20220713-14:59:40 10.1 79.4 90 190
1420 20220713-14:59:40 10.1 79.5 90 190
1421 20220713-14:59:41 10.1 79.6 90 190
1422 20220713-14:59:42 10.1 79.8 90 190
1423 20220713-14:59:43 10.1 79.9 90 190
1424 20220713-14:59:44 10.1 80.0 90 189
1425 20220713-14:59:45 10.1 80.1 90 189
1426 20220713-14:59:46 10.1 80.2 90 189
1427 20220713-14:59:47 10.1 80.3 90 189
1428 20220713-14:59:48 10.1 80.4 90 189
1429 20220713-14:59:49 10.1 80.5 90 189
1430 20220713-14:59:49 10.1 80.6 90 189
1431 20220713-14:59:50 10.1 80.7 90 189
1432 20220713-14:59:51 10.1 80.8 90 189
1433 20220713-14:59:52 10.1 80.9 90 189
1434 20220713-14:59:53 10.1 81.0 90 189
1435 20220713-14:59:54 10.1 81.1 90 189
1436 20220713-14:59:55 10.1 81.2 90 189
1437 20220713-14:59:56 10.1 81.3 90 189
1438 20220713-14:59:57 10.1 81.5 90 189
1439 20220713-14:59:57 10.1 81.6 90 189
1440 20220713-14:59:58 10.1 81.8 90 189
1441 20220713-14:59:59 10.1 81.9 90 189
1442 20220713-15:00:00 10.1 82.0 90 188
1443 20220713-15:00:01 10.1 82.1 90 188
1444 20220713-15:00:04 10.1 82.2 90 188
1445 20220713-15:00:05 10.1 82.3 90 188
1446 20220713-15:00:06 10.1 82.4 90 188
1447 20220713-15:00:07 10.1 82.5 90 188
1448 20220713-15:00:08 10.1 82.6 90 188
1449 20220713-15:00:09 10.1 82.7 90 188
1450 20220713-15:00:09 10.1 82.8 90 188
1451 20220713-15:00:10 10.1 82.9 90 188
1452 20220713-15:00:11 10.1 83.0 90 188
1453 20220713-15:00:12 10.1 83.1 90 188
1454 20220713-15:00:12 10.1 83.2 90 188
1455 20220713-15:00:13 10.1 83.3 90 188
1456 20220713-15:00:14 10.1 83.4 90 188
1457 20220713-15:00:15 10.1 83.5 90 188
1458 20220713-15:00:15 10.1 83.6 90 188
1459 20220713-15:00:16 10.1 83.7 90 188
1460 20220713-15:00:17 10.1 83.8 90 188
1461 20220713-15:00:18 10.1 83.9 90 188
1462 20220713-15:00:19 10.1 84.0 90 187
1463 20220713-15:00:19 10.1 84.1 90 187
1464 20220713-15:00:20 10.1 84.3 90 187
1465 20220713-15:00:22 10.1 84.4 90 187
1466 20220713-15:00:23 10.1 84.5 90 187
1467 20220713-15:00:24 10.1 84.6 90 187
1468 20220713-15:00:24 10.1 84.7 90 187
1469 20220713-15:00:25 10.1 84.8 90 187
1470 20220713-15:00:26 10.1 84.9 90 187
1471 20220713-15:00:26 10.1 85.0 90 187
1472 20220713-15:00:27 10.1 85.1 90 187
1473 20220713-15:00:28 10.1 85.2 90 187
1474 20220713-15:00:28 10.1 85.3 90 187
1475 20220713-15:00:29 10.1 85.4 90 187
1476 20220713-15:00:30 10.1 85.5 90 187
1477 20220713-15:00:30 10.1 85.6 90 187
1478 20220713-15:00:31 10.1 85.7 90 187
1479 20220713-15:00:32 10.1 85.8 90 187
1480 20220713-15:00:32 10.1 85.9 90 187
1481 20220713-15:00:33 10.1 86.0 90 186
1482 20220713-15:00:33 10.1 86.1 90 186
1483 20220713-15:00:35 10.1 86.2 90 186
1484 20220713-15:00:36 10.1 86.3 90 186
1485 20220713-15:00:37 10.1 86.4 90 186
1486 20220713-15:00:38 10.1 86.5 90 186
1487 20220713-15:00:38 10.1 86.6 90 186
1488 20220713-15:00:39 10.1 86.7 90 186
1489 20220713-15:00:40 10.1 86.8 90 186
1490 20220713-15:00:40 10.1 86.9 90 186
1491 20220713-15:00:41 10.1 87.0 90 186
1492 20220713-15:00:42 10.1 87.1 90 186
1493 20220713-15:00:42 10.1 87.2 90 186
1494 20220713-15:00:43 10.1 87.3 90 186
1495 20220713-15:00:43 10.1 87.4 90 186
1496 20220713-15:00:44 10.1 87.5 90 186
1497 20220713-15:00:45 10.1 87.6 90 186
1498 20220713-15:00:45 10.1 87.7 90 186
1499 20220713-15:00:46 10.1 87.8 90 186
1500 20220713-15:00:47 10.1 87.9 90 186
1501 20220713-15:00:47 10.1 88.0 90 185
1502 20220713-15:00:48 10.1 88.1 90 185
1503 20220713-15:00:48 10.1 88.2 90 185
1504 20220713-15:00:49 10.1 88.3 90 185
1505 20220713-15:00:51 10.1 88.4 90 185
1506 20220713-15:00:51 10.1 88.5 90 185
1507 20220713-15:00:52 10.1 88.6 90 185
1508 20220713-15:00:53 10.1 88.7 90 185
1509 20220713-15:00:53 10.1 88.8 90 185
1510 20220713-15:00:54 10.1 88.9 90 185
1511 20220713-15:00:55 10.1 89.0 90 185
1512 20220713-15:00:56 10.1 89.1 90 185
1513 20220713-15:00:57 10.1 89.2 90 185
1514 20220713-15:00:58 10.1 89.3 90 185
1515 20220713-15:00:58 10.1 89.4 90 185
1516 20220713-15:01:00 10.1 89.5 90 185
1517 20220713-15:01:02 10.1 89.6 90 185
1518 20220713-15:01:03 10.1 89.7 90 185
1519 20220713-15:01:04 10.1 89.8 90 185
1520 20220713-15:01:04 10.1 89.9 90 185
1521 20220713-15:01:05 10.1 90.0 90 184
1522 20220713-15:01:06 10.1 90.1 90 184
1523 20220713-15:01:07 10.1 90.2 90 184
1524 20220713-15:01:08 10.1 90.3 90 184
1525 20220713-15:01:09 10.1 90.4 90 184
1526 20220713-15:01:10 10.1 90.5 90 184
1527 20220713-15:01:11 10.1 90.6 90 184
1528 20220713-15:01:12 10.1 90.7 90 184
1529 20220713-15:01:14 10.1 90.8 90 184
1530 20220713-15:01:17 10.1 90.9 90 184
1531 20220713-15:01:22 10.1 90.9 45 184
1532 20220713-15:01:28 10.1 90.9 45 184
1533 20220713-15:01:30 10.1 90.9 45 184
1534 20220713-15:01:31 10.1 90.9 45 184
1535 20220713-15:01:32 10.1 90.9 45 184
1536 20220713-15:01:33 10.1 90.9 45 184
1537 20220713-15:01:34 10.1 90.9 45 184
1538 20220713-15:01:35 10.1 90.9 45 184
1539 20220713-15:01:37 10.1 90.9 45 184
1540 20220713-15:01:38 10.1 90.9 45 184
1541 20220713-15:01:39 10.1 90.9 45 184
1542 20220713-15:01:40 10.1 90.9 45 184
1543 20220713-15:01:42 10.1 90.9 45 184
1544 20220713-15:01:43 10.1 90.9 45 184
1545 20220713-15:01:45 10.1 90.9 0 184
1546 20220713-15:01:47 10.1 90.9 0 184
1547 20220713-15:01:50 10.3 90.9 0 184
1548 20220713-15:01:52 10.5 90.9 0 184
1549 20220713-15:01:54 10.6 90.9 0 184
1550 20220713-15:01:58 10.7 90.9 0 184
1551 20220713-15:01:59 10.8 90.9 0 184
1552 20220713-15:02:00 11.0 90.9 0 184
1553 20220713-15:02:02 11.1 90.9 0 184
1554 20220713-15:02:03 11.2 90.9 0 184
1555 20220713-15:02:04 11.3 90.9 0 184
1556 20220713-15:02:05 11.4 90.9 0 221
1557 20220713-15:02:05 11.5 90.9 0 221
1558 20220713-15:02:09 11.6 90.9 0 221
1559 20220713-15:02:10 11.7 90.9 0 221
1560 20220713-15:02:13 11.8 90.9 0 221
1561 20220713-15:02:14 11.9 90.9 0 221
1562 20220713-15:02:15 12.0 90.9 0 221
1563 20220713-15:02:16 12.1 90.9 0 221
1564 20220713-15:02:17 12.2 90.9 0 221
1565 20220713-15:02:19 12.3 90.9 0 221
1566 20220713-15:02:23 12.4 90.9 0 221
1567 20220713-15:02:24 12.5 90.9 0 221
1568 20220713-15:02:26 12.6 90.9 0 221
1569 20220713-15:02:29 12.7 90.9 0 221
1570 20220713-15:02:31 12.8 90.9 0 221
1571 20220713-15:02:32 12.9 90.9 0 221
1572 20220713-15:02:34 13.0 90.9 0 221
1573 20220713-15:02:34 13.1 90.9 0 221
1574 20220713-15:02:36 13.2 90.9 0 221
1575 20220713-15:02:38 13.3 90.9 0 221
1576 20220713-15:02:39 13.4 90.9 0 221
1577 20220713-15:02:40 13.5 90.9 0 221
1578 20220713-15:02:41 13.6 90.9 0 221
1579 20220713-15:02:41 13.7 90.9 0 221
1580 20220713-15:02:42 13.8 90.9 0 221
1581 20220713-15:02:43 13.9 90.9 0 221
1582 20220713-15:02:45 14.0 90.9 0 222
1583 20220713-15:02:45 14.1 90.9 0 222
1584 20220713-15:02:50 14.2 90.9 0 222
1585 20220713-15:02:51 14.3 90.9 0 222
1586 20220713-15:02:52 14.4 90.9 0 222
1587 20220713-15:02:53 14.5 90.9 0 222
1588 20220713-15:02:54 14.6 90.9 0 222
1589 20220713-15:02:55 14.7 90.9 0 222
1590 20220713-15:02:55 14.8 90.9 0 222
1591 20220713-15:02:56 14.9 90.9 0 222
1592 20220713-15:02:57 15.0 90.9 0 222
1593 20220713-15:02:58 15.1 90.9 0 222
1594 20220713-15:02:59 15.2 90.9 0 222
1595 20220713-15:03:00 15.3 90.9 0 222
1596 20220713-15:03:01 15.4 90.9 0 222
1597 20220713-15:03:02 15.5 90.9 0 222
1598 20220713-15:03:03 15.6 90.9 0 222
1599 20220713-15:03:03 15.7 90.9 0 222
1600 20220713-15:03:04 15.8 90.9 0 222
1601 20220713-15:03:05 15.9 90.9 0 222
1602 20220713-15:03:05 16.0 90.9 0 223
1603 20220713-15:03:06 16.1 90.9 0 223
1604 20220713-15:03:07 16.2 90.9 0 223
1605 20220713-15:03:09 16.3 90.9 0 223
1606 20220713-15:03:10 16.4 90.9 0 223
1607 20220713-15:03:11 16.5 90.9 0 223
1608 20220713-15:03:11 16.6 90.9 0 223
1609 20220713-15:03:12 16.7 90.9 0 223
1610 20220713-15:03:13 16.8 90.9 0 223
1611 20220713-15:03:14 16.9 90.9 0 223
1612 20220713-15:03:15 17.0 90.9 0 223
1613 20220713-15:03:16 17.1 90.9 0 223
1614 20220713-15:03:17 17.2 90.9 0 223
1615 20220713-15:03:18 17.3 90.9 0 223
1616 20220713-15:03:19 17.4 90.9 0 223
1617 20220713-15:03:19 17.5 90.9 0 223
1618 20220713-15:03:20 17.7 90.9 0 223
1619 20220713-15:03:21 17.9 90.9 0 223
1620 20220713-15:03:22 18.1 90.9 0 224
1621 20220713-15:03:22 18.2 90.9 0 224
1622 20220713-15:03:24 18.3 90.9 0 224
1623 20220713-15:03:25 18.4 90.9 0 224
1624 20220713-15:03:26 18.5 90.9 0 224
1625 20220713-15:03:26 18.6 90.9 0 224
1626 20220713-15:03:27 18.7 90.9 0 224
1627 20220713-15:03:28 18.8 90.9 0 224
1628 20220713-15:03:29 18.9 90.9 0 224
1629 20220713-15:03:29 19.0 90.9 0 224
1630 20220713-15:03:30 19.1 90.9 0 224
1631 20220713-15:03:31 19.2 90.9 0 224
1632 20220713-15:03:31 19.3 90.9 0 224
1633 20220713-15:03:32 19.4 90.9 0 224
1634 20220713-15:03:32 19.5 90.9 0 224
1635 20220713-15:03:33 19.6 90.9 0 224
1636 20220713-15:03:34 19.7 90.9 0 224
1637 20220713-15:03:35 19.8 90.9 0 224
1638 20220713-15:03:35 19.9 90.9 0 224
1639 20220713-15:03:36 20.0 90.9 0 225
1640 20220713-15:03:37 20.1 90.9 0 225
1641 20220713-15:03:41 20.2 90.9 0 225
1642 20220713-15:03:44 20.3 90.9 0 225
1643 20220713-15:03:46 20.4 90.9 0 225
1644 20220713-15:03:47 20.5 90.9 0 225
1645 20220713-15:03:47 20.6 90.9 0 225
1646 20220713-15:03:48 20.7 90.9 0 225
1647 20220713-15:03:49 20.8 90.9 0 225
1648 20220713-15:03:50 20.9 90.9 0 225
1649 20220713-15:03:51 21.0 90.9 0 225
1650 20220713-15:03:51 21.1 90.9 0 225
1651 20220713-15:03:52 21.2 90.9 0 225
1652 20220713-15:03:53 21.3 90.9 0 225
1653 20220713-15:03:53 21.4 90.9 0 225
1654 20220713-15:03:54 21.5 90.9 0 225
1655 20220713-15:03:55 21.6 90.9 0 225
1656 20220713-15:03:56 21.7 90.9 0 225
1657 20220713-15:03:57 21.8 90.9 0 225
1658 20220713-15:03:58 21.9 90.9 0 225
1659 20220713-15:03:59 22.0 90.9 0 226
1660 20220713-15:04:00 22.1 90.9 0 226
1661 20220713-15:04:00 22.3 90.9 0 226
1662 20220713-15:04:01 22.4 90.9 0 226
1663 20220713-15:04:02 22.5 90.9 0 226
1664 20220713-15:04:03 22.6 90.9 0 226
1665 20220713-15:04:03 22.7 90.9 0 226
1666 20220713-15:04:04 22.9 90.9 0 226
1667 20220713-15:04:05 23.0 90.9 0 226
1668 20220713-15:04:06 23.1 90.9 0 226
1669 20220713-15:04:06 23.3 90.9 0 226
1670 20220713-15:04:07 23.4 90.9 0 226
1671 20220713-15:04:08 23.5 90.9 0 226
1672 20220713-15:04:09 23.6 90.9 0 226
1673 20220713-15:04:10 23.7 90.9 0 226
1674 20220713-15:04:10 23.8 90.9 0 226
1675 20220713-15:04:11 23.9 90.9 0 226
1676 20220713-15:04:12 24.0 90.9 0 227
1677 20220713-15:04:14 24.2 90.9 0 227
1678 20220713-15:04:15 24.4 90.9 0 227
1679 20220713-15:04:16 24.5 90.9 0 227
1680 20220713-15:04:17 24.6 90.9 0 227
1681 20220713-15:04:18 24.7 90.9 0 227
1682 20220713-15:04:19 24.8 90.9 0 227
1683 20220713-15:04:20 25.0 90.9 0 227
1684 20220713-15:04:20 25.1 90.9 0 227
1685 20220713-15:04:21 25.2 90.9 0 227
1686 20220713-15:04:22 25.4 90.9 0 227
1687 20220713-15:04:23 25.5 90.9 0 227
1688 20220713-15:04:23 25.7 90.9 0 227
1689 20220713-15:04:24 25.8 90.9 0 227
1690 20220713-15:04:25 26.0 90.9 0 228
1691 20220713-15:04:26 26.1 90.9 0 228
1692 20220713-15:04:27 26.2 90.9 0 228
1693 20220713-15:04:29 26.3 90.9 0 228
1694 20220713-15:04:29 26.4 90.9 0 228
1695 20220713-15:04:30 26.5 90.9 0 228
1696 20220713-15:04:32 26.6 90.9 0 228
1697 20220713-15:04:33 26.8 90.9 0 228
1698 20220713-15:04:34 26.9 90.9 0 228
1699 20220713-15:04:35 27.0 90.9 0 228
1700 20220713-15:04:36 27.1 90.9 0 228
1701 20220713-15:04:37 27.2 90.9 0 228
1702 20220713-15:04:38 27.3 90.9 0 228
1703 20220713-15:04:39 27.4 90.9 0 228
1704 20220713-15:04:40 27.5 90.9 0 228
1705 20220713-15:04:41 27.6 90.9 0 228
1706 20220713-15:04:42 27.7 90.9 0 228
1707 20220713-15:04:43 27.8 90.9 0 228
1708 20220713-15:04:45 27.9 90.9 0 228
1709 20220713-15:04:46 28.0 90.9 0 229
1710 20220713-15:04:47 28.1 90.9 0 229
1711 20220713-15:04:49 28.2 90.9 0 229
1712 20220713-15:04:50 28.3 90.9 0 229
1713 20220713-15:04:51 28.4 90.9 0 229
1714 20220713-15:04:52 28.5 90.9 0 229
1715 20220713-15:04:53 28.6 90.9 0 229
1716 20220713-15:04:54 28.7 90.9 0 229
1717 20220713-15:04:55 28.8 90.9 0 229
1718 20220713-15:04:56 28.9 90.9 0 229
1719 20220713-15:04:56 29.0 90.9 0 229
1720 20220713-15:04:57 29.1 90.9 0 229
1721 20220713-15:04:58 29.2 90.9 0 229
1722 20220713-15:04:58 29.3 90.9 0 229
1723 20220713-15:04:59 29.4 90.9 0 229
1724 20220713-15:05:00 29.5 90.9 0 229
1725 20220713-15:05:00 29.6 90.9 0 229
1726 20220713-15:05:01 29.8 90.9 0 229
1727 20220713-15:05:02 29.9 90.9 0 229
1728 20220713-15:05:02 30.1 90.9 0 158
1729 20220713-15:05:03 30.2 90.9 0 158
1730 20220713-15:05:04 30.3 90.9 0 158
1731 20220713-15:05:05 30.4 90.9 0 158
1732 20220713-15:05:05 30.5 90.9 0 158
1733 20220713-15:05:06 30.6 90.9 0 158
1734 20220713-15:05:07 30.7 90.9 0 158
1735 20220713-15:05:07 30.8 90.9 0 158
1736 20220713-15:05:08 30.9 90.9 0 158
1737 20220713-15:05:09 31.0 90.9 0 158
1738 20220713-15:05:10 31.1 90.9 0 158
1739 20220713-15:05:12 31.2 90.9 0 158
1740 20220713-15:05:16 31.2 90.9 315 158
1741 20220713-15:05:29 31.2 90.9 315 158
1742 20220713-15:05:33 31.2 90.9 315 158
1743 20220713-15:05:36 31.2 90.9 315 158
1744 20220713-15:05:41 31.2 90.9 270 158
1745 20220713-15:05:46 31.2 90.7 270 158
1746 20220713-15:05:50 31.2 90.5 270 158
1747 20220713-15:05:51 31.2 90.3 270 158
1748 20220713-15:05:53 31.2 90.1 270 158
1749 20220713-15:05:55 31.2 89.9 270 158
1750 20220713-15:05:57 31.2 89.7 270 158
1751 20220713-15:05:58 31.2 89.5 270 158
1752 20220713-15:05:59 31.2 89.3 270 158
1753 20220713-15:06:00 31.2 89.1 270 158
1754 20220713-15:06:01 31.2 88.9 270 157
1755 20220713-15:06:03 31.2 88.8 270 157
1756 20220713-15:06:03 31.2 88.7 270 157
1757 20220713-15:06:16 31.2 88.5 270 157
1758 20220713-15:06:17 31.2 88.4 270 157
1759 20220713-15:06:18 31.2 88.3 270 157
1760 20220713-15:06:20 31.2 88.2 270 157
1761 20220713-15:06:21 31.2 88.1 270 157
1762 20220713-15:06:21 31.2 88.0 270 157
1763 20220713-15:06:22 31.2 87.9 270 157
1764 20220713-15:06:23 31.2 87.8 270 157
1765 20220713-15:06:24 31.2 87.7 270 157
1766 20220713-15:06:25 31.2 87.6 270 157
1767 20220713-15:06:26 31.2 87.4 270 157
1768 20220713-15:06:27 31.2 87.1 270 157
1769 20220713-15:06:28 31.2 87.0 270 157
1770 20220713-15:06:29 31.2 86.9 270 156
1771 20220713-15:06:30 31.2 86.8 270 156
1772 20220713-15:06:32 31.2 86.7 270 156
1773 20220713-15:06:33 31.2 86.5 270 156
1774 20220713-15:06:34 31.2 86.4 270 156
1775 20220713-15:06:35 31.2 86.2 270 156
1776 20220713-15:06:35 31.2 86.1 270 156
1777 20220713-15:06:36 31.2 86.0 270 156
1778 20220713-15:06:37 31.2 85.9 270 156
1779 20220713-15:06:38 31.2 85.8 270 156
1780 20220713-15:06:39 31.2 85.7 270 156
1781 20220713-15:06:39 31.2 85.6 270 156
1782 20220713-15:06:40 31.2 85.5 270 156
1783 20220713-15:06:42 31.2 85.4 270 156
1784 20220713-15:06:42 31.2 85.3 270 156
1785 20220713-15:06:43 31.2 85.2 270 156
1786 20220713-15:06:44 31.2 85.1 270 156
1787 20220713-15:06:45 31.2 85.0 270 156
1788 20220713-15:06:45 31.2 84.9 270 155
1789 20220713-15:06:46 31.2 84.8 270 155
1790 20220713-15:06:48 31.2 84.6 270 155
1791 20220713-15:06:49 31.2 84.5 270 155
1792 20220713-15:06:50 31.2 84.3 270 155
1793 20220713-15:06:51 31.2 84.2 270 155
1794 20220713-15:06:51 31.2 84.1 270 155
1795 20220713-15:06:52 31.2 84.0 270 155
1796 20220713-15:06:53 31.2 83.9 270 155
1797 20220713-15:06:53 31.2 83.8 270 155
1798 20220713-15:06:54 31.2 83.7 270 155
1799 20220713-15:06:54 31.2 83.6 270 155
1800 20220713-15:06:55 31.2 83.5 270 155
1801 20220713-15:06:56 31.2 83.4 270 155
1802 20220713-15:06:56 31.2 83.3 270 155
1803 20220713-15:06:57 31.2 83.2 270 155
1804 20220713-15:06:57 31.2 83.1 270 155
1805 20220713-15:06:58 31.2 83.0 270 155
1806 20220713-15:06:59 31.2 82.9 270 154
1807 20220713-15:06:59 31.2 82.8 270 154
1808 20220713-15:07:00 31.2 82.7 270 154
1809 20220713-15:07:00 31.2 82.6 270 154
1810 20220713-15:07:01 31.2 82.5 270 154
1811 20220713-15:07:01 31.2 82.4 270 154
1812 20220713-15:07:02 31.2 82.2 270 154
1813 20220713-15:07:03 31.2 82.1 270 154
1814 20220713-15:07:03 31.2 82.0 270 154
1815 20220713-15:07:04 31.2 81.9 270 154
1816 20220713-15:07:04 31.2 81.8 270 154
1817 20220713-15:07:05 31.2 81.7 270 154
1818 20220713-15:07:06 31.2 81.6 270 154
1819 20220713-15:07:06 31.2 81.5 270 154
1820 20220713-15:07:07 31.2 81.4 270 154
1821 20220713-15:07:07 31.2 81.2 270 154
1822 20220713-15:07:08 31.2 81.1 270 154
1823 20220713-15:07:09 31.2 81.0 270 154
1824 20220713-15:07:09 31.2 80.9 270 153
1825 20220713-15:07:10 31.2 80.8 270 153
1826 20220713-15:07:10 31.2 80.6 270 153
1827 20220713-15:07:11 31.2 80.5 270 153
1828 20220713-15:07:12 31.2 80.4 270 153
1829 20220713-15:07:12 31.2 80.3 270 153
1830 20220713-15:07:13 31.2 80.2 270 153
1831 20220713-15:07:14 31.2 80.1 270 153
1832 20220713-15:07:14 31.2 80.0 270 153
1833 20220713-15:07:15 31.2 79.9 270 153
1834 20220713-15:07:15 31.2 79.8 270 153
1835 20220713-15:07:16 31.2 79.7 270 153
1836 20220713-15:07:16 31.2 79.6 270 153
1837 20220713-15:07:17 31.2 79.5 270 153
1838 20220713-15:07:18 31.2 79.4 270 153
1839 20220713-15:07:18 31.2 79.2 270 153
1840 20220713-15:07:19 31.2 79.0 270 153
1841 20220713-15:07:19 31.2 78.8 270 151
1842 20220713-15:07:20 31.2 78.6 270 151
1843 20220713-15:07:21 31.2 78.4 270 151
1844 20220713-15:07:22 31.2 78.2 270 151
1845 20220713-15:07:22 31.2 78.1 270 151
1846 20220713-15:07:23 31.2 77.9 270 151
1847 20220713-15:07:24 31.2 77.7 270 151
1848 20220713-15:07:24 31.2 77.5 270 151
1849 20220713-15:07:25 31.2 77.3 270 151
1850 20220713-15:07:26 31.2 77.2 270 151
1851 20220713-15:07:26 31.2 77.0 270 151
1852 20220713-15:07:27 31.2 76.8 270 150
1853 20220713-15:07:28 31.2 76.6 270 150
1854 20220713-15:07:28 31.2 76.4 270 150
1855 20220713-15:07:29 31.2 76.2 270 150
1856 20220713-15:07:31 31.2 76.0 270 150
1857 20220713-15:07:32 31.2 75.8 270 150
1858 20220713-15:07:33 31.2 75.6 270 150
1859 20220713-15:07:34 31.2 75.4 270 150
1860 20220713-15:07:34 31.2 75.2 270 150
1861 20220713-15:07:35 31.2 75.0 270 150
1862 20220713-15:07:36 31.2 74.8 270 149
1863 20220713-15:07:37 31.2 74.6 270 149
1864 20220713-15:07:38 31.2 74.4 270 149
1865 20220713-15:07:39 31.2 74.2 270 149
1866 20220713-15:07:40 31.2 74.0 270 149
1867 20220713-15:07:40 31.2 73.8 270 149
1868 20220713-15:07:41 31.2 73.6 270 149
1869 20220713-15:07:42 31.2 73.4 270 149
1870 20220713-15:07:43 31.2 73.2 270 149
1871 20220713-15:07:44 31.2 73.0 270 149
1872 20220713-15:07:45 31.2 72.8 270 148
1873 20220713-15:07:45 31.2 72.6 270 148
1874 20220713-15:07:47 31.2 72.5 270 148
1875 20220713-15:07:48 31.2 72.4 270 148
1876 20220713-15:07:49 31.2 72.2 270 148
1877 20220713-15:07:49 31.2 72.1 270 148
1878 20220713-15:07:50 31.2 72.0 270 148
1879 20220713-15:07:51 31.2 71.9 270 148
1880 20220713-15:07:52 31.2 71.8 270 148
1881 20220713-15:07:59 31.2 71.8 270 148
1882 20220713-15:08:12 31.2 71.8 270 148
