1 14:48:51:700355 31.3 71.85 180 148
2 14:49:14:221218 31.3 71.85 90 148
3 14:49:24:849497 31.3 71.95 90 148
4 14:49:36:393437 31.3 72.05 90 148
5 14:49:41:987974 31.3 72.15 90 148
6 14:49:59:848611 31.3 72.25 270 148
7 14:50:27:011337 31.4 72.35 90 148
8 14:50:52:367700 31.4 77.25 0 151
9 14:50:55:119606 31.4 77.45 270 151
10 14:51:08:497346 31.4 77.65 0 151
11 14:51:16:228267 31.7 77.65 0 151
12 14:51:29:450275 32.9 77.75 0 270
13 14:51:38:858036 34.0 77.75 0 269
14 14:51:50:544693 34.7 77.75 0 269
15 14:52:08:440834 34.7 77.75 180 269
16 14:52:36:030012 33.6 78.25 180 270
17 14:52:54:394537 31.2 78.25 90 151
18 14:53:29:546955 31.3 72.35 90 148
