1 20220805-11:43:42 6.35 60.5 90 200
2 20220805-11:47:16 6.35 61.4 90 200
3 20220805-11:47:29 6.35 61.4 90 200
4 20220805-11:47:29 6.35 61.4 90 200
5 20220805-11:47:58 6.35 61.4 135 200
6 20220805-11:48:11 6.35 61.4 180 200
7 20220805-11:48:21 6.35 61.4 225 200
8 20220805-11:48:38 6.35 61.4 270 200
9 20220805-11:48:52 6.35 61.4 315 200
10 20220805-11:49:09 6.35 61.4 0 200
11 20220805-11:49:15 6.35 61.4 45 200
12 20220805-11:49:34 6.35 61.4 90 200
13 20220805-11:50:13 6.25 62.4 90 201
14 20220805-11:50:33 6.25 63.5 90 201
15 20220805-11:50:39 6.25 63.5 90 201
16 20220805-11:50:49 6.25 63.5 135 201
17 20220805-11:51:01 6.25 63.5 180 201
18 20220805-11:51:14 6.25 63.5 225 201
19 20220805-11:51:15 6.25 63.5 225 201
20 20220805-11:51:19 6.25 63.5 270 201
21 20220805-11:51:31 6.25 63.5 315 201
22 20220805-11:51:44 6.25 63.5 0 201
23 20220805-11:51:55 6.25 63.5 45 201
24 20220805-11:52:14 6.25 63.5 90 201
25 20220805-11:52:25 6.25 63.5 90 201
26 20220805-11:52:25 6.25 63.5 90 201
27 20220805-11:52:57 6.25 64.4 90 202
28 20220805-11:53:21 6.25 64.4 45 202
29 20220805-11:53:33 6.25 64.4 0 202
30 20220805-11:54:00 6.25 64.4 270 202
31 20220805-11:54:11 6.25 64.4 225 202
32 20220805-11:54:19 6.25 64.4 180 202
33 20220805-11:54:30 6.25 64.4 135 202
34 20220805-11:54:40 6.25 64.4 90 202
35 20220805-11:58:16 6.25 65.4 90 202
36 20220805-11:58:18 6.25 65.4 90 202
37 20220805-11:58:25 6.25 65.5 90 202
38 20220805-11:58:49 6.25 65.5 135 202
39 20220805-11:58:50 6.25 65.5 135 202
40 20220805-11:58:54 6.25 65.5 180 202
41 20220805-11:59:11 6.25 65.5 225 202
42 20220805-11:59:30 6.25 65.5 270 202
43 20220805-11:59:32 6.25 65.5 315 202
44 20220805-11:59:53 6.25 65.5 0 202
45 20220805-12:00:01 6.25 65.5 45 202
46 20220805-12:00:23 6.25 65.5 90 202
47 20220805-12:00:57 6.25 66.4 90 203
48 20220805-12:01:09 6.25 66.4 90 203
49 20220805-12:01:18 6.25 66.4 45 203
50 20220805-12:01:32 6.25 66.4 0 203
51 20220805-12:01:43 6.25 66.4 315 203
52 20220805-12:01:49 6.25 66.4 270 203
53 20220805-12:02:05 6.25 66.4 225 203
54 20220805-12:02:13 6.25 66.4 180 203
