1 20220808-14:47:34 31.05 24.55 270 57
0 20220808-14:47:12 31.05 24.55 270 57
2 20220808-14:47:38 31.05 24.55 225 57
3 20220808-14:47:48 31.05 24.55 180 57
4 20220808-14:47:58 31.05 24.55 135 57
5 20220808-14:48:04 31.05 24.55 90 57
6 20220808-14:48:14 31.05 24.55 45 57
7 20220808-14:48:26 31.05 24.55 0 57
8 20220808-14:48:34 31.05 24.55 315 57
9 20220808-14:48:42 31.05 24.55 270 57
10 20220808-14:48:45 31.05 24.55 270 57
11 20220808-14:48:54 31.05 24.55 270 57
12 20220808-14:49:17 31.05 23.55 270 57
13 20220808-14:49:31 31.05 23.55 315 57
14 20220808-14:49:33 31.05 23.55 315 57
15 20220808-14:49:46 31.05 23.55 0 57
16 20220808-14:49:53 31.05 23.55 45 57
17 20220808-14:50:06 31.05 23.55 90 57
18 20220808-14:50:13 31.05 23.55 135 57
19 20220808-14:50:27 31.05 23.55 180 57
20 20220808-14:50:32 31.05 23.55 225 57
21 20220808-14:50:48 31.05 23.55 270 57
22 20220808-14:51:05 31.05 22.55 270 56
23 20220808-14:51:24 31.05 22.55 225 56
24 20220808-14:51:33 31.05 22.55 180 56
25 20220808-14:51:44 31.05 22.55 135 56
26 20220808-14:51:53 31.05 22.55 90 56
27 20220808-14:52:03 31.05 22.55 45 56
28 20220808-14:52:13 31.05 22.55 0 56
29 20220808-14:52:23 31.05 22.55 315 56
30 20220808-14:52:35 31.05 22.55 270 56
31 20220808-14:53:05 31.05 21.45 270 56
32 20220808-14:53:17 31.05 21.45 315 56
33 20220808-14:53:20 31.05 21.45 315 56
34 20220808-14:53:28 31.05 21.45 0 56
35 20220808-14:53:39 31.05 21.45 45 56
36 20220808-14:53:51 31.05 21.45 90 56
37 20220808-14:53:59 31.05 21.45 135 56
38 20220808-14:54:12 31.05 21.45 180 56
39 20220808-14:54:19 31.05 21.45 225 56
40 20220808-14:54:29 31.05 21.45 270 56
41 20220808-14:54:33 31.05 21.45 270 56
42 20220808-14:54:54 31.05 20.55 270 55
43 20220808-14:55:07 31.05 20.55 270 55
44 20220808-14:55:26 31.05 20.55 225 55
45 20220808-14:55:33 31.05 20.55 180 55
46 20220808-14:55:35 31.05 20.55 180 55
47 20220808-14:55:44 31.05 20.55 135 55
48 20220808-14:55:54 31.05 20.55 90 55
49 20220808-14:56:03 31.05 20.55 45 55
50 20220808-14:56:05 31.05 20.55 45 55
51 20220808-14:56:13 31.05 20.55 0 55
52 20220808-14:56:17 31.05 20.55 0 55
53 20220808-14:56:24 31.05 20.55 315 55
54 20220808-14:56:37 31.05 20.55 270 55
55 20220808-14:56:44 31.05 20.55 270 55
56 20220808-14:57:03 31.05 19.65 270 55
57 20220808-14:57:14 31.05 19.65 315 55
58 20220808-14:57:21 31.05 19.65 0 55
59 20220808-14:57:31 31.05 19.65 45 55
60 20220808-14:57:44 31.05 19.65 90 55
61 20220808-14:57:53 31.05 19.65 135 55
62 20220808-14:58:01 31.05 19.65 180 55
63 20220808-14:58:10 31.05 19.65 225 55
64 20220808-14:58:22 31.05 19.65 270 55
65 20220808-14:58:47 31.05 18.55 270 54
66 20220808-14:58:49 31.05 18.55 270 54
67 20220808-14:59:06 31.05 18.55 225 54
68 20220808-14:59:16 31.05 18.55 180 54
69 20220808-14:59:28 31.05 18.55 135 54
70 20220808-14:59:37 31.05 18.55 90 54
71 20220808-14:59:47 31.05 18.55 45 54
72 20220808-14:59:56 31.05 18.55 0 54
73 20220808-15:00:06 31.05 18.55 315 54
74 20220808-15:00:15 31.05 18.55 270 54
75 20220808-15:00:23 31.05 18.55 270 54
76 20220808-15:00:37 31.05 17.55 270 54
77 20220808-15:00:51 31.05 17.55 270 54
78 20220808-15:00:58 31.05 17.55 315 54
79 20220808-15:01:08 31.05 17.55 0 54
80 20220808-15:01:19 31.05 17.55 45 54
81 20220808-15:01:28 31.05 17.55 90 54
82 20220808-15:01:40 31.05 17.55 135 54
83 20220808-15:01:48 31.05 17.55 180 54
84 20220808-15:01:59 31.05 17.55 225 54
85 20220808-15:02:08 31.05 17.55 270 54
86 20220808-15:02:15 31.05 17.55 270 54
87 20220808-15:02:34 31.05 16.45 270 53
88 20220808-15:02:37 31.05 16.45 270 53
89 20220808-15:02:46 31.05 16.45 270 53
90 20220808-15:02:56 31.05 16.45 225 53
91 20220808-15:03:06 31.05 16.45 180 53
92 20220808-15:03:16 31.05 16.45 135 53
93 20220808-15:03:18 31.05 16.45 135 53
94 20220808-15:03:29 31.05 16.45 90 53
95 20220808-15:03:37 31.05 16.45 45 53
96 20220808-15:03:46 31.05 16.45 0 53
97 20220808-15:03:57 31.05 16.45 315 53
98 20220808-15:04:06 31.05 16.45 270 53
99 20220808-15:04:12 31.05 16.45 270 53
100 20220808-15:04:31 31.05 15.55 270 53
101 20220808-15:04:46 31.05 15.55 315 53
102 20220808-15:04:55 31.05 15.55 0 53
103 20220808-15:04:56 31.05 15.55 0 53
104 20220808-15:05:06 31.05 15.55 45 53
105 20220808-15:05:08 31.05 15.55 45 53
106 20220808-15:05:15 31.05 15.55 90 53
107 20220808-15:05:16 31.05 15.55 90 53
108 20220808-15:05:27 31.05 15.55 135 53
109 20220808-15:05:28 31.05 15.55 135 53
110 20220808-15:05:35 31.05 15.55 180 53
111 20220808-15:05:46 31.05 15.55 225 53
112 20220808-15:05:59 31.05 15.55 270 53
113 20220808-15:06:27 31.05 14.45 270 52
114 20220808-15:06:31 31.05 14.45 270 52
115 20220808-15:06:31 31.05 14.45 270 52
116 20220808-15:06:51 31.05 14.45 270 52
117 20220808-15:07:03 31.05 14.45 225 52
118 20220808-15:07:07 31.05 14.45 180 52
119 20220808-15:07:18 31.05 14.45 135 52
120 20220808-15:07:27 31.05 14.45 90 52
121 20220808-15:07:37 31.05 14.45 45 52
122 20220808-15:07:49 31.05 14.45 0 52
123 20220808-15:07:57 31.05 14.45 315 52
124 20220808-15:08:11 31.05 14.45 270 52
125 20220808-15:08:14 31.05 14.45 270 52
126 20220808-15:08:40 31.05 13.55 270 52
127 20220808-15:08:55 31.05 13.55 270 52
128 20220808-15:09:08 31.05 13.55 315 52
129 20220808-15:09:19 31.05 13.55 0 52
130 20220808-15:09:33 31.05 13.55 45 52
131 20220808-15:09:41 31.05 13.55 90 52
132 20220808-15:09:48 31.05 13.55 135 52
133 20220808-15:09:58 31.05 13.55 180 52
134 20220808-15:10:01 31.05 13.55 180 52
135 20220808-15:10:07 31.05 13.55 225 52
136 20220808-15:10:22 31.05 13.55 270 52
137 20220808-15:10:38 31.05 13.55 270 52
138 20220808-15:10:55 31.05 12.45 270 51
139 20220808-15:11:00 31.05 12.45 270 51
140 20220808-15:11:10 31.05 12.45 225 51
141 20220808-15:11:19 31.05 12.45 180 51
142 20220808-15:11:29 31.05 12.45 135 51
143 20220808-15:11:30 31.05 12.45 135 51
144 20220808-15:11:39 31.05 12.45 90 51
145 20220808-15:11:47 31.05 12.45 45 51
146 20220808-15:11:58 31.05 12.45 0 51
147 20220808-15:12:10 31.05 12.45 315 51
148 20220808-15:12:14 31.05 12.45 315 51
149 20220808-15:12:22 31.05 12.45 270 51
150 20220808-15:12:25 31.05 12.45 270 51
151 20220808-15:12:37 31.05 12.45 270 51
152 20220808-15:12:39 31.05 12.45 270 51
153 20220808-15:13:02 31.05 11.55 270 51
154 20220808-15:13:22 31.05 11.55 315 51
155 20220808-15:13:35 31.05 11.55 0 51
156 20220808-15:13:43 31.05 11.55 45 51
157 20220808-15:13:55 31.05 11.55 90 51
158 20220808-15:14:00 31.05 11.55 135 51
159 20220808-15:14:01 31.05 11.55 135 51
160 20220808-15:14:17 31.05 11.55 180 51
161 20220808-15:14:22 31.05 11.55 225 51
162 20220808-15:14:37 31.05 11.55 270 51
163 20220808-15:17:21 31.05 11.55 270 51
164 20220808-15:17:22 31.05 11.55 270 51
