1 20220809-10:55:57 20.15 12.55 90 29
2 20220809-10:56:16 20.15 12.55 90 29
3 20220809-10:56:39 20.15 13.55 90 30
4 20220809-10:56:54 20.15 13.55 45 30
5 20220809-10:56:58 20.15 13.55 0 30
6 20220809-10:57:10 20.15 13.55 315 30
7 20220809-10:57:20 20.15 13.55 270 30
8 20220809-10:57:35 20.15 13.55 225 30
9 20220809-10:57:46 20.15 13.55 180 30
10 20220809-10:57:54 20.15 13.55 135 30
11 20220809-10:58:08 20.15 13.55 90 30
12 20220809-10:58:35 20.15 14.45 90 30
13 20220809-10:58:36 20.15 14.45 90 30
14 20220809-10:58:53 20.15 14.45 135 30
15 20220809-10:59:02 20.15 14.45 180 30
16 20220809-10:59:11 20.15 14.45 225 30
17 20220809-10:59:27 20.15 14.45 270 30
18 20220809-10:59:36 20.15 14.45 315 30
19 20220809-10:59:49 20.15 14.45 0 30
20 20220809-10:59:58 20.15 14.45 45 30
21 20220809-11:00:04 20.15 14.45 45 30
22 20220809-11:00:12 20.15 14.45 90 30
23 20220809-11:00:33 20.15 15.45 90 31
24 20220809-11:00:35 20.15 15.45 90 31
25 20220809-11:00:49 20.15 15.45 45 31
26 20220809-11:01:03 20.15 15.45 0 31
27 20220809-11:01:13 20.15 15.45 315 31
28 20220809-11:01:21 20.15 15.45 270 31
29 20220809-11:01:32 20.15 15.45 225 31
30 20220809-11:01:43 20.15 15.45 180 31
31 20220809-11:01:53 20.15 15.45 135 31
32 20220809-11:01:59 20.15 15.45 90 31
33 20220809-11:02:02 20.15 15.45 90 31
34 20220809-11:02:11 20.15 15.45 90 31
35 20220809-11:02:34 20.15 16.45 90 31
36 20220809-11:02:53 20.15 16.45 135 31
37 20220809-11:03:04 20.15 16.45 180 31
38 20220809-11:03:07 20.15 16.45 180 31
39 20220809-11:03:12 20.15 16.45 225 31
40 20220809-11:03:16 20.15 16.45 225 31
41 20220809-11:03:28 20.15 16.45 270 31
42 20220809-11:03:39 20.15 16.45 315 31
43 20220809-11:03:52 20.15 16.45 0 31
44 20220809-11:03:58 20.15 16.45 45 31
45 20220809-11:04:14 20.15 16.45 90 31
46 20220809-11:04:37 20.15 17.45 90 32
47 20220809-11:04:39 20.15 17.45 90 32
48 20220809-11:05:03 20.15 17.45 90 32
49 20220809-11:05:07 20.15 17.45 45 32
50 20220809-11:05:18 20.15 17.45 0 32
51 20220809-11:05:19 20.15 17.45 0 32
52 20220809-11:05:28 20.15 17.45 315 32
53 20220809-11:05:29 20.15 17.45 315 32
54 20220809-11:05:43 20.15 17.45 270 32
55 20220809-11:05:56 20.15 17.45 225 32
56 20220809-11:06:02 20.15 17.45 180 32
57 20220809-11:06:10 20.15 17.45 135 32
58 20220809-11:06:24 20.15 17.45 90 32
59 20220809-11:06:34 20.15 17.45 90 32
60 20220809-11:06:54 20.15 18.45 90 32
61 20220809-11:07:02 20.15 18.45 90 32
62 20220809-11:07:15 20.15 18.45 135 32
63 20220809-11:07:23 20.15 18.45 180 32
64 20220809-11:07:33 20.15 18.45 225 32
65 20220809-11:07:48 20.15 18.45 270 32
66 20220809-11:07:57 20.15 18.45 315 32
67 20220809-11:08:08 20.15 18.45 0 32
68 20220809-11:08:09 20.15 18.45 0 32
69 20220809-11:08:13 20.15 18.45 45 32
70 20220809-11:08:14 20.15 18.45 45 32
71 20220809-11:08:30 20.15 18.45 90 32
72 20220809-11:08:36 20.15 18.45 90 32
73 20220809-11:09:05 20.15 19.45 90 33
74 20220809-11:09:10 20.15 19.45 90 33
75 20220809-11:09:21 20.15 19.45 90 33
76 20220809-11:09:26 20.15 19.45 45 33
77 20220809-11:09:37 20.15 19.45 0 33
78 20220809-11:09:47 20.15 19.45 0 33
79 20220809-11:09:51 20.15 19.45 315 33
80 20220809-11:09:58 20.15 19.45 270 33
81 20220809-11:10:05 20.15 19.45 225 33
82 20220809-11:10:14 20.15 19.45 180 33
83 20220809-11:10:22 20.15 19.45 135 33
84 20220809-11:10:29 20.15 19.45 135 33
85 20220809-11:10:35 20.15 19.45 90 33
86 20220809-11:10:37 20.15 19.45 90 33
87 20220809-11:11:12 20.15 20.35 90 33
88 20220809-11:11:18 20.15 20.35 90 33
89 20220809-11:11:36 20.15 20.35 135 33
90 20220809-11:11:48 20.15 20.35 180 33
91 20220809-11:11:57 20.15 20.35 225 33
92 20220809-11:12:14 20.15 20.35 270 33
93 20220809-11:12:24 20.15 20.35 315 33
94 20220809-11:12:34 20.15 20.35 0 33
95 20220809-11:12:42 20.15 20.35 45 33
96 20220809-11:12:57 20.15 20.35 90 33
97 20220809-11:13:59 20.15 21.55 90 34
98 20220809-11:14:16 20.15 21.55 135 34
99 20220809-11:14:27 20.15 21.55 180 34
100 20220809-11:14:42 20.15 21.55 180 34
