1 20220728-14:45:00 25.35 91.05 180 227
2 20220728-14:45:20 24.85 90.95 180 227
3 20220728-14:45:20 24.85 90.95 180 227
4 20220728-14:45:23 24.45 90.95 180 227
5 20220728-14:45:25 24.35 90.95 180 227
6 20220728-14:47:03 23.85 90.95 180 226
7 20220728-14:47:19 23.45 90.95 180 226
8 20220728-14:47:38 23.45 90.95 135 226
9 20220728-14:47:48 23.45 90.95 90 226
10 20220728-14:48:02 23.45 90.95 45 226
11 20220728-14:48:10 23.45 90.95 0 226
12 20220728-14:48:18 23.45 90.95 315 226
13 20220728-14:48:28 23.45 90.95 270 226
14 20220728-14:48:37 23.45 90.95 225 226
15 20220728-14:48:45 23.45 90.95 180 226
16 20220728-14:48:58 22.85 90.95 180 226
17 20220728-14:48:58 22.85 90.95 180 226
18 20220728-14:49:17 22.85 90.95 225 226
19 20220728-14:49:33 22.85 90.95 270 226
20 20220728-14:49:43 22.85 90.95 315 226
21 20220728-14:49:51 22.85 90.95 0 226
22 20220728-14:49:58 22.85 90.95 45 226
23 20220728-14:50:07 22.85 90.95 90 226
24 20220728-14:50:15 22.85 90.95 135 226
25 20220728-14:50:23 22.85 90.95 180 226
26 20220728-14:50:36 22.25 90.95 180 226
27 20220728-14:50:36 22.25 90.95 180 226
28 20220728-14:51:01 21.65 90.95 180 225
29 20220728-14:51:13 21.65 90.95 135 225
30 20220728-14:51:22 21.65 90.95 90 225
31 20220728-14:51:31 21.65 90.95 45 225
32 20220728-14:51:38 21.65 90.95 0 225
33 20220728-14:51:45 21.65 90.95 315 225
34 20220728-14:51:54 21.65 90.95 270 225
35 20220728-14:51:55 21.65 90.95 270 225
36 20220728-14:52:03 21.65 90.95 225 225
37 20220728-14:52:14 21.65 90.95 180 225
38 20220728-14:52:28 21.15 90.95 180 225
39 20220728-14:52:52 21.15 90.95 225 225
40 20220728-14:53:03 21.15 90.95 270 225
41 20220728-14:53:27 21.15 90.95 315 225
42 20220728-14:53:39 21.15 90.95 0 225
43 20220728-14:53:47 21.15 90.95 45 225
44 20220728-14:53:57 21.15 90.95 90 225
45 20220728-14:54:08 21.15 90.95 135 225
46 20220728-14:54:22 21.15 90.95 180 225
47 20220728-14:54:40 20.35 90.95 180 225
48 20220728-14:54:41 20.15 90.95 180 225
49 20220728-14:54:43 20.05 90.95 180 225
50 20220728-14:54:44 19.85 90.95 180 224
51 20220728-14:55:05 19.85 90.95 135 224
52 20220728-14:55:14 19.85 90.95 90 224
53 20220728-14:55:28 19.85 90.95 45 224
54 20220728-14:55:37 19.85 90.95 0 224
55 20220728-14:55:45 19.85 90.95 315 224
56 20220728-14:55:57 19.85 90.95 270 224
57 20220728-14:56:07 19.85 90.95 225 224
58 20220728-14:56:16 19.85 90.95 180 224
59 20220728-14:56:34 19.05 90.95 180 224
60 20220728-14:56:54 19.05 90.95 225 224
61 20220728-14:57:09 19.05 90.95 270 224
62 20220728-14:57:19 19.05 90.95 315 224
63 20220728-14:57:32 19.05 90.95 0 224
64 20220728-14:57:44 19.05 90.95 45 224
65 20220728-14:57:54 19.05 90.95 90 224
66 20220728-14:58:03 19.05 90.95 135 224
67 20220728-14:58:14 19.05 90.95 180 224
68 20220728-14:58:23 18.35 90.95 180 224
69 20220728-14:58:23 18.35 90.95 180 224
70 20220728-14:58:33 18.35 90.95 180 224
71 20220728-14:58:33 18.35 90.95 180 224
72 20220728-14:58:43 17.85 90.95 180 223
73 20220728-14:58:43 17.85 90.95 180 223
74 20220728-14:58:53 17.85 90.95 180 223
75 20220728-14:58:53 17.85 90.95 180 223
76 20220728-14:59:10 17.85 90.95 135 223
77 20220728-14:59:29 17.85 90.95 90 223
78 20220728-14:59:40 17.85 90.95 45 223
79 20220728-14:59:50 17.85 90.95 0 223
80 20220728-15:00:01 17.85 90.95 315 223
81 20220728-15:00:11 17.85 90.95 270 223
82 20220728-15:00:23 17.85 90.95 225 223
83 20220728-15:00:34 17.85 90.95 180 223
84 20220728-15:00:51 16.95 90.95 180 223
85 20220728-15:01:23 16.65 90.95 180 223
86 20220728-15:01:23 16.65 90.95 180 223
87 20220728-15:01:43 16.65 90.95 225 223
88 20220728-15:01:54 16.65 90.95 270 223
89 20220728-15:02:05 16.65 90.95 315 223
90 20220728-15:02:16 16.65 90.95 0 223
91 20220728-15:02:24 16.65 90.95 45 223
92 20220728-15:02:36 16.65 90.95 90 223
93 20220728-15:02:46 16.65 90.95 135 223
94 20220728-15:02:56 16.65 90.95 180 223
95 20220728-15:03:24 15.95 90.95 180 222
96 20220728-15:03:44 15.95 90.95 225 222
97 20220728-15:03:56 15.95 90.95 270 222
98 20220728-15:04:04 15.95 90.95 315 222
99 20220728-15:04:16 15.95 90.95 0 222
100 20220728-15:04:25 15.95 90.95 45 222
101 20220728-15:04:37 15.95 90.95 90 222
102 20220728-15:04:46 15.95 90.95 135 222
103 20220728-15:04:56 15.95 90.95 180 222
104 20220728-15:05:09 15.45 90.95 180 222
105 20220728-15:05:30 15.45 90.95 180 222
106 20220728-15:05:41 15.45 90.95 135 222
107 20220728-15:05:53 15.45 90.95 90 222
108 20220728-15:06:04 15.45 90.95 45 222
109 20220728-15:06:14 15.45 90.95 0 222
110 20220728-15:06:22 15.45 90.95 315 222
111 20220728-15:06:33 15.45 90.95 270 222
112 20220728-15:06:42 15.45 90.95 225 222
113 20220728-15:06:52 15.45 90.95 180 222
114 20220728-15:07:10 15.05 90.95 180 222
115 20220728-15:07:11 15.05 90.95 180 222
116 20220728-15:07:23 14.55 90.95 180 222
117 20220728-15:07:24 14.35 90.95 180 222
118 20220728-15:08:17 14.35 90.95 180 222
119 20220728-15:08:21 14.35 90.95 180 222
120 20220728-15:08:53 14.15 90.95 180 222
121 20220728-15:09:17 14.15 90.95 135 222
122 20220728-15:09:25 14.15 90.95 90 222
123 20220728-15:09:36 14.15 90.95 45 222
124 20220728-15:09:45 14.15 90.95 0 222
125 20220728-15:09:53 14.15 90.95 315 222
126 20220728-15:10:03 14.15 90.95 270 222
127 20220728-15:10:10 14.15 90.95 225 222
128 20220728-15:10:19 14.15 90.95 180 222
129 20220728-15:10:50 13.95 90.95 180 221
130 20220728-15:10:50 13.95 90.95 180 221
131 20220728-15:11:17 13.95 90.95 180 221
132 20220728-15:11:17 13.95 90.95 180 221
133 20220728-15:11:55 13.95 90.95 225 221
134 20220728-15:12:05 13.95 90.95 270 221
135 20220728-15:12:16 13.95 90.95 315 221
136 20220728-15:12:29 13.95 90.95 0 221
137 20220728-15:12:39 13.95 90.95 45 221
138 20220728-15:12:52 13.95 90.95 90 221
139 20220728-15:13:04 13.95 90.95 135 221
140 20220728-15:13:05 13.95 90.95 135 221
141 20220728-15:13:15 13.95 90.95 180 221
142 20220728-15:13:27 13.45 90.95 180 221
143 20220728-15:13:28 13.45 90.95 180 221
144 20220728-15:13:39 13.45 90.95 180 221
145 20220728-15:13:39 13.45 90.95 180 221
146 20220728-15:13:47 13.45 90.95 135 221
147 20220728-15:14:05 13.45 90.95 90 221
148 20220728-15:14:13 13.45 90.95 45 221
149 20220728-15:14:23 13.45 90.95 0 221
150 20220728-15:14:32 13.45 90.95 315 221
151 20220728-15:14:43 13.45 90.95 270 221
152 20220728-15:14:56 13.45 90.95 270 221
153 20220728-15:15:14 13.45 90.95 225 221
154 20220728-15:15:24 13.45 90.95 180 221
155 20220728-15:16:11 12.95 90.95 180 221
156 20220728-15:16:11 12.95 90.95 180 221
157 20220728-15:16:13 12.85 90.95 180 221
158 20220728-15:16:36 12.85 90.95 225 221
159 20220728-15:16:47 12.85 90.95 270 221
160 20220728-15:16:55 12.85 90.95 315 221
161 20220728-15:17:09 12.85 90.95 0 221
162 20220728-15:17:18 12.85 90.95 45 221
163 20220728-15:17:31 12.85 90.95 90 221
164 20220728-15:17:42 12.85 90.95 135 221
165 20220728-15:17:54 12.85 90.95 180 221
166 20220728-15:18:16 12.25 90.95 180 221
167 20220728-15:18:16 12.25 90.95 180 221
168 20220728-15:18:34 12.25 90.95 135 221
169 20220728-15:18:49 12.25 90.95 90 221
170 20220728-15:18:58 12.25 90.95 45 221
171 20220728-15:19:10 12.25 90.95 0 221
172 20220728-15:19:20 12.25 90.95 315 221
173 20220728-15:19:38 12.25 90.95 270 221
174 20220728-15:19:38 12.25 90.95 270 221
175 20220728-15:19:51 12.25 90.95 225 221
176 20220728-15:20:03 12.25 90.95 180 221
177 20220728-15:20:30 11.65 90.95 180 221
178 20220728-15:20:32 11.55 90.95 180 221
179 20220728-15:20:58 11.55 90.95 225 221
180 20220728-15:21:14 11.55 90.95 270 221
181 20220728-15:21:29 11.55 90.95 315 221
182 20220728-15:21:42 11.55 90.95 0 221
183 20220728-15:21:51 11.55 90.95 45 221
184 20220728-15:22:04 11.55 90.95 90 221
185 20220728-15:22:14 11.55 90.95 135 221
186 20220728-15:22:26 11.55 90.95 180 221
187 20220728-15:22:44 10.75 90.95 180 184
188 20220728-15:23:58 10.75 90.95 135 184
189 20220728-15:24:12 10.75 90.95 90 184
190 20220728-15:24:28 10.75 90.95 45 184
191 20220728-15:24:42 10.75 90.95 0 184
192 20220728-15:24:52 10.75 90.95 315 184
193 20220728-15:24:53 10.75 90.95 315 184
194 20220728-15:25:10 10.75 90.95 270 184
195 20220728-15:25:22 10.75 90.95 225 184
196 20220728-15:25:36 10.75 90.95 180 184
197 20220728-15:25:57 10.25 90.95 180 184
198 20220728-15:25:57 10.25 90.95 180 184
199 20220728-15:26:22 10.25 90.95 135 184
200 20220728-15:26:26 10.25 90.95 225 184
201 20220728-15:26:37 10.25 90.95 270 184
202 20220728-15:26:53 10.25 90.95 315 184
203 20220728-15:27:04 10.25 90.95 0 184
204 20220728-15:27:13 10.25 90.95 45 184
205 20220728-15:27:25 10.25 90.95 90 184
206 20220728-15:27:37 10.25 90.95 135 184
207 20220728-15:27:48 10.25 90.95 180 184
208 20220728-15:28:11 10.25 90.95 135 184
209 20220728-15:28:23 10.25 90.95 90 184
210 20220728-15:28:43 10.25 91.25 90 184
211 20220728-15:28:45 10.25 91.55 90 184
212 20220728-15:28:48 10.35 91.85 90 184
213 20220728-15:28:56 10.35 91.85 90 184
214 20220728-15:28:56 10.35 91.85 90 184
215 20220728-15:29:02 10.35 92.25 90 183
216 20220728-15:29:18 10.35 92.25 45 183
217 20220728-15:29:30 10.35 92.25 0 183
218 20220728-15:29:43 10.35 92.25 315 183
219 20220728-15:29:59 10.35 92.25 270 183
220 20220728-15:30:14 10.35 92.25 225 183
221 20220728-15:30:25 10.35 92.25 180 183
222 20220728-15:30:35 10.35 92.25 135 183
223 20220728-15:30:46 10.35 92.25 90 183
224 20220728-15:31:13 10.45 93.35 90 183
225 20220728-15:31:14 10.45 93.35 90 183
226 20220728-15:31:22 10.45 93.35 90 183
227 20220728-15:31:22 10.45 93.35 90 183
228 20220728-15:31:37 10.45 93.35 135 183
229 20220728-15:31:49 10.45 93.35 180 183
230 20220728-15:31:50 10.45 93.35 180 183
231 20220728-15:32:05 10.45 93.35 225 183
232 20220728-15:32:16 10.45 93.35 270 183
233 20220728-15:32:28 10.45 93.35 315 183
234 20220728-15:32:40 10.45 93.35 0 183
235 20220728-15:32:50 10.45 93.35 45 183
236 20220728-15:33:02 10.45 93.35 90 183
237 20220728-15:33:03 10.45 93.35 90 183
238 20220728-15:33:29 10.45 94.25 90 182
239 20220728-15:33:55 10.45 94.25 45 182
240 20220728-15:34:11 10.45 94.25 0 182
241 20220728-15:34:21 10.45 94.25 315 182
242 20220728-15:34:32 10.45 94.25 270 182
243 20220728-15:34:33 10.45 94.25 270 182
244 20220728-15:34:48 10.45 94.25 225 182
245 20220728-15:34:59 10.45 94.25 180 182
246 20220728-15:35:07 10.45 94.25 135 182
247 20220728-15:35:18 10.45 94.25 90 182
248 20220728-15:35:39 10.45 94.95 90 182
249 20220728-15:35:39 10.45 94.95 90 182
250 20220728-15:35:42 10.45 95.05 90 182
251 20220728-15:35:51 10.45 95.55 90 182
252 20220728-15:36:11 10.45 95.55 135 182
253 20220728-15:36:25 10.45 95.55 180 182
254 20220728-15:36:37 10.45 95.55 225 182
255 20220728-15:36:50 10.45 95.55 270 182
256 20220728-15:37:02 10.45 95.55 315 182
257 20220728-15:37:13 10.45 95.55 0 182
258 20220728-15:37:24 10.45 95.55 45 182
259 20220728-15:37:34 10.45 95.55 90 182
260 20220728-15:37:58 10.45 95.95 90 182
261 20220728-15:37:59 10.45 95.95 90 182
262 20220728-15:38:01 10.45 96.05 90 181
263 20220728-15:38:37 10.45 96.05 45 181
264 20220728-15:38:49 10.45 96.05 0 181
265 20220728-15:39:07 10.45 96.05 315 181
266 20220728-15:39:18 10.45 96.05 270 181
267 20220728-15:40:02 10.45 96.05 225 181
268 20220728-15:40:14 10.45 96.05 180 181
269 20220728-15:40:25 10.45 96.05 135 181
270 20220728-15:40:48 10.45 96.45 90 181
271 20220728-15:40:48 10.45 96.45 90 181
272 20220728-15:40:51 10.35 96.65 90 181
273 20220728-15:41:05 10.35 96.65 135 181
274 20220728-15:41:18 10.35 96.65 180 181
275 20220728-15:41:54 10.35 96.65 225 181
276 20220728-15:42:06 10.35 96.65 270 181
277 20220728-15:42:18 10.35 96.65 315 181
278 20220728-15:42:30 10.35 96.65 0 181
279 20220728-15:42:45 10.35 96.65 45 181
280 20220728-15:42:58 10.35 96.65 90 181
281 20220728-15:45:27 10.35 96.65 135 181
282 20220728-15:45:40 10.35 96.65 180 181
283 20220728-15:45:46 10.35 96.65 225 181
284 20220728-15:46:02 10.35 96.65 270 181
285 20220728-15:46:10 10.35 96.65 315 181
286 20220728-15:46:27 10.35 96.65 0 181
287 20220728-15:46:30 10.35 96.65 0 181
288 20220728-15:46:42 10.35 96.65 45 181
289 20220728-15:46:52 10.35 96.65 90 181
290 20220728-15:47:11 10.35 96.65 135 181
291 20220728-15:47:14 10.35 96.65 180 181
292 20220728-15:47:17 10.35 96.65 180 181
293 20220728-15:47:38 10.35 96.65 225 181
294 20220728-15:47:40 10.35 96.65 270 181
295 20220728-15:50:37 10.35 96.65 315 181
296 20220728-15:50:52 10.35 96.65 0 181
297 20220728-15:51:12 10.35 96.65 45 181
298 20220728-15:51:24 10.35 96.65 90 181
299 20220728-15:52:01 10.35 97.05 90 181
300 20220728-15:52:01 10.35 97.05 90 181
301 20220728-15:52:04 10.35 97.15 90 181
302 20220728-15:52:22 10.35 97.55 90 181
303 20220728-15:52:24 10.35 97.65 90 181
304 20220728-15:52:25 10.35 97.75 90 181
305 20220728-15:52:46 10.35 97.75 135 181
306 20220728-15:53:00 10.35 97.75 180 181
307 20220728-15:53:13 10.35 97.75 225 181
308 20220728-15:53:26 10.35 97.75 270 181
309 20220728-15:53:37 10.35 97.75 315 181
310 20220728-15:53:51 10.35 97.75 0 181
311 20220728-15:54:03 10.35 97.75 45 181
312 20220728-15:54:17 10.35 97.75 90 181
313 20220728-15:54:46 10.35 98.95 90 180
314 20220728-15:54:49 10.35 99.25 90 180
315 20220728-15:55:11 10.35 99.25 45 180
316 20220728-15:55:26 10.35 99.25 0 180
317 20220728-15:55:48 10.35 99.25 315 180
318 20220728-15:56:07 10.35 99.25 225 180
319 20220728-15:56:09 10.35 99.25 270 180
320 20220728-15:56:10 10.35 99.25 270 180
321 20220728-15:56:20 10.35 99.25 225 180
322 20220728-15:56:39 10.35 99.25 180 180
323 20220728-15:56:51 10.35 99.25 135 180
324 20220728-15:56:52 10.35 99.25 135 180
325 20220728-15:57:06 10.35 99.25 90 180
326 20220728-15:57:06 10.35 99.25 90 180
327 20220728-15:57:27 10.35 100.05 90 179
328 20220728-15:58:04 10.35 100.05 135 179
329 20220728-15:58:17 10.35 100.05 180 179
330 20220728-15:58:43 10.35 100.05 225 179
331 20220728-15:58:56 10.35 100.05 270 179
332 20220728-15:59:08 10.35 100.05 315 179
333 20220728-15:59:22 10.35 100.05 0 179
334 20220728-15:59:42 10.35 100.05 45 179
335 20220728-15:59:59 10.35 100.05 90 179
336 20220728-16:00:13 10.35 100.25 90 179
337 20220728-16:00:30 10.35 100.45 90 179
338 20220728-16:00:53 10.35 100.45 45 179
339 20220728-16:01:05 10.35 100.45 0 179
340 20220728-16:01:33 10.35 100.45 315 179
341 20220728-16:01:44 10.35 100.45 270 179
342 20220728-16:01:55 10.35 100.45 225 179
343 20220728-16:02:07 10.35 100.45 225 179
344 20220728-16:02:25 10.35 100.45 180 179
345 20220728-16:03:01 10.35 100.45 135 179
