1 20220713-11:36:40 31.5 72.15 90 148
2 20220713-11:36:44 31.5 72.55 90 148
3 20220713-11:36:45 31.5 72.75 90 148
4 20220713-11:36:47 31.4 72.85 90 148
5 20220713-11:36:48 31.4 72.95 90 148
6 20220713-11:36:50 31.4 73.15 90 149
7 20220713-11:36:51 31.4 73.35 90 149
8 20220713-11:36:53 31.4 73.55 90 149
9 20220713-11:36:56 31.4 73.75 90 149
10 20220713-11:36:58 31.4 73.95 90 149
11 20220713-11:36:59 31.4 74.15 90 149
12 20220713-11:37:00 31.4 74.35 90 149
13 20220713-11:37:02 31.4 74.55 90 149
14 20220713-11:37:03 31.4 74.75 90 149
15 20220713-11:37:04 31.4 74.95 90 149
16 20220713-11:37:05 31.4 75.15 90 150
17 20220713-11:37:07 31.4 75.35 90 150
18 20220713-11:37:08 31.4 75.55 90 150
19 20220713-11:37:09 31.4 75.75 90 150
20 20220713-11:37:10 31.4 75.95 90 150
21 20220713-11:37:14 31.4 76.15 90 150
22 20220713-11:37:15 31.4 76.35 90 150
23 20220713-11:37:16 31.4 76.65 90 150
24 20220713-11:37:16 31.4 76.85 90 150
25 20220713-11:37:17 31.4 77.15 90 151
26 20220713-11:37:18 31.4 77.55 90 151
27 20220713-11:37:20 31.4 77.65 90 151
28 20220713-11:37:22 31.4 77.75 90 151
29 20220713-11:37:30 31.4 77.75 45 151
30 20220713-11:37:33 31.4 77.75 45 151
31 20220713-11:37:38 31.4 77.75 45 151
32 20220713-11:37:40 31.4 77.75 45 151
33 20220713-11:37:44 31.4 77.75 45 151
34 20220713-11:37:47 31.4 77.75 45 151
35 20220713-11:37:53 31.4 77.75 0 151
36 20220713-11:38:02 31.6 77.75 0 151
37 20220713-11:38:06 31.8 77.75 0 151
38 20220713-11:38:07 32.0 77.75 0 270
39 20220713-11:38:09 32.1 77.75 0 270
40 20220713-11:38:25 32.3 77.75 0 270
41 20220713-11:38:27 32.5 77.75 0 270
42 20220713-11:38:33 32.7 77.75 0 270
43 20220713-11:38:34 32.9 77.75 0 270
44 20220713-11:38:36 33.1 77.75 0 270
45 20220713-11:38:38 33.3 77.75 0 270
46 20220713-11:38:40 33.4 77.75 0 270
47 20220713-11:38:42 33.6 77.75 0 270
48 20220713-11:38:44 33.7 77.75 0 270
49 20220713-11:38:45 33.9 77.75 0 270
50 20220713-11:38:46 34.1 77.75 0 269
51 20220713-11:38:48 34.3 77.75 0 269
52 20220713-11:38:49 34.5 77.75 0 269
53 20220713-11:38:51 34.7 77.75 0 269
54 20220713-11:38:53 34.8 77.75 0 269
55 20220713-11:38:54 34.9 77.75 0 269
56 20220713-11:38:55 35.1 77.75 0 269
57 20220713-11:38:56 35.2 77.75 0 269
58 20220713-11:38:58 35.3 77.75 0 269
59 20220713-11:39:00 35.5 77.75 0 269
60 20220713-11:39:02 35.7 77.75 0 269
61 20220713-11:39:03 35.9 77.75 0 269
62 20220713-11:39:04 36.2 77.75 0 268
63 20220713-11:39:05 36.4 77.75 0 268
64 20220713-11:39:07 36.6 77.75 0 268
65 20220713-11:39:09 36.8 77.75 0 268
66 20220713-11:39:12 36.9 77.75 0 268
67 20220713-11:39:13 37.1 77.75 0 268
68 20220713-11:39:16 37.2 77.75 0 268
69 20220713-11:39:18 37.5 77.75 0 268
70 20220713-11:39:21 37.6 77.75 0 268
71 20220713-11:39:21 37.7 77.75 0 268
72 20220713-11:39:23 37.8 77.75 0 268
73 20220713-11:39:23 37.9 77.75 0 268
74 20220713-11:39:24 38.0 77.75 0 267
75 20220713-11:39:24 38.1 77.75 0 267
76 20220713-11:39:25 38.2 77.75 0 267
77 20220713-11:39:25 38.3 77.75 0 267
78 20220713-11:39:26 38.4 77.75 0 267
79 20220713-11:39:27 38.5 77.75 0 267
80 20220713-11:39:27 38.6 77.75 0 267
81 20220713-11:39:28 38.7 77.75 0 267
82 20220713-11:39:29 38.8 77.75 0 267
83 20220713-11:39:29 38.9 77.75 0 267
84 20220713-11:39:30 39.0 77.75 0 267
85 20220713-11:39:30 39.1 77.75 0 267
86 20220713-11:39:31 39.2 77.75 0 267
87 20220713-11:39:32 39.3 77.75 0 267
88 20220713-11:39:32 39.5 77.75 0 267
89 20220713-11:39:33 39.6 77.75 0 267
90 20220713-11:39:34 39.7 77.75 0 267
91 20220713-11:39:34 39.8 77.75 0 267
92 20220713-11:39:35 40.0 77.75 0 266
93 20220713-11:39:36 40.1 77.75 0 266
94 20220713-11:39:37 40.2 77.75 0 266
95 20220713-11:39:38 40.3 77.75 0 266
96 20220713-11:39:39 40.4 77.75 0 266
97 20220713-11:39:39 40.5 77.75 0 266
98 20220713-11:39:40 40.6 77.75 0 266
99 20220713-11:39:41 40.7 77.75 0 266
100 20220713-11:39:41 40.8 77.75 0 266
101 20220713-11:39:42 41.0 77.75 0 266
102 20220713-11:39:43 41.1 77.75 0 266
103 20220713-11:39:43 41.2 77.75 0 266
104 20220713-11:39:44 41.3 77.75 0 266
105 20220713-11:39:45 41.4 77.75 0 266
106 20220713-11:39:45 41.5 77.75 0 266
107 20220713-11:39:46 41.6 77.75 0 266
108 20220713-11:39:47 41.7 77.75 0 266
109 20220713-11:39:47 41.8 77.75 0 266
110 20220713-11:39:48 41.9 77.75 0 266
111 20220713-11:39:49 42.0 77.75 0 265
112 20220713-11:39:51 42.1 77.75 0 265
113 20220713-11:39:52 42.2 77.75 0 265
114 20220713-11:39:52 42.3 77.75 0 265
115 20220713-11:39:53 42.4 77.75 0 265
116 20220713-11:39:54 42.5 77.75 0 265
117 20220713-11:39:55 42.6 77.75 0 265
118 20220713-11:39:56 42.7 77.75 0 265
119 20220713-11:39:57 42.8 77.75 0 265
120 20220713-11:39:58 42.9 77.75 0 265
121 20220713-11:39:59 43.0 77.75 0 265
122 20220713-11:40:00 43.2 77.75 0 265
123 20220713-11:40:01 43.3 77.75 0 265
124 20220713-11:40:02 43.4 77.75 0 265
125 20220713-11:40:04 43.5 77.75 0 265
126 20220713-11:40:05 43.6 77.75 0 265
127 20220713-11:40:06 43.7 77.75 0 265
128 20220713-11:40:07 43.8 77.75 0 265
129 20220713-11:40:08 43.9 77.75 0 265
130 20220713-11:40:09 44.0 77.75 0 264
131 20220713-11:40:11 44.1 77.75 0 264
132 20220713-11:40:11 44.3 77.75 0 264
133 20220713-11:40:12 44.5 77.75 0 264
134 20220713-11:40:13 44.6 77.75 0 264
135 20220713-11:40:14 44.8 77.75 0 264
136 20220713-11:40:16 44.9 77.75 0 264
137 20220713-11:40:18 45.0 77.75 0 264
138 20220713-11:40:19 45.1 77.75 0 264
139 20220713-11:40:20 45.2 77.75 0 264
140 20220713-11:40:21 45.3 77.75 0 264
141 20220713-11:40:22 45.4 77.75 0 264
142 20220713-11:40:24 45.5 77.75 0 264
143 20220713-11:40:24 45.6 77.75 0 264
144 20220713-11:40:25 45.8 77.75 0 264
145 20220713-11:40:26 46.0 77.75 0 263
146 20220713-11:40:27 46.1 77.75 0 263
147 20220713-11:40:28 46.2 77.75 0 263
148 20220713-11:40:29 46.3 77.75 0 263
149 20220713-11:40:30 46.4 77.75 0 263
150 20220713-11:40:31 46.5 77.75 0 263
151 20220713-11:40:32 46.6 77.75 0 263
152 20220713-11:40:33 46.7 77.75 0 263
153 20220713-11:40:34 46.8 77.75 0 263
154 20220713-11:40:35 47.0 77.75 0 263
155 20220713-11:40:36 47.1 77.75 0 263
156 20220713-11:40:37 47.3 77.75 0 263
157 20220713-11:40:38 47.4 77.75 0 263
158 20220713-11:40:39 47.6 77.75 0 263
159 20220713-11:40:40 47.8 77.75 0 263
160 20220713-11:40:41 48.0 77.75 0 262
161 20220713-11:40:42 48.2 77.75 0 262
162 20220713-11:40:43 48.6 77.75 0 262
163 20220713-11:40:44 48.8 77.75 0 262
164 20220713-11:40:45 49.0 77.75 0 262
165 20220713-11:40:46 49.2 77.75 0 262
166 20220713-11:40:47 49.4 77.75 0 262
167 20220713-11:40:48 49.6 77.75 0 262
168 20220713-11:40:49 49.8 77.75 0 262
169 20220713-11:40:50 50.0 77.75 0 261
170 20220713-11:40:50 50.2 77.75 0 261
171 20220713-11:40:51 50.4 77.75 0 261
172 20220713-11:40:52 50.6 77.75 0 261
173 20220713-11:40:53 50.8 77.75 0 261
174 20220713-11:40:54 51.0 77.75 0 261
175 20220713-11:40:55 51.2 77.75 0 261
176 20220713-11:40:56 51.4 77.75 0 261
177 20220713-11:40:58 51.6 77.75 0 261
178 20220713-11:40:59 51.8 77.75 0 261
179 20220713-11:41:00 52.0 77.75 0 260
180 20220713-11:41:01 52.2 77.75 0 260
181 20220713-11:41:02 52.4 77.75 0 260
182 20220713-11:41:04 52.5 77.75 0 260
183 20220713-11:41:05 52.7 77.75 0 260
184 20220713-11:41:06 52.9 77.75 0 260
185 20220713-11:41:07 53.1 77.75 0 260
186 20220713-11:41:08 53.3 77.75 0 260
187 20220713-11:41:09 53.5 77.75 0 260
188 20220713-11:41:10 53.7 77.75 0 260
189 20220713-11:41:11 53.9 77.75 0 260
190 20220713-11:41:13 54.1 77.75 0 259
191 20220713-11:41:14 54.2 77.75 0 259
192 20220713-11:41:16 54.3 77.75 0 259
193 20220713-11:41:17 54.4 77.75 0 259
194 20220713-11:41:18 54.5 77.75 0 259
195 20220713-11:41:19 54.6 77.75 0 259
196 20220713-11:41:20 54.7 77.75 0 259
197 20220713-11:41:21 54.9 77.75 0 259
198 20220713-11:41:22 55.1 77.75 0 259
199 20220713-11:41:23 55.3 77.75 0 259
200 20220713-11:41:24 55.5 77.75 0 259
201 20220713-11:41:25 55.7 77.75 0 259
202 20220713-11:41:26 55.9 77.75 0 259
203 20220713-11:41:27 56.1 77.75 0 258
204 20220713-11:41:30 56.3 77.75 0 258
205 20220713-11:41:32 56.5 77.75 0 258
206 20220713-11:41:34 56.7 77.75 0 258
207 20220713-11:41:37 56.8 77.75 0 258
208 20220713-11:41:44 56.9 77.75 0 258
209 20220713-11:41:46 57.0 77.75 0 258
210 20220713-11:41:46 57.2 77.75 0 258
211 20220713-11:41:47 57.3 77.75 0 258
212 20220713-11:41:48 57.5 77.75 0 258
213 20220713-11:41:49 57.7 77.75 0 257
214 20220713-11:41:52 57.8 77.75 0 257
215 20220713-11:41:56 57.9 77.75 0 257
216 20220713-11:41:57 58.0 77.75 0 257
217 20220713-11:41:58 58.1 77.75 0 257
218 20220713-11:42:01 58.2 77.75 0 257
219 20220713-11:42:02 58.4 77.75 0 257
220 20220713-11:42:03 58.6 77.75 0 257
221 20220713-11:42:11 58.6 77.75 45 257
222 20220713-11:42:14 58.6 77.75 45 257
223 20220713-11:42:17 58.6 77.75 45 257
224 20220713-11:42:20 58.6 77.75 45 257
225 20220713-11:42:22 58.6 77.75 45 257
226 20220713-11:42:24 58.6 77.75 45 257
227 20220713-11:42:27 58.6 77.75 45 257
228 20220713-11:42:30 58.6 77.75 45 257
229 20220713-11:42:33 58.6 77.75 45 257
230 20220713-11:42:36 58.6 77.75 45 257
231 20220713-11:42:39 58.6 77.75 45 257
232 20220713-11:42:53 58.6 77.75 45 257
233 20220713-11:42:54 58.6 77.75 90 257
234 20220713-11:43:08 58.6 77.75 90 257
235 20220713-11:43:27 58.8 77.95 90 257
236 20220713-11:43:29 58.8 78.25 90 257
237 20220713-11:43:29 58.8 78.25 90 257
238 20220713-11:43:31 58.8 78.75 90 257
239 20220713-11:43:33 58.8 79.05 90 256
240 20220713-11:43:35 58.8 79.25 90 256
241 20220713-11:43:37 58.8 79.45 90 256
242 20220713-11:43:39 58.8 79.65 90 256
243 20220713-11:43:42 58.8 79.85 90 256
244 20220713-11:43:43 58.8 80.15 90 256
245 20220713-11:43:47 58.8 80.35 90 256
246 20220713-11:43:49 58.8 80.55 90 256
247 20220713-11:43:50 58.8 80.75 90 256
248 20220713-11:43:52 58.8 80.95 90 256
249 20220713-11:43:56 58.8 81.15 90 256
250 20220713-11:43:58 58.8 81.35 90 256
251 20220713-11:44:02 58.8 81.55 90 256
252 20220713-11:44:04 58.8 81.75 90 256
253 20220713-11:44:05 58.8 81.95 90 256
254 20220713-11:44:06 58.8 82.15 90 255
255 20220713-11:44:07 58.8 82.35 90 255
256 20220713-11:44:07 58.8 82.55 90 255
257 20220713-11:44:09 58.8 82.75 90 255
258 20220713-11:44:10 58.8 82.95 90 255
259 20220713-11:44:11 58.8 83.15 90 255
260 20220713-11:44:13 58.8 83.35 90 255
261 20220713-11:44:14 58.8 83.55 90 255
262 20220713-11:44:15 58.8 83.75 90 255
263 20220713-11:44:16 58.8 83.95 90 255
264 20220713-11:44:17 58.8 84.15 90 254
265 20220713-11:44:19 58.8 84.35 90 254
266 20220713-11:44:21 58.8 84.55 90 254
267 20220713-11:44:23 58.8 84.75 90 254
268 20220713-11:44:24 58.8 84.95 90 254
269 20220713-11:44:27 58.8 85.05 90 254
270 20220713-11:44:28 58.8 85.15 90 254
271 20220713-11:44:30 58.8 85.25 90 254
272 20220713-11:44:34 58.8 85.35 90 254
273 20220713-11:44:37 58.8 85.45 90 254
274 20220713-11:44:40 58.8 85.55 90 254
275 20220713-11:44:42 58.8 85.85 90 254
276 20220713-11:44:43 58.8 86.05 90 253
277 20220713-11:44:44 58.8 86.25 90 253
278 20220713-11:44:44 58.8 86.45 90 253
279 20220713-11:44:46 58.8 86.65 90 253
280 20220713-11:44:48 58.8 86.85 90 253
281 20220713-11:44:49 58.8 87.05 90 253
282 20220713-11:44:50 58.8 87.25 90 253
283 20220713-11:44:52 58.8 87.35 90 253
284 20220713-11:44:53 58.8 87.35 90 253
285 20220713-11:44:54 58.8 87.45 90 253
286 20220713-11:44:55 58.8 87.55 90 253
287 20220713-11:44:57 58.8 87.65 90 253
288 20220713-11:44:59 58.8 87.75 90 253
289 20220713-11:45:00 58.8 87.85 90 253
290 20220713-11:45:01 58.8 87.95 90 253
291 20220713-11:45:03 58.8 88.05 90 252
292 20220713-11:45:04 58.8 88.15 90 252
293 20220713-11:45:04 58.8 88.25 90 252
294 20220713-11:45:05 58.8 88.35 90 252
295 20220713-11:45:07 58.8 88.45 90 252
296 20220713-11:45:08 58.8 88.65 90 252
297 20220713-11:45:08 58.8 88.85 90 252
298 20220713-11:45:09 58.8 89.05 90 252
299 20220713-11:45:11 58.8 89.25 90 252
300 20220713-11:45:12 58.8 89.45 90 252
301 20220713-11:45:13 58.8 89.65 90 252
302 20220713-11:45:14 58.8 89.85 90 252
303 20220713-11:45:15 58.8 90.05 90 251
304 20220713-11:45:16 58.8 90.25 90 251
305 20220713-11:45:18 58.8 90.45 90 251
306 20220713-11:45:18 58.8 90.65 90 251
307 20220713-11:45:19 58.8 90.85 90 251
308 20220713-11:45:20 58.8 91.05 90 251
309 20220713-11:45:21 58.8 91.25 90 251
310 20220713-11:45:23 58.8 91.45 90 251
311 20220713-11:45:25 58.8 91.65 90 251
312 20220713-11:45:26 58.8 91.75 90 251
313 20220713-11:45:27 58.8 91.85 90 251
314 20220713-11:45:28 58.8 91.95 90 251
315 20220713-11:45:29 58.8 92.15 90 250
316 20220713-11:45:33 58.8 92.25 90 250
317 20220713-11:45:34 58.8 92.35 90 250
318 20220713-11:45:36 58.8 92.45 90 250
319 20220713-11:45:38 58.8 92.55 90 250
320 20220713-11:45:39 58.8 92.65 90 250
321 20220713-11:45:40 58.8 92.75 90 250
322 20220713-11:45:42 58.8 92.85 90 250
323 20220713-11:45:43 58.8 92.95 90 250
324 20220713-11:45:46 58.8 93.05 90 250
325 20220713-11:45:49 58.8 93.15 90 250
326 20220713-11:45:50 58.8 93.35 90 250
327 20220713-11:45:52 58.8 93.55 90 250
328 20220713-11:45:53 58.8 93.65 90 250
329 20220713-11:45:54 58.8 93.75 90 250
330 20220713-11:45:58 58.8 93.85 90 250
331 20220713-11:46:01 58.8 93.95 90 250
332 20220713-11:46:01 58.8 94.15 90 249
333 20220713-11:46:02 58.8 94.25 90 249
334 20220713-11:46:04 58.8 94.35 90 249
335 20220713-11:46:06 58.8 94.45 90 249
336 20220713-11:46:07 58.8 94.55 90 249
337 20220713-11:46:08 58.8 94.75 90 249
338 20220713-11:46:10 58.8 94.85 90 249
339 20220713-11:46:11 58.8 94.95 90 249
340 20220713-11:46:12 58.8 95.05 90 249
341 20220713-11:46:13 58.8 95.15 90 249
342 20220713-11:46:14 58.8 95.25 90 249
343 20220713-11:46:15 58.8 95.35 90 249
344 20220713-11:46:16 58.8 95.45 90 249
345 20220713-11:46:16 58.8 95.55 90 249
346 20220713-11:46:17 58.8 95.65 90 249
347 20220713-11:46:18 58.8 95.75 90 249
348 20220713-11:46:19 58.8 95.85 90 249
349 20220713-11:46:20 58.8 95.95 90 249
350 20220713-11:46:20 58.8 96.05 90 248
351 20220713-11:46:21 58.8 96.15 90 248
352 20220713-11:46:22 58.8 96.25 90 248
353 20220713-11:46:23 58.8 96.35 90 248
354 20220713-11:46:24 58.8 96.45 90 248
355 20220713-11:46:25 58.8 96.55 90 248
356 20220713-11:46:26 58.8 96.85 90 248
357 20220713-11:46:27 58.8 96.95 90 248
358 20220713-11:46:28 58.8 97.15 90 248
359 20220713-11:46:29 58.8 97.25 90 248
360 20220713-11:46:30 58.8 97.45 90 248
361 20220713-11:46:30 58.8 97.65 90 248
362 20220713-11:46:32 58.8 97.85 90 248
363 20220713-11:46:33 58.8 98.05 90 247
364 20220713-11:46:33 58.8 98.25 90 247
365 20220713-11:46:35 58.8 98.35 90 247
366 20220713-11:46:36 58.8 98.55 90 247
367 20220713-11:46:37 58.8 98.75 90 247
368 20220713-11:46:37 58.8 98.95 90 247
369 20220713-11:46:39 58.8 99.25 90 247
370 20220713-11:46:40 58.8 99.45 90 247
371 20220713-11:46:41 58.8 99.55 90 247
372 20220713-11:46:42 58.8 99.65 90 247
373 20220713-11:46:42 58.8 99.75 90 247
374 20220713-11:46:43 58.8 99.85 90 247
375 20220713-11:46:44 58.8 99.95 90 247
376 20220713-11:46:45 58.8 100.05 90 246
377 20220713-11:46:46 58.8 100.15 90 246
378 20220713-11:47:14 58.8 100.25 90 246
379 20220713-11:47:16 58.8 100.35 90 246
380 20220713-11:47:28 58.8 100.45 90 246
381 20220713-11:47:30 58.8 100.55 90 246
382 20220713-11:47:31 58.8 100.65 90 246
383 20220713-11:47:32 58.8 100.75 90 246
384 20220713-11:47:33 58.8 100.85 90 246
385 20220713-11:47:34 58.8 100.95 90 246
386 20220713-11:47:35 58.8 101.05 90 246
387 20220713-11:47:36 58.8 101.15 90 246
388 20220713-11:47:37 58.8 101.25 90 246
389 20220713-11:47:38 58.8 101.35 90 246
390 20220713-11:47:39 58.8 101.45 90 246
391 20220713-11:47:40 58.8 101.55 90 246
392 20220713-11:47:42 58.8 101.65 90 246
393 20220713-11:47:43 58.8 101.75 90 246
394 20220713-11:47:44 58.8 101.85 90 246
395 20220713-11:47:45 58.8 101.95 90 246
396 20220713-11:47:46 58.8 102.05 90 245
397 20220713-11:47:46 58.8 102.15 90 245
398 20220713-11:47:47 58.8 102.25 90 245
399 20220713-11:47:48 58.8 102.45 90 245
400 20220713-11:47:48 58.8 102.65 90 245
401 20220713-11:47:49 58.8 102.85 90 245
402 20220713-11:47:50 58.8 102.95 90 245
403 20220713-11:47:51 58.8 103.15 90 245
404 20220713-11:47:51 58.8 103.25 90 245
405 20220713-11:47:52 58.8 103.45 90 245
406 20220713-11:47:53 58.8 103.55 90 245
407 20220713-11:47:53 58.8 103.75 90 245
408 20220713-11:47:54 58.8 103.85 90 245
409 20220713-11:47:55 58.8 103.95 90 245
410 20220713-11:47:56 58.8 104.15 90 244
411 20220713-11:47:57 58.8 104.25 90 244
412 20220713-11:47:57 58.8 104.35 90 244
413 20220713-11:47:58 58.8 104.45 90 244
414 20220713-11:47:59 58.8 104.55 90 244
415 20220713-11:48:00 58.8 104.65 90 244
416 20220713-11:48:01 58.8 104.75 90 244
417 20220713-11:48:01 58.8 104.85 90 244
418 20220713-11:48:02 58.8 104.95 90 244
419 20220713-11:48:03 58.8 105.05 90 244
420 20220713-11:48:04 58.8 105.25 90 244
421 20220713-11:48:04 58.8 105.45 90 244
422 20220713-11:48:05 58.8 105.55 90 244
423 20220713-11:48:06 58.8 105.65 90 244
424 20220713-11:48:07 58.8 105.75 90 244
425 20220713-11:48:12 58.8 105.85 90 244
426 20220713-11:48:12 58.8 105.95 90 244
427 20220713-11:48:13 58.8 106.15 90 243
428 20220713-11:48:14 58.8 106.35 90 243
429 20220713-11:48:15 58.8 106.45 90 243
430 20220713-11:48:27 58.8 106.45 135 243
431 20220713-11:48:34 58.8 106.85 135 243
432 20220713-11:48:42 58.8 106.85 135 243
433 20220713-11:48:49 58.8 106.85 135 243
434 20220713-11:48:59 58.8 106.85 180 243
435 20220713-11:49:08 58.4 106.85 180 243
436 20220713-11:49:09 58.2 106.85 180 243
437 20220713-11:49:12 58.0 106.85 180 243
438 20220713-11:49:15 57.7 106.85 180 243
439 20220713-11:49:16 57.5 106.85 180 242
440 20220713-11:49:17 57.3 106.85 180 242
441 20220713-11:49:19 57.1 106.85 180 242
442 20220713-11:49:20 56.9 106.85 180 242
443 20220713-11:49:21 56.9 107.05 180 242
444 20220713-11:49:25 56.7 107.35 180 242
445 20220713-11:49:25 56.5 107.35 180 242
446 20220713-11:49:26 56.3 107.35 180 242
447 20220713-11:49:27 56.1 107.35 180 242
448 20220713-11:49:28 55.9 107.35 180 241
449 20220713-11:49:29 55.7 107.35 180 241
450 20220713-11:49:31 55.5 107.35 180 241
451 20220713-11:49:32 55.3 107.35 180 241
452 20220713-11:49:32 55.1 107.35 180 241
453 20220713-11:49:33 55.0 107.35 180 241
454 20220713-11:49:36 54.9 107.35 180 241
455 20220713-11:49:37 54.8 107.35 180 241
456 20220713-11:49:38 54.7 107.35 180 241
457 20220713-11:49:40 54.6 107.35 180 241
458 20220713-11:49:42 54.5 107.35 180 241
459 20220713-11:49:43 54.4 107.35 180 241
460 20220713-11:49:44 54.3 107.35 180 241
461 20220713-11:49:44 54.2 107.35 180 241
462 20220713-11:49:45 54.1 107.35 180 241
463 20220713-11:49:47 53.9 107.35 180 240
464 20220713-11:49:48 53.8 107.35 180 240
465 20220713-11:49:49 53.7 107.35 180 240
466 20220713-11:49:50 53.6 107.35 180 240
467 20220713-11:49:51 53.5 107.35 180 240
468 20220713-11:49:52 53.4 107.35 180 240
469 20220713-11:49:53 53.3 107.35 180 240
470 20220713-11:49:55 53.1 107.35 180 240
471 20220713-11:49:59 53.0 107.35 180 240
472 20220713-11:50:00 52.9 107.35 180 240
473 20220713-11:50:01 52.8 107.35 180 240
474 20220713-11:50:03 52.7 107.35 180 240
475 20220713-11:50:04 52.6 107.35 180 240
476 20220713-11:50:06 52.4 107.35 180 240
477 20220713-11:50:07 52.2 107.35 180 240
478 20220713-11:50:09 52.1 107.35 180 240
479 20220713-11:50:12 52.0 107.35 180 240
480 20220713-11:50:14 51.9 107.35 180 239
481 20220713-11:50:19 51.8 107.35 180 239
482 20220713-11:50:23 51.7 107.35 180 239
483 20220713-11:50:24 51.6 107.35 180 239
484 20220713-11:50:26 51.5 107.35 180 239
485 20220713-11:50:27 51.4 107.35 180 239
486 20220713-11:50:29 51.3 107.35 180 239
487 20220713-11:50:31 51.2 107.35 180 239
488 20220713-11:50:32 51.0 107.35 180 239
489 20220713-11:50:33 50.8 107.35 180 239
490 20220713-11:50:34 50.6 107.35 180 239
491 20220713-11:50:36 50.5 107.35 180 239
492 20220713-11:50:37 50.3 107.35 180 239
493 20220713-11:50:37 50.1 107.35 180 239
494 20220713-11:50:38 49.9 107.35 180 238
495 20220713-11:50:39 49.7 107.35 180 238
496 20220713-11:50:41 49.6 107.35 180 238
497 20220713-11:50:42 49.5 107.35 180 238
498 20220713-11:50:43 49.4 107.35 180 238
499 20220713-11:50:44 49.3 107.35 180 238
500 20220713-11:50:45 49.1 107.35 180 238
501 20220713-11:50:45 49.0 107.35 180 238
502 20220713-11:50:47 48.9 107.35 180 238
503 20220713-11:50:49 48.8 107.35 180 238
504 20220713-11:50:52 48.7 107.35 180 238
505 20220713-11:50:55 48.6 107.35 180 238
506 20220713-11:50:56 48.5 107.35 180 238
507 20220713-11:50:58 48.4 107.35 180 238
508 20220713-11:50:59 48.3 107.35 180 238
509 20220713-11:51:00 48.2 107.35 180 238
510 20220713-11:51:01 48.1 107.35 180 238
511 20220713-11:51:02 48.0 107.35 180 238
512 20220713-11:51:03 47.9 107.35 180 237
513 20220713-11:51:05 47.8 107.35 180 237
514 20220713-11:51:07 47.7 107.35 180 237
515 20220713-11:51:08 47.6 107.35 180 237
516 20220713-11:51:09 47.5 107.35 180 237
517 20220713-11:51:09 47.4 107.35 180 237
518 20220713-11:51:10 47.3 107.35 180 237
519 20220713-11:51:11 47.2 107.35 180 237
520 20220713-11:51:13 47.1 107.35 180 237
521 20220713-11:51:14 47.0 107.35 180 237
522 20220713-11:51:16 46.9 107.35 180 237
523 20220713-11:51:17 46.8 107.35 180 237
524 20220713-11:51:18 46.7 107.35 180 237
525 20220713-11:51:19 46.6 107.35 180 237
526 20220713-11:51:20 46.5 107.35 180 237
527 20220713-11:51:20 46.4 107.35 180 237
528 20220713-11:51:26 46.3 107.35 180 237
529 20220713-11:51:29 46.2 107.35 180 237
530 20220713-11:51:29 46.1 107.35 180 237
531 20220713-11:51:30 46.0 107.35 180 237
532 20220713-11:51:31 45.9 107.35 180 236
533 20220713-11:51:33 45.8 107.35 180 236
534 20220713-11:51:34 45.7 107.35 180 236
535 20220713-11:51:35 45.6 107.35 180 236
536 20220713-11:51:38 45.5 107.35 180 236
537 20220713-11:51:39 45.4 107.35 180 236
538 20220713-11:51:40 45.3 107.35 180 236
539 20220713-11:51:41 45.2 107.35 180 236
540 20220713-11:51:42 45.1 107.35 180 236
541 20220713-11:51:43 45.0 107.35 180 236
542 20220713-11:51:45 44.9 107.35 180 236
543 20220713-11:51:46 44.8 107.35 180 236
544 20220713-11:51:47 44.7 107.35 180 236
545 20220713-11:51:48 44.6 107.35 180 236
546 20220713-11:51:49 44.5 107.35 180 236
547 20220713-11:51:50 44.4 107.35 180 236
548 20220713-11:51:50 44.3 107.35 180 236
549 20220713-11:51:51 44.2 107.35 180 236
550 20220713-11:51:52 44.1 107.35 180 236
551 20220713-11:51:53 44.0 107.35 180 236
552 20220713-11:51:54 43.9 107.35 180 235
553 20220713-11:52:01 43.8 107.35 180 235
554 20220713-11:52:03 43.7 107.35 180 235
555 20220713-11:52:04 43.6 107.35 180 235
556 20220713-11:52:05 43.5 107.35 180 235
557 20220713-11:52:07 43.4 107.35 180 235
558 20220713-11:52:08 43.3 107.35 180 235
559 20220713-11:52:09 43.2 107.35 180 235
560 20220713-11:52:11 43.1 107.35 180 235
561 20220713-11:52:13 43.0 107.35 180 235
562 20220713-11:52:14 42.9 107.35 180 235
563 20220713-11:52:16 42.8 107.35 180 235
564 20220713-11:52:25 42.7 107.35 180 235
565 20220713-11:52:28 42.6 107.35 180 235
566 20220713-11:52:36 42.5 107.35 180 235
567 20220713-11:52:37 42.4 107.35 180 235
568 20220713-11:52:38 42.3 107.35 180 235
569 20220713-11:52:39 42.2 107.35 180 235
570 20220713-11:52:40 42.0 107.35 180 235
571 20220713-11:52:41 41.8 107.35 180 234
572 20220713-11:52:42 41.6 107.35 180 234
573 20220713-11:52:43 41.4 107.35 180 234
574 20220713-11:52:44 41.2 107.35 180 234
575 20220713-11:52:46 41.1 107.35 180 234
576 20220713-11:52:47 41.0 107.35 180 234
577 20220713-11:52:47 40.9 107.35 180 234
578 20220713-11:52:49 40.8 107.35 180 234
579 20220713-11:52:50 40.7 107.35 180 234
580 20220713-11:52:53 40.5 107.35 180 234
581 20220713-11:53:17 30.9 107.15 180 166
582 20220713-11:53:17 30.9 107.15 180 166
583 20220713-11:53:31 26.05 107.3 180 168
584 20220713-11:53:43 26.05 107.3 180 168
585 20220713-11:53:44 25.85 107.3 180 169
586 20220713-11:53:45 25.65 107.3 180 169
587 20220713-11:54:44 25.35 107.3 180 169
588 20220713-11:54:45 25.05 107.3 180 169
589 20220713-11:54:46 24.85 107.3 180 169
590 20220713-11:54:59 24.85 107.3 135 169
591 20220713-11:55:14 24.85 107.3 135 169
592 20220713-11:55:22 24.85 107.3 90 169
593 20220713-11:55:34 24.85 107.3 45 169
594 20220713-11:55:45 24.85 107.3 45 169
595 20220713-11:55:53 24.85 107.3 0 169
596 20220713-11:55:56 24.85 107.3 0 169
597 20220713-11:56:00 25.65 107.3 0 169
598 20220713-11:56:01 25.75 107.3 0 169
599 20220713-11:56:02 25.95 107.3 0 169
600 20220713-11:56:03 26.15 107.3 0 168
601 20220713-11:56:05 26.25 107.3 0 168
602 20220713-11:56:06 26.45 107.3 0 168
603 20220713-11:56:07 26.55 107.3 0 168
604 20220713-11:56:08 26.65 107.3 0 168
605 20220713-11:56:09 26.95 107.3 0 168
606 20220713-11:56:10 27.15 107.3 0 168
607 20220713-11:56:11 27.35 107.3 0 168
608 20220713-11:56:12 27.55 107.3 0 168
609 20220713-11:56:13 27.75 107.3 0 168
610 20220713-11:56:14 27.95 107.3 0 168
611 20220713-11:56:15 28.15 107.3 0 167
612 20220713-11:56:16 28.35 107.3 0 167
613 20220713-11:56:17 28.55 107.3 0 167
614 20220713-11:56:19 28.65 107.3 0 167
615 20220713-11:56:20 28.75 107.3 0 167
616 20220713-11:56:22 28.85 107.3 0 167
617 20220713-11:56:27 28.95 107.3 0 167
618 20220713-11:56:28 29.05 107.3 0 167
619 20220713-11:56:29 29.15 107.3 0 167
620 20220713-11:56:30 29.25 107.3 0 167
621 20220713-11:56:31 29.35 107.3 0 167
622 20220713-11:56:36 29.45 107.3 0 167
623 20220713-11:56:37 29.55 107.3 0 167
624 20220713-11:56:38 29.85 107.3 0 167
625 20220713-11:56:39 30.15 107.3 0 166
626 20220713-11:56:39 30.35 107.3 0 166
627 20220713-11:56:40 30.55 107.3 0 166
628 20220713-11:56:41 30.75 107.3 0 166
629 20220713-11:56:42 30.85 107.3 0 166
630 20220713-11:56:48 31.05 107.3 0 166
631 20220713-11:56:50 31.25 107.3 0 166
632 20220713-11:56:50 31.45 107.3 0 166
633 20220713-11:56:51 31.65 107.3 0 166
634 20220713-11:56:52 31.85 107.3 0 166
635 20220713-11:56:53 32.05 107.3 0 230
636 20220713-11:56:54 32.25 107.3 0 230
637 20220713-11:56:55 32.45 107.3 0 230
638 20220713-11:56:56 32.65 107.3 0 230
639 20220713-11:56:58 32.85 107.3 0 230
640 20220713-11:56:59 33.05 107.3 0 230
641 20220713-11:57:00 33.25 107.3 0 230
642 20220713-11:57:01 33.45 107.3 0 230
643 20220713-11:57:02 33.65 107.3 0 230
644 20220713-11:57:03 33.85 107.3 0 230
645 20220713-11:57:04 34.05 107.3 0 231
646 20220713-11:57:05 34.25 107.3 0 231
647 20220713-11:57:06 34.45 107.3 0 231
648 20220713-11:57:06 34.65 107.3 0 231
649 20220713-11:57:07 34.85 107.3 0 231
650 20220713-11:57:08 35.05 107.3 0 231
651 20220713-11:57:12 35.25 107.3 0 231
652 20220713-11:57:14 35.45 107.3 0 231
653 20220713-11:57:16 35.65 107.3 0 231
654 20220713-11:57:17 35.85 107.3 0 231
655 20220713-11:57:18 36.25 107.3 0 232
656 20220713-11:57:19 36.45 107.3 0 232
657 20220713-11:57:21 36.65 107.3 0 232
658 20220713-11:57:22 36.85 107.3 0 232
659 20220713-11:57:23 37.05 107.3 0 232
660 20220713-11:57:25 37.25 107.3 0 232
661 20220713-11:57:26 37.45 107.3 0 232
662 20220713-11:57:27 37.65 107.3 0 232
663 20220713-11:57:28 37.85 107.3 0 232
664 20220713-11:57:29 38.05 107.3 0 233
665 20220713-11:57:30 38.25 107.3 0 233
666 20220713-11:57:33 38.35 107.3 0 233
667 20220713-11:57:34 38.55 107.3 0 233
668 20220713-11:57:36 38.65 107.3 0 233
669 20220713-11:57:37 38.85 107.3 0 233
670 20220713-11:57:39 39.05 107.3 0 233
671 20220713-11:57:40 39.25 107.3 0 233
672 20220713-11:57:41 39.35 107.3 0 233
673 20220713-11:57:42 39.45 107.3 0 233
674 20220713-11:57:42 39.65 107.3 0 233
675 20220713-11:57:43 39.75 107.3 0 233
676 20220713-11:57:45 39.95 107.3 0 233
677 20220713-11:57:46 40.05 107.3 0 234
678 20220713-11:57:47 40.25 107.3 0 234
679 20220713-11:57:48 40.35 107.3 0 234
680 20220713-11:57:49 40.55 107.3 0 234
681 20220713-11:57:50 40.65 107.3 0 234
682 20220713-11:57:51 40.75 107.3 0 234
683 20220713-11:57:52 40.95 107.3 0 234
684 20220713-11:57:54 41.15 107.3 0 234
685 20220713-11:57:55 41.25 107.3 0 234
686 20220713-11:57:56 41.35 107.3 0 234
687 20220713-11:57:57 41.45 107.3 0 234
688 20220713-11:57:58 41.55 107.3 0 234
689 20220713-11:57:59 41.75 107.3 0 234
690 20220713-11:58:00 41.85 107.3 0 234
691 20220713-11:58:01 41.95 107.3 0 234
692 20220713-11:58:02 42.05 107.3 0 235
693 20220713-11:58:04 42.25 107.3 0 235
694 20220713-11:58:04 42.35 107.3 0 235
695 20220713-11:58:05 42.55 107.3 0 235
696 20220713-11:58:06 42.65 107.3 0 235
697 20220713-11:58:07 42.85 107.3 0 235
698 20220713-11:58:08 42.95 107.3 0 235
699 20220713-11:58:09 43.05 107.3 0 235
700 20220713-11:58:10 43.15 107.3 0 235
701 20220713-11:58:10 43.25 107.3 0 235
702 20220713-11:58:11 43.35 107.3 0 235
703 20220713-11:58:12 43.45 107.3 0 235
704 20220713-11:58:13 43.55 107.3 0 235
705 20220713-11:58:14 43.75 107.3 0 235
706 20220713-11:58:17 43.85 107.3 0 235
707 20220713-11:58:17 43.95 107.3 0 235
708 20220713-11:58:18 44.05 107.3 0 236
709 20220713-11:58:19 44.15 107.3 0 236
710 20220713-11:58:20 44.25 107.3 0 236
711 20220713-11:58:21 44.35 107.3 0 236
712 20220713-11:58:21 44.45 107.3 0 236
713 20220713-11:58:22 44.55 107.3 0 236
714 20220713-11:58:23 44.65 107.3 0 236
715 20220713-11:58:24 44.75 107.3 0 236
716 20220713-11:58:24 44.85 107.3 0 236
717 20220713-11:58:25 44.95 107.3 0 236
718 20220713-11:58:26 45.05 107.3 0 236
719 20220713-11:58:26 45.15 107.3 0 236
720 20220713-11:58:27 45.25 107.3 0 236
721 20220713-11:58:28 45.35 107.3 0 236
722 20220713-11:58:29 45.55 107.3 0 236
723 20220713-11:58:29 45.75 107.3 0 236
724 20220713-11:58:32 45.85 107.3 0 236
725 20220713-11:58:36 45.95 107.3 0 236
726 20220713-11:58:37 46.05 107.3 0 237
727 20220713-11:58:39 46.15 107.3 0 237
728 20220713-11:58:40 46.25 107.3 0 237
729 20220713-11:58:41 46.35 107.3 0 237
730 20220713-11:58:43 46.45 107.3 0 237
731 20220713-11:58:44 46.55 107.3 0 237
732 20220713-11:58:45 46.65 107.3 0 237
733 20220713-11:58:47 46.75 107.3 0 237
734 20220713-11:58:48 46.85 107.3 0 237
735 20220713-11:58:48 47.05 107.3 0 237
736 20220713-11:58:49 47.25 107.3 0 237
737 20220713-11:58:50 47.45 107.3 0 237
738 20220713-11:58:51 47.65 107.3 0 237
739 20220713-11:58:52 47.75 107.3 0 237
740 20220713-11:58:52 47.95 107.3 0 237
741 20220713-11:58:54 48.05 107.3 0 238
742 20220713-11:58:55 48.15 107.3 0 238
743 20220713-11:58:58 48.25 107.3 0 238
744 20220713-11:58:59 48.35 107.3 0 238
745 20220713-11:59:00 48.45 107.3 0 238
746 20220713-11:59:01 48.55 107.3 0 238
747 20220713-11:59:02 48.65 107.3 0 238
748 20220713-11:59:03 48.75 107.3 0 238
749 20220713-11:59:04 48.85 107.3 0 238
750 20220713-11:59:04 48.95 107.3 0 238
751 20220713-11:59:05 49.05 107.3 0 238
752 20220713-11:59:05 49.15 107.3 0 238
753 20220713-11:59:06 49.25 107.3 0 238
754 20220713-11:59:07 49.35 107.3 0 238
755 20220713-11:59:07 49.45 107.3 0 238
756 20220713-11:59:08 49.55 107.3 0 238
757 20220713-11:59:10 49.65 107.3 0 238
758 20220713-11:59:10 49.75 107.3 0 238
759 20220713-11:59:11 49.85 107.3 0 238
760 20220713-11:59:12 49.95 107.3 0 238
761 20220713-11:59:13 50.05 107.3 0 239
762 20220713-11:59:14 50.15 107.3 0 239
763 20220713-11:59:16 50.25 107.3 0 239
764 20220713-11:59:16 50.35 107.3 0 239
765 20220713-11:59:17 50.45 107.3 0 239
766 20220713-11:59:18 50.55 107.3 0 239
767 20220713-11:59:18 50.65 107.3 0 239
768 20220713-11:59:19 50.75 107.3 0 239
769 20220713-11:59:20 50.85 107.3 0 239
770 20220713-11:59:21 50.95 107.3 0 239
771 20220713-11:59:21 51.05 107.3 0 239
772 20220713-11:59:22 51.15 107.3 0 239
773 20220713-11:59:23 51.25 107.3 0 239
774 20220713-11:59:23 51.35 107.3 0 239
775 20220713-11:59:24 51.45 107.3 0 239
776 20220713-11:59:25 51.55 107.3 0 239
777 20220713-11:59:25 51.65 107.3 0 239
778 20220713-11:59:26 51.75 107.3 0 239
779 20220713-11:59:27 51.85 107.3 0 239
780 20220713-11:59:28 51.95 107.3 0 239
781 20220713-11:59:28 52.05 107.3 0 240
782 20220713-11:59:29 52.15 107.3 0 240
783 20220713-11:59:30 52.25 107.3 0 240
784 20220713-11:59:30 52.35 107.3 0 240
785 20220713-11:59:31 52.45 107.3 0 240
786 20220713-11:59:32 52.55 107.3 0 240
787 20220713-11:59:32 52.65 107.3 0 240
788 20220713-11:59:33 52.75 107.3 0 240
789 20220713-11:59:34 52.85 107.3 0 240
790 20220713-11:59:34 52.95 107.3 0 240
791 20220713-11:59:35 53.05 107.3 0 240
792 20220713-11:59:36 53.15 107.3 0 240
793 20220713-11:59:36 53.25 107.3 0 240
794 20220713-11:59:37 53.35 107.3 0 240
795 20220713-11:59:37 53.45 107.3 0 240
796 20220713-11:59:38 53.55 107.3 0 240
797 20220713-11:59:39 53.65 107.3 0 240
798 20220713-11:59:39 53.75 107.3 0 240
799 20220713-11:59:40 53.85 107.3 0 240
800 20220713-11:59:41 53.95 107.3 0 240
801 20220713-11:59:41 54.05 107.3 0 241
802 20220713-11:59:42 54.15 107.3 0 241
803 20220713-11:59:42 54.25 107.3 0 241
804 20220713-11:59:43 54.35 107.3 0 241
805 20220713-11:59:45 54.45 107.3 0 241
806 20220713-11:59:46 54.55 107.3 0 241
807 20220713-11:59:49 54.65 107.3 0 241
808 20220713-11:59:51 54.75 107.3 0 241
809 20220713-11:59:52 54.85 107.3 0 241
810 20220713-11:59:53 54.95 107.3 0 241
811 20220713-11:59:55 55.05 107.3 0 241
812 20220713-11:59:56 55.15 107.3 0 241
813 20220713-11:59:57 55.25 107.3 0 241
814 20220713-11:59:57 55.35 107.3 0 241
815 20220713-11:59:58 55.45 107.3 0 241
816 20220713-11:59:59 55.55 107.3 0 241
817 20220713-12:00:00 55.65 107.3 0 241
818 20220713-12:00:01 55.75 107.3 0 241
819 20220713-12:00:02 55.85 107.3 0 241
820 20220713-12:00:04 55.95 107.3 0 241
821 20220713-12:00:05 56.05 107.3 0 242
822 20220713-12:00:06 56.15 107.3 0 242
823 20220713-12:00:08 56.25 107.3 0 242
824 20220713-12:00:16 56.35 107.3 0 242
825 20220713-12:00:17 56.45 107.3 0 242
826 20220713-12:00:18 56.55 107.3 0 242
827 20220713-12:00:18 56.65 107.3 0 242
828 20220713-12:00:19 56.75 107.3 0 242
829 20220713-12:00:21 56.85 107.3 0 242
830 20220713-12:00:22 56.95 107.3 0 242
831 20220713-12:00:24 57.05 107.3 0 242
832 20220713-12:00:25 57.15 107.3 0 242
833 20220713-12:00:26 57.25 107.3 0 242
834 20220713-12:00:27 57.35 107.3 0 242
835 20220713-12:00:28 57.45 107.3 0 242
836 20220713-12:00:29 57.55 107.3 0 242
837 20220713-12:00:29 57.65 107.3 0 243
838 20220713-12:00:30 57.75 107.3 0 243
839 20220713-12:00:31 57.85 107.3 0 243
840 20220713-12:00:32 57.95 107.3 0 243
841 20220713-12:00:33 58.05 107.3 0 243
842 20220713-12:00:35 58.15 107.3 0 243
843 20220713-12:00:36 58.25 107.3 0 243
844 20220713-12:00:37 58.35 107.3 0 243
845 20220713-12:00:39 58.55 107.3 0 243
846 20220713-12:00:48 58.55 107.3 315 243
847 20220713-12:00:54 58.55 107.3 315 243
848 20220713-12:00:57 58.55 107.3 315 243
849 20220713-12:01:02 58.55 107.3 315 243
850 20220713-12:01:12 58.55 107.3 315 243
851 20220713-12:01:13 58.55 107.3 315 243
852 20220713-12:01:16 58.55 107.3 315 243
853 20220713-12:01:18 58.55 107.3 315 243
854 20220713-12:01:20 58.55 107.3 315 243
855 20220713-12:01:22 58.55 107.3 315 243
856 20220713-12:01:24 58.55 107.3 315 243
857 20220713-12:01:25 58.55 107.3 315 243
858 20220713-12:01:27 58.55 107.3 315 243
859 20220713-12:01:29 58.55 107.3 315 243
860 20220713-12:01:31 58.55 107.3 315 243
861 20220713-12:01:33 58.55 107.3 315 243
862 20220713-12:01:40 58.55 107.3 270 243
863 20220713-12:01:46 58.55 107.0 270 243
864 20220713-12:01:47 58.55 106.8 270 243
865 20220713-12:01:48 58.55 106.6 270 243
866 20220713-12:01:49 58.55 106.4 270 243
867 20220713-12:01:50 58.55 106.2 270 243
868 20220713-12:01:53 58.55 106.0 270 243
869 20220713-12:01:55 58.55 105.8 270 244
870 20220713-12:01:56 58.55 105.7 270 244
871 20220713-12:01:57 58.55 105.6 270 244
872 20220713-12:01:58 58.55 105.4 270 244
873 20220713-12:01:58 58.55 105.3 270 244
874 20220713-12:01:59 58.55 105.2 270 244
875 20220713-12:02:00 58.55 105.1 270 244
876 20220713-12:02:01 58.55 105.0 270 244
877 20220713-12:02:02 58.55 104.9 270 244
878 20220713-12:02:03 58.55 104.8 270 244
879 20220713-12:02:04 58.55 104.7 270 244
880 20220713-12:02:05 58.55 104.6 270 244
881 20220713-12:02:05 58.55 104.5 270 244
882 20220713-12:02:07 58.55 104.4 270 244
883 20220713-12:02:08 58.55 104.3 270 244
884 20220713-12:02:08 58.55 104.2 270 244
885 20220713-12:02:09 58.55 104.1 270 244
886 20220713-12:02:10 58.55 104.0 270 244
887 20220713-12:02:10 58.55 103.9 270 245
888 20220713-12:02:11 58.55 103.8 270 245
889 20220713-12:02:12 58.55 103.7 270 245
890 20220713-12:02:12 58.55 103.6 270 245
891 20220713-12:02:13 58.55 103.5 270 245
892 20220713-12:02:14 58.55 103.4 270 245
893 20220713-12:02:15 58.55 103.3 270 245
894 20220713-12:02:15 58.55 103.2 270 245
895 20220713-12:02:16 58.55 103.1 270 245
896 20220713-12:02:17 58.55 103.0 270 245
897 20220713-12:02:17 58.55 102.9 270 245
898 20220713-12:02:18 58.55 102.8 270 245
899 20220713-12:02:18 58.55 102.7 270 245
900 20220713-12:02:19 58.55 102.6 270 245
901 20220713-12:02:20 58.55 102.5 270 245
902 20220713-12:02:21 58.55 102.4 270 245
903 20220713-12:02:22 58.55 102.3 270 245
904 20220713-12:02:31 58.55 102.3 225 245
905 20220713-12:02:37 58.55 102.1 225 245
906 20220713-12:02:38 58.55 102.0 225 245
907 20220713-12:02:38 58.55 101.9 225 246
908 20220713-12:02:39 58.55 101.8 225 246
909 20220713-12:02:40 58.55 101.7 225 246
910 20220713-12:02:44 58.55 101.7 270 246
911 20220713-12:02:46 58.55 101.6 270 246
912 20220713-12:02:46 58.55 101.5 270 246
913 20220713-12:02:47 58.55 101.4 270 246
914 20220713-12:02:48 58.55 101.3 270 246
915 20220713-12:02:49 58.55 101.2 270 246
916 20220713-12:02:50 58.55 101.1 270 246
917 20220713-12:02:51 58.55 100.9 270 246
918 20220713-12:02:52 58.55 100.8 270 246
919 20220713-12:02:52 58.55 100.7 270 246
920 20220713-12:02:53 58.55 100.6 270 246
921 20220713-12:02:54 58.55 100.5 270 246
922 20220713-12:02:55 58.55 100.4 270 246
923 20220713-12:02:56 58.55 100.3 270 246
924 20220713-12:02:57 58.55 100.2 270 246
925 20220713-12:02:58 58.55 100.1 270 246
926 20220713-12:02:58 58.55 100.0 270 246
927 20220713-12:02:59 58.55 99.9 270 247
928 20220713-12:03:00 58.55 99.8 270 247
929 20220713-12:03:01 58.55 99.7 270 247
930 20220713-12:03:01 58.55 99.6 270 247
931 20220713-12:03:02 58.55 99.5 270 247
932 20220713-12:03:02 58.55 99.4 270 247
933 20220713-12:03:03 58.55 99.3 270 247
934 20220713-12:03:04 58.55 99.2 270 247
935 20220713-12:03:05 58.55 99.1 270 247
936 20220713-12:03:06 58.55 99.0 270 247
937 20220713-12:03:07 58.55 98.9 270 247
938 20220713-12:03:08 58.55 98.8 270 247
939 20220713-12:03:09 58.55 98.7 270 247
940 20220713-12:03:10 58.55 98.6 270 247
941 20220713-12:03:11 58.55 98.5 270 247
942 20220713-12:03:11 58.55 98.4 270 247
943 20220713-12:03:12 58.55 98.3 270 247
944 20220713-12:03:13 58.55 98.2 270 247
945 20220713-12:03:13 58.55 98.1 270 247
946 20220713-12:03:14 58.55 98.0 270 247
947 20220713-12:03:15 58.55 97.9 270 248
948 20220713-12:03:15 58.55 97.8 270 248
949 20220713-12:03:16 58.55 97.7 270 248
950 20220713-12:03:17 58.55 97.6 270 248
951 20220713-12:03:17 58.55 97.5 270 248
952 20220713-12:03:18 58.55 97.4 270 248
953 20220713-12:03:19 58.55 97.3 270 248
954 20220713-12:03:19 58.55 97.2 270 248
955 20220713-12:03:20 58.55 97.1 270 248
956 20220713-12:03:21 58.55 97.0 270 248
957 20220713-12:03:29 58.55 96.9 270 248
958 20220713-12:03:56 58.55 96.8 270 248
959 20220713-12:03:58 58.55 96.7 270 248
960 20220713-12:03:59 58.55 96.6 270 248
961 20220713-12:04:00 58.55 96.5 270 248
962 20220713-12:04:01 58.55 96.4 270 248
963 20220713-12:04:02 58.55 96.3 270 248
964 20220713-12:04:03 58.55 96.2 270 248
965 20220713-12:04:03 58.55 96.1 270 248
966 20220713-12:04:04 58.55 96.0 270 248
967 20220713-12:04:05 58.55 95.9 270 249
968 20220713-12:04:06 58.55 95.8 270 249
969 20220713-12:04:07 58.55 95.7 270 249
970 20220713-12:04:08 58.55 95.6 270 249
971 20220713-12:04:09 58.55 95.5 270 249
972 20220713-12:04:11 58.55 95.4 270 249
973 20220713-12:04:12 58.55 95.3 270 249
974 20220713-12:04:13 58.55 95.2 270 249
975 20220713-12:04:14 58.55 95.1 270 249
976 20220713-12:04:15 58.55 95.0 270 249
977 20220713-12:04:16 58.55 94.9 270 249
978 20220713-12:04:17 58.55 94.8 270 249
979 20220713-12:04:17 58.55 94.7 270 249
980 20220713-12:04:18 58.55 94.6 270 249
981 20220713-12:04:19 58.55 94.5 270 249
982 20220713-12:04:20 58.55 94.4 270 249
983 20220713-12:04:21 58.55 94.3 270 249
984 20220713-12:04:22 58.55 94.2 270 249
985 20220713-12:04:23 58.55 94.1 270 249
986 20220713-12:04:24 58.55 94.0 270 249
987 20220713-12:04:25 58.55 93.9 270 250
988 20220713-12:04:25 58.55 93.8 270 250
989 20220713-12:04:26 58.55 93.7 270 250
990 20220713-12:04:27 58.55 93.6 270 250
991 20220713-12:04:28 58.55 93.5 270 250
992 20220713-12:04:29 58.55 93.4 270 250
993 20220713-12:04:30 58.55 93.3 270 250
994 20220713-12:04:31 58.55 93.2 270 250
995 20220713-12:04:32 58.55 93.1 270 250
996 20220713-12:04:33 58.55 93.0 270 250
997 20220713-12:04:34 58.55 92.9 270 250
998 20220713-12:04:35 58.55 92.8 270 250
999 20220713-12:04:37 58.55 92.7 270 250
1000 20220713-12:04:38 58.55 92.6 270 250
1001 20220713-12:04:41 58.55 92.5 270 250
1002 20220713-12:04:42 58.55 92.4 270 250
1003 20220713-12:04:43 58.55 92.3 270 250
1004 20220713-12:04:43 58.55 92.2 270 250
1005 20220713-12:04:44 58.55 92.1 270 250
1006 20220713-12:04:45 58.55 92.0 270 250
1007 20220713-12:04:46 58.55 91.9 270 251
1008 20220713-12:04:47 58.55 91.8 270 251
1009 20220713-12:04:48 58.55 91.7 270 251
1010 20220713-12:04:49 58.55 91.6 270 251
1011 20220713-12:04:49 58.55 91.5 270 251
1012 20220713-12:04:50 58.55 91.4 270 251
1013 20220713-12:04:51 58.55 91.3 270 251
1014 20220713-12:04:52 58.55 91.2 270 251
1015 20220713-12:04:53 58.55 91.1 270 251
1016 20220713-12:04:53 58.55 91.0 270 251
1017 20220713-12:04:54 58.55 90.9 270 251
1018 20220713-12:04:55 58.55 90.8 270 251
1019 20220713-12:04:56 58.55 90.7 270 251
1020 20220713-12:04:57 58.55 90.6 270 251
1021 20220713-12:04:58 58.55 90.5 270 251
1022 20220713-12:04:59 58.55 90.4 270 251
1023 20220713-12:04:59 58.55 90.3 270 251
1024 20220713-12:05:00 58.55 90.2 270 251
1025 20220713-12:05:01 58.55 90.1 270 251
1026 20220713-12:05:02 58.55 90.0 270 251
1027 20220713-12:05:02 58.55 89.9 270 252
1028 20220713-12:05:03 58.55 89.8 270 252
1029 20220713-12:05:04 58.55 89.7 270 252
1030 20220713-12:05:05 58.55 89.6 270 252
1031 20220713-12:05:06 58.55 89.5 270 252
1032 20220713-12:05:06 58.55 89.4 270 252
1033 20220713-12:05:07 58.55 89.3 270 252
1034 20220713-12:05:08 58.55 89.2 270 252
1035 20220713-12:05:09 58.55 89.1 270 252
1036 20220713-12:05:12 58.55 89.0 270 252
1037 20220713-12:05:13 58.55 88.9 270 252
1038 20220713-12:05:14 58.55 88.8 270 252
1039 20220713-12:05:15 58.55 88.7 270 252
1040 20220713-12:05:15 58.55 88.6 270 252
1041 20220713-12:05:16 58.55 88.5 270 252
1042 20220713-12:05:17 58.55 88.4 270 252
1043 20220713-12:05:17 58.55 88.3 270 252
1044 20220713-12:05:18 58.55 88.2 270 252
1045 20220713-12:05:19 58.55 88.1 270 252
1046 20220713-12:05:20 58.55 88.0 270 252
1047 20220713-12:05:20 58.55 87.9 270 253
1048 20220713-12:05:21 58.55 87.8 270 253
1049 20220713-12:05:22 58.55 87.7 270 253
1050 20220713-12:05:23 58.55 87.6 270 253
1051 20220713-12:05:24 58.55 87.5 270 253
1052 20220713-12:05:25 58.55 87.4 270 253
1053 20220713-12:05:26 58.55 87.3 270 253
1054 20220713-12:05:27 58.55 87.2 270 253
1055 20220713-12:05:28 58.55 87.1 270 253
1056 20220713-12:05:28 58.55 87.0 270 253
1057 20220713-12:05:29 58.55 86.9 270 253
1058 20220713-12:05:30 58.55 86.8 270 253
1059 20220713-12:05:31 58.55 86.7 270 253
1060 20220713-12:05:32 58.55 86.6 270 253
1061 20220713-12:05:33 58.55 86.5 270 253
1062 20220713-12:05:34 58.55 86.4 270 253
1063 20220713-12:05:34 58.55 86.3 270 253
1064 20220713-12:05:36 58.55 86.2 270 253
1065 20220713-12:05:37 58.55 86.1 270 253
1066 20220713-12:05:37 58.55 86.0 270 253
1067 20220713-12:05:38 58.55 85.9 270 254
1068 20220713-12:05:39 58.55 85.8 270 254
1069 20220713-12:05:40 58.55 85.7 270 254
1070 20220713-12:05:41 58.55 85.6 270 254
1071 20220713-12:05:42 58.55 85.5 270 254
1072 20220713-12:05:43 58.55 85.4 270 254
1073 20220713-12:05:44 58.55 85.3 270 254
1074 20220713-12:05:44 58.55 85.2 270 254
1075 20220713-12:05:45 58.55 85.1 270 254
1076 20220713-12:05:46 58.55 85.0 270 254
1077 20220713-12:05:47 58.55 84.9 270 254
1078 20220713-12:05:48 58.55 84.8 270 254
1079 20220713-12:05:49 58.55 84.6 270 254
1080 20220713-12:05:49 58.55 84.5 270 254
1081 20220713-12:05:50 58.55 84.3 270 254
1082 20220713-12:05:51 58.55 84.2 270 254
1083 20220713-12:05:52 58.55 84.1 270 254
1084 20220713-12:05:53 58.55 83.9 270 255
1085 20220713-12:05:53 58.55 83.8 270 255
1086 20220713-12:05:54 58.55 83.7 270 255
1087 20220713-12:05:55 58.55 83.6 270 255
1088 20220713-12:05:55 58.55 83.5 270 255
1089 20220713-12:05:56 58.55 83.4 270 255
1090 20220713-12:05:57 58.55 83.3 270 255
1091 20220713-12:05:58 58.55 83.2 270 255
1092 20220713-12:05:58 58.55 83.1 270 255
1093 20220713-12:05:59 58.55 83.0 270 255
1094 20220713-12:06:00 58.55 82.9 270 255
1095 20220713-12:06:01 58.55 82.8 270 255
1096 20220713-12:06:02 58.55 82.7 270 255
1097 20220713-12:06:02 58.55 82.6 270 255
1098 20220713-12:06:03 58.55 82.5 270 255
1099 20220713-12:06:04 58.55 82.4 270 255
1100 20220713-12:06:05 58.55 82.3 270 255
1101 20220713-12:06:05 58.55 82.2 270 255
1102 20220713-12:06:06 58.55 82.1 270 255
1103 20220713-12:06:07 58.55 81.9 270 256
1104 20220713-12:06:08 58.55 81.8 270 256
1105 20220713-12:06:08 58.55 81.6 270 256
1106 20220713-12:06:09 58.55 81.5 270 256
1107 20220713-12:06:10 58.55 81.4 270 256
1108 20220713-12:06:11 58.55 81.3 270 256
1109 20220713-12:06:11 58.55 81.2 270 256
1110 20220713-12:06:12 58.55 81.1 270 256
1111 20220713-12:06:13 58.55 81.0 270 256
1112 20220713-12:06:14 58.55 80.9 270 256
1113 20220713-12:06:14 58.55 80.8 270 256
1114 20220713-12:06:15 58.55 80.6 270 256
1115 20220713-12:06:16 58.55 80.5 270 256
1116 20220713-12:06:17 58.55 80.4 270 256
1117 20220713-12:06:18 58.55 80.3 270 256
1118 20220713-12:06:19 58.55 80.2 270 256
1119 20220713-12:06:20 58.55 80.1 270 256
1120 20220713-12:06:20 58.55 80.0 270 256
1121 20220713-12:06:21 58.55 79.8 270 256
1122 20220713-12:06:22 58.55 79.7 270 256
1123 20220713-12:06:23 58.55 79.6 270 256
1124 20220713-12:06:23 58.55 79.5 270 256
1125 20220713-12:06:24 58.55 79.4 270 256
1126 20220713-12:06:25 58.55 79.3 270 256
1127 20220713-12:06:26 58.55 79.2 270 256
1128 20220713-12:06:27 58.55 79.1 270 256
1129 20220713-12:06:28 58.55 79.0 270 256
1130 20220713-12:06:29 58.55 78.9 270 257
1131 20220713-12:06:30 58.55 78.8 270 257
1132 20220713-12:06:31 58.55 78.7 270 257
1133 20220713-12:06:32 58.55 78.6 270 257
1134 20220713-12:06:33 58.55 78.5 270 257
1135 20220713-12:06:34 58.55 78.4 270 257
1136 20220713-12:06:34 58.55 78.3 270 257
1137 20220713-12:06:35 58.55 78.2 270 257
1138 20220713-12:06:36 58.55 78.1 270 257
1139 20220713-12:06:37 58.55 78.0 270 257
1140 20220713-12:06:39 58.55 77.9 270 257
1141 20220713-12:06:49 58.55 77.9 225 257
1142 20220713-12:06:51 58.55 77.9 225 257
1143 20220713-12:06:53 58.55 77.9 225 257
1144 20220713-12:06:58 58.55 77.9 225 257
1145 20220713-12:07:00 58.55 77.9 225 257
1146 20220713-12:07:05 58.55 77.9 225 257
1147 20220713-12:07:14 58.55 77.9 180 257
1148 20220713-12:07:24 58.25 77.8 180 257
1149 20220713-12:07:25 58.05 77.8 180 257
1150 20220713-12:07:26 57.85 77.8 180 257
1151 20220713-12:07:27 57.65 77.8 180 257
1152 20220713-12:07:28 57.55 77.8 180 258
1153 20220713-12:07:29 57.45 77.8 180 258
1154 20220713-12:07:30 57.35 77.8 180 258
1155 20220713-12:07:31 57.25 77.8 180 258
1156 20220713-12:07:33 57.15 77.8 180 258
1157 20220713-12:07:35 57.05 77.8 180 258
1158 20220713-12:07:37 56.95 77.8 180 258
1159 20220713-12:07:38 56.85 77.8 180 258
1160 20220713-12:07:38 56.75 77.8 180 258
1161 20220713-12:07:39 56.65 77.8 180 258
1162 20220713-12:07:40 56.55 77.8 180 258
1163 20220713-12:07:41 56.45 77.8 180 258
1164 20220713-12:07:41 56.35 77.8 180 258
1165 20220713-12:07:42 56.25 77.8 180 258
1166 20220713-12:07:43 56.15 77.8 180 258
1167 20220713-12:07:44 56.05 77.8 180 258
1168 20220713-12:07:45 55.95 77.8 180 259
1169 20220713-12:07:45 55.85 77.8 180 259
1170 20220713-12:07:46 55.75 77.8 180 259
1171 20220713-12:07:46 55.65 77.8 180 259
1172 20220713-12:07:47 55.55 77.8 180 259
1173 20220713-12:07:48 55.45 77.8 180 259
1174 20220713-12:07:48 55.35 77.8 180 259
1175 20220713-12:07:49 55.25 77.8 180 259
1176 20220713-12:07:50 55.15 77.8 180 259
1177 20220713-12:07:50 55.05 77.8 180 259
1178 20220713-12:07:51 54.95 77.8 180 259
1179 20220713-12:07:52 54.85 77.8 180 259
1180 20220713-12:07:52 54.75 77.8 180 259
1181 20220713-12:07:53 54.65 77.8 180 259
1182 20220713-12:07:54 54.55 77.8 180 259
1183 20220713-12:07:55 54.45 77.8 180 259
1184 20220713-12:07:55 54.35 77.8 180 259
1185 20220713-12:07:56 54.25 77.8 180 259
1186 20220713-12:07:57 54.15 77.8 180 259
1187 20220713-12:07:57 54.05 77.8 180 259
1188 20220713-12:07:58 53.95 77.8 180 260
1189 20220713-12:07:58 53.85 77.8 180 260
1190 20220713-12:07:59 53.75 77.8 180 260
1191 20220713-12:08:00 53.65 77.8 180 260
1192 20220713-12:08:00 53.55 77.8 180 260
1193 20220713-12:08:01 53.45 77.8 180 260
1194 20220713-12:08:02 53.35 77.8 180 260
1195 20220713-12:08:03 53.25 77.8 180 260
1196 20220713-12:08:03 53.15 77.8 180 260
1197 20220713-12:08:04 53.05 77.8 180 260
1198 20220713-12:08:04 52.95 77.8 180 260
1199 20220713-12:08:05 52.85 77.8 180 260
1200 20220713-12:08:06 52.75 77.8 180 260
1201 20220713-12:08:06 52.65 77.8 180 260
1202 20220713-12:08:07 52.55 77.8 180 260
1203 20220713-12:08:07 52.45 77.8 180 260
1204 20220713-12:08:08 52.35 77.8 180 260
1205 20220713-12:08:09 52.25 77.8 180 260
1206 20220713-12:08:09 52.15 77.8 180 260
1207 20220713-12:08:10 52.05 77.8 180 260
1208 20220713-12:08:10 51.95 77.8 180 261
1209 20220713-12:08:11 51.85 77.8 180 261
1210 20220713-12:08:12 51.75 77.8 180 261
1211 20220713-12:08:12 51.65 77.8 180 261
1212 20220713-12:08:13 51.55 77.8 180 261
1213 20220713-12:08:14 51.45 77.8 180 261
1214 20220713-12:08:15 51.35 77.8 180 261
1215 20220713-12:08:15 51.25 77.8 180 261
1216 20220713-12:08:16 51.15 77.8 180 261
1217 20220713-12:08:17 51.05 77.8 180 261
1218 20220713-12:08:17 50.95 77.8 180 261
1219 20220713-12:08:18 50.85 77.8 180 261
1220 20220713-12:08:19 50.75 77.8 180 261
1221 20220713-12:08:20 50.65 77.8 180 261
1222 20220713-12:08:20 50.55 77.8 180 261
1223 20220713-12:08:21 50.45 77.8 180 261
1224 20220713-12:08:22 50.35 77.8 180 261
1225 20220713-12:08:22 50.25 77.8 180 261
1226 20220713-12:08:23 50.15 77.8 180 261
1227 20220713-12:08:24 50.05 77.8 180 261
1228 20220713-12:08:25 49.95 77.8 180 262
1229 20220713-12:08:26 49.85 77.8 180 262
1230 20220713-12:08:27 49.75 77.8 180 262
1231 20220713-12:08:28 49.65 77.8 180 262
1232 20220713-12:08:29 49.55 77.8 180 262
1233 20220713-12:08:30 49.45 77.8 180 262
1234 20220713-12:08:32 49.35 77.8 180 262
1235 20220713-12:08:33 49.25 77.8 180 262
1236 20220713-12:08:34 49.15 77.8 180 262
1237 20220713-12:08:35 49.05 77.8 180 262
1238 20220713-12:08:36 48.95 77.8 180 262
1239 20220713-12:08:37 48.85 77.8 180 262
1240 20220713-12:08:38 48.75 77.8 180 262
1241 20220713-12:08:39 48.65 77.8 180 262
1242 20220713-12:08:40 48.55 77.8 180 262
1243 20220713-12:08:40 48.45 77.8 180 262
1244 20220713-12:08:41 48.35 77.8 180 262
1245 20220713-12:08:42 48.25 77.8 180 262
1246 20220713-12:08:42 48.15 77.8 180 262
1247 20220713-12:08:43 48.05 77.8 180 262
1248 20220713-12:08:43 47.95 77.8 180 263
1249 20220713-12:08:44 47.85 77.8 180 263
1250 20220713-12:08:45 47.75 77.8 180 263
1251 20220713-12:08:46 47.65 77.8 180 263
1252 20220713-12:08:47 47.55 77.8 180 263
1253 20220713-12:08:48 47.45 77.8 180 263
1254 20220713-12:08:48 47.35 77.8 180 263
1255 20220713-12:08:49 47.25 77.8 180 263
1256 20220713-12:08:50 47.15 77.8 180 263
1257 20220713-12:08:50 47.05 77.8 180 263
1258 20220713-12:08:51 46.95 77.8 180 263
1259 20220713-12:08:52 46.85 77.8 180 263
1260 20220713-12:08:53 46.75 77.8 180 263
1261 20220713-12:08:53 46.65 77.8 180 263
1262 20220713-12:08:54 46.55 77.8 180 263
1263 20220713-12:08:55 46.45 77.8 180 263
1264 20220713-12:08:56 46.35 77.8 180 263
1265 20220713-12:08:56 46.25 77.8 180 263
1266 20220713-12:08:57 46.15 77.8 180 263
1267 20220713-12:08:58 46.05 77.8 180 263
1268 20220713-12:08:59 45.95 77.8 180 264
1269 20220713-12:09:00 45.85 77.8 180 264
1270 20220713-12:09:01 45.75 77.8 180 264
1271 20220713-12:09:03 45.65 77.8 180 264
1272 20220713-12:09:04 45.55 77.8 180 264
1273 20220713-12:09:05 45.45 77.8 180 264
1274 20220713-12:09:06 45.35 77.8 180 264
1275 20220713-12:09:07 45.25 77.8 180 264
1276 20220713-12:09:07 45.15 77.8 180 264
1277 20220713-12:09:10 45.05 77.8 180 264
1278 20220713-12:09:11 44.95 77.8 180 264
1279 20220713-12:09:11 44.85 77.8 180 264
1280 20220713-12:09:12 44.75 77.8 180 264
1281 20220713-12:09:12 44.65 77.8 180 264
1282 20220713-12:09:13 44.55 77.8 180 264
1283 20220713-12:09:14 44.45 77.8 180 264
1284 20220713-12:09:15 44.35 77.8 180 264
1285 20220713-12:09:15 44.25 77.8 180 264
1286 20220713-12:09:16 44.15 77.8 180 264
1287 20220713-12:09:17 44.05 77.8 180 264
1288 20220713-12:09:17 43.95 77.8 180 265
1289 20220713-12:09:18 43.85 77.8 180 265
1290 20220713-12:09:19 43.75 77.8 180 265
1291 20220713-12:09:19 43.65 77.8 180 265
1292 20220713-12:09:20 43.55 77.8 180 265
1293 20220713-12:09:21 43.45 77.8 180 265
1294 20220713-12:09:22 43.35 77.8 180 265
1295 20220713-12:09:24 43.25 77.8 180 265
1296 20220713-12:09:25 43.15 77.8 180 265
1297 20220713-12:09:26 43.05 77.8 180 265
1298 20220713-12:09:27 42.95 77.8 180 265
1299 20220713-12:09:28 42.85 77.8 180 265
1300 20220713-12:09:29 42.75 77.8 180 265
1301 20220713-12:09:29 42.65 77.8 180 265
1302 20220713-12:09:30 42.55 77.8 180 265
1303 20220713-12:09:31 42.45 77.8 180 265
1304 20220713-12:09:32 42.35 77.8 180 265
1305 20220713-12:09:32 42.25 77.8 180 265
1306 20220713-12:09:33 42.15 77.8 180 265
1307 20220713-12:09:34 42.05 77.8 180 265
1308 20220713-12:09:34 41.95 77.8 180 266
1309 20220713-12:09:35 41.85 77.8 180 266
1310 20220713-12:09:36 41.75 77.8 180 266
1311 20220713-12:09:36 41.65 77.8 180 266
1312 20220713-12:09:37 41.55 77.8 180 266
1313 20220713-12:09:38 41.45 77.8 180 266
1314 20220713-12:09:38 41.35 77.8 180 266
1315 20220713-12:09:39 41.25 77.8 180 266
1316 20220713-12:09:40 41.15 77.8 180 266
1317 20220713-12:09:40 41.05 77.8 180 266
1318 20220713-12:09:40 40.95 77.8 180 266
1319 20220713-12:09:41 40.85 77.8 180 266
1320 20220713-12:09:42 40.75 77.8 180 266
1321 20220713-12:09:42 40.65 77.8 180 266
1322 20220713-12:09:43 40.55 77.8 180 266
1323 20220713-12:09:43 40.45 77.8 180 266
1324 20220713-12:09:44 40.35 77.8 180 266
1325 20220713-12:09:44 40.25 77.8 180 266
1326 20220713-12:09:45 40.15 77.8 180 266
1327 20220713-12:09:46 40.05 77.8 180 266
1328 20220713-12:09:46 39.95 77.8 180 267
1329 20220713-12:09:47 39.85 77.8 180 267
1330 20220713-12:09:47 39.75 77.8 180 267
1331 20220713-12:09:48 39.65 77.8 180 267
1332 20220713-12:09:51 39.55 77.8 180 267
1333 20220713-12:09:51 39.45 77.8 180 267
1334 20220713-12:09:52 39.35 77.8 180 267
1335 20220713-12:09:54 39.25 77.8 180 267
1336 20220713-12:09:55 39.15 77.8 180 267
1337 20220713-12:09:56 39.05 77.8 180 267
1338 20220713-12:09:57 38.95 77.8 180 267
1339 20220713-12:09:57 38.85 77.8 180 267
1340 20220713-12:09:58 38.75 77.8 180 267
1341 20220713-12:09:59 38.65 77.8 180 267
1342 20220713-12:10:00 38.55 77.8 180 267
1343 20220713-12:10:00 38.45 77.8 180 267
1344 20220713-12:10:01 38.35 77.8 180 267
1345 20220713-12:10:02 38.25 77.8 180 267
1346 20220713-12:10:02 38.15 77.8 180 267
1347 20220713-12:10:03 38.05 77.8 180 267
1348 20220713-12:10:04 37.95 77.8 180 268
1349 20220713-12:10:05 37.85 77.8 180 268
1350 20220713-12:10:05 37.75 77.8 180 268
1351 20220713-12:10:06 37.65 77.8 180 268
1352 20220713-12:10:07 37.55 77.8 180 268
1353 20220713-12:10:08 37.45 77.8 180 268
1354 20220713-12:10:09 37.35 77.8 180 268
1355 20220713-12:10:10 37.25 77.8 180 268
1356 20220713-12:10:11 37.15 77.8 180 268
1357 20220713-12:10:12 37.05 77.8 180 268
1358 20220713-12:10:13 36.95 77.8 180 268
1359 20220713-12:10:13 36.85 77.8 180 268
1360 20220713-12:10:14 36.75 77.8 180 268
1361 20220713-12:10:15 36.65 77.8 180 268
1362 20220713-12:10:16 36.55 77.8 180 268
1363 20220713-12:10:17 36.45 77.8 180 268
1364 20220713-12:10:18 36.35 77.8 180 268
1365 20220713-12:10:19 36.25 77.8 180 268
1366 20220713-12:10:19 36.15 77.8 180 268
1367 20220713-12:10:20 36.05 77.8 180 268
1368 20220713-12:10:21 35.95 77.8 180 269
1369 20220713-12:10:22 35.85 77.8 180 269
1370 20220713-12:10:22 35.75 77.8 180 269
1371 20220713-12:10:23 35.65 77.8 180 269
1372 20220713-12:10:23 35.55 77.8 180 269
1373 20220713-12:10:24 35.45 77.8 180 269
1374 20220713-12:10:25 35.35 77.8 180 269
1375 20220713-12:10:25 35.25 77.8 180 269
1376 20220713-12:10:26 35.15 77.8 180 269
1377 20220713-12:10:26 35.05 77.8 180 269
1378 20220713-12:10:27 34.95 77.8 180 269
1379 20220713-12:10:28 34.85 77.8 180 269
1380 20220713-12:10:28 34.75 77.8 180 269
1381 20220713-12:10:29 34.65 77.8 180 269
1382 20220713-12:10:30 34.55 77.8 180 269
1383 20220713-12:10:33 34.45 77.8 180 269
1384 20220713-12:10:34 34.35 77.8 180 269
1385 20220713-12:10:36 34.25 77.8 180 269
1386 20220713-12:10:36 34.15 77.8 180 269
1387 20220713-12:10:37 34.05 77.8 180 269
1388 20220713-12:10:38 33.95 77.8 180 270
1389 20220713-12:10:39 33.85 77.8 180 270
1390 20220713-12:10:39 33.75 77.8 180 270
1391 20220713-12:10:40 33.65 77.8 180 270
1392 20220713-12:10:41 33.55 77.8 180 270
1393 20220713-12:10:41 33.45 77.8 180 270
1394 20220713-12:10:42 33.35 77.8 180 270
1395 20220713-12:10:42 33.25 77.8 180 270
1396 20220713-12:10:43 33.15 77.8 180 270
1397 20220713-12:10:43 33.05 77.8 180 270
1398 20220713-12:10:44 32.95 77.8 180 270
1399 20220713-12:10:45 32.85 77.8 180 270
1400 20220713-12:10:48 32.75 77.8 180 270
1401 20220713-12:10:48 32.65 77.8 180 270
1402 20220713-12:10:49 32.55 77.8 180 270
1403 20220713-12:10:50 32.45 77.8 180 270
1404 20220713-12:10:51 32.35 77.8 180 270
1405 20220713-12:10:54 32.25 77.8 180 270
1406 20220713-12:10:55 32.15 77.8 180 270
1407 20220713-12:10:56 32.05 77.8 180 270
1408 20220713-12:10:57 31.95 77.8 180 151
1409 20220713-12:10:59 31.85 77.8 180 151
1410 20220713-12:10:59 31.75 77.8 180 151
1411 20220713-12:11:00 31.65 77.8 180 151
1412 20220713-12:11:01 31.55 77.8 180 151
1413 20220713-12:11:02 31.45 77.8 180 151
1414 20220713-12:11:03 31.35 77.8 180 151
1415 20220713-12:11:04 31.25 77.8 180 151
1416 20220713-12:11:05 31.15 77.8 180 151
1417 20220713-12:11:07 31.05 77.8 180 151
1418 20220713-12:11:15 31.05 77.8 225 151
1419 20220713-12:11:19 31.05 77.8 225 151
1420 20220713-12:11:20 31.05 77.8 225 151
1421 20220713-12:11:21 31.05 77.8 225 151
1422 20220713-12:11:23 31.05 77.8 225 151
1423 20220713-12:11:25 31.05 77.8 225 151
1424 20220713-12:11:28 31.05 77.8 225 151
1425 20220713-12:11:29 31.05 77.8 225 151
1426 20220713-12:11:31 31.05 77.8 225 151
1427 20220713-12:11:33 31.05 77.8 270 151
1428 20220713-12:11:37 31.05 77.5 270 151
1429 20220713-12:11:38 31.05 77.3 270 151
1430 20220713-12:11:44 31.05 77.2 270 151
1431 20220713-12:11:45 31.05 77.1 270 151
1432 20220713-12:11:47 31.05 77.0 270 151
1433 20220713-12:11:48 31.05 76.9 270 150
1434 20220713-12:11:50 31.05 76.8 270 150
1435 20220713-12:11:51 31.05 76.7 270 150
1436 20220713-12:11:52 31.05 76.6 270 150
1437 20220713-12:11:53 31.05 76.5 270 150
1438 20220713-12:11:54 31.05 76.4 270 150
1439 20220713-12:11:55 31.05 76.3 270 150
1440 20220713-12:11:55 31.05 76.2 270 150
1441 20220713-12:11:56 31.05 76.1 270 150
1442 20220713-12:11:57 31.05 76.0 270 150
1443 20220713-12:11:58 31.05 75.9 270 150
1444 20220713-12:11:58 31.05 75.8 270 150
1445 20220713-12:11:59 31.05 75.7 270 150
1446 20220713-12:12:00 31.05 75.6 270 150
1447 20220713-12:12:01 31.05 75.5 270 150
1448 20220713-12:12:01 31.05 75.4 270 150
1449 20220713-12:12:02 31.05 75.3 270 150
1450 20220713-12:12:03 31.05 75.2 270 150
1451 20220713-12:12:03 31.05 75.1 270 150
1452 20220713-12:12:04 31.05 75.0 270 150
1453 20220713-12:12:05 31.05 74.9 270 149
1454 20220713-12:12:06 31.05 74.8 270 149
1455 20220713-12:12:06 31.05 74.7 270 149
1456 20220713-12:12:07 31.05 74.6 270 149
1457 20220713-12:12:08 31.05 74.5 270 149
1458 20220713-12:12:08 31.05 74.4 270 149
1459 20220713-12:12:09 31.05 74.3 270 149
1460 20220713-12:12:10 31.05 74.2 270 149
1461 20220713-12:12:10 31.05 74.1 270 149
1462 20220713-12:12:11 31.05 74.0 270 149
1463 20220713-12:12:12 31.05 73.9 270 149
1464 20220713-12:12:13 31.05 73.8 270 149
1465 20220713-12:12:13 31.05 73.7 270 149
1466 20220713-12:12:14 31.05 73.6 270 149
1467 20220713-12:12:14 31.05 73.5 270 149
1468 20220713-12:12:15 31.05 73.4 270 149
1469 20220713-12:12:16 31.05 73.3 270 149
1470 20220713-12:12:16 31.05 73.2 270 149
1471 20220713-12:12:17 31.05 73.1 270 149
1472 20220713-12:12:17 31.05 73.0 270 149
1473 20220713-12:12:18 31.05 72.9 270 148
1474 20220713-12:12:19 31.05 72.8 270 148
1475 20220713-12:12:19 31.05 72.7 270 148
1476 20220713-12:12:22 31.05 72.6 270 148
1477 20220713-12:12:23 31.05 72.5 270 148
1478 20220713-12:12:24 31.05 72.4 270 148
1479 20220713-12:12:25 31.05 72.3 270 148
1480 20220713-12:12:26 31.05 72.2 270 148
1481 20220713-12:12:27 31.05 72.1 270 148
1482 20220713-12:12:28 31.05 72.0 270 148
1483 20220713-12:12:30 31.05 71.9 270 148
1484 20220713-12:12:43 31.05 71.9 270 148
1485 20220713-12:12:44 31.05 71.9 270 148
1486 20220713-12:12:49 31.05 71.9 270 148
