1 20240628-11:13:25 31.9 57.4 180 141
2 20240628-11:13:51 31.9 57.4 135 141
3 20240628-11:14:00 31.9 57.4 90 141
4 20240628-11:14:11 31.9 57.4 45 141
5 20240628-11:14:24 31.9 57.4 0 141
6 20240628-11:14:34 31.9 57.4 315 141
7 20240628-11:14:49 31.9 57.4 270 141
8 20240628-11:14:59 31.9 57.4 225 141
9 20240628-11:15:11 31.9 57.4 180 141
10 20240628-11:15:53 31.4 57.4 180 141
11 20240628-11:16:32 31.4 57.4 135 141
12 20240628-11:16:41 31.4 57.4 90 141
13 20240628-11:16:50 31.4 57.4 45 141
14 20240628-11:17:03 31.4 57.4 0 141
15 20240628-11:17:18 31.4 57.4 315 141
16 20240628-11:17:26 31.4 57.4 270 141
17 20240628-11:17:36 31.4 57.4 225 141
18 20240628-11:17:48 31.4 57.4 180 141
19 20240628-11:19:36 30.3 57.2 135 140
20 20240628-11:19:45 30.3 57.2 90 140
21 20240628-11:19:59 30.3 57.2 45 140
22 20240628-11:20:07 30.3 57.2 0 140
23 20240628-11:20:19 30.3 57.2 315 140
24 20240628-11:20:30 30.3 57.2 270 140
25 20240628-11:20:42 30.3 57.2 225 140
26 20240628-11:20:51 30.3 57.2 180 140
27 20240628-11:21:27 29.5 57.2 180 140
28 20240628-11:21:53 29.5 57.2 135 140
29 20240628-11:21:55 29.5 57.2 90 140
30 20240628-11:22:03 29.5 57.2 45 140
31 20240628-11:22:14 29.5 57.2 0 140
32 20240628-11:22:27 29.5 57.2 315 140
33 20240628-11:22:37 29.5 57.2 270 140
34 20240628-11:22:52 29.5 57.2 225 140
35 20240628-11:23:01 29.5 57.2 180 140
36 20240628-11:23:42 28.5 57.2 180 139
37 20240628-11:23:57 28.5 57.2 135 139
38 20240628-11:24:07 28.5 57.2 90 139
39 20240628-11:24:19 28.5 57.2 45 139
40 20240628-11:24:30 28.5 57.2 0 139
41 20240628-11:24:43 28.5 57.2 315 139
42 20240628-11:24:53 28.5 57.2 270 139
43 20240628-11:25:16 28.5 57.2 180 139
44 20240628-11:25:49 27.5 57.2 180 139
45 20240628-11:26:05 27.5 57.2 135 139
46 20240628-11:26:15 27.5 57.2 90 139
47 20240628-11:26:28 27.5 57.2 45 139
48 20240628-11:26:39 27.5 57.2 0 139
49 20240628-11:26:51 27.5 57.2 315 139
50 20240628-11:27:03 27.5 57.2 270 139
51 20240628-11:27:18 27.5 57.2 225 139
52 20240628-11:27:28 27.5 57.2 180 139
53 20240628-11:27:48 26.3 57.2 180 138
54 20240628-11:28:04 26.3 57.2 135 138
55 20240628-11:28:15 26.3 57.2 90 138
56 20240628-11:28:26 26.3 57.2 45 138
57 20240628-11:28:37 26.3 57.2 0 138
58 20240628-11:28:50 26.3 57.2 315 138
59 20240628-11:29:00 26.3 57.2 270 138
60 20240628-11:29:11 26.3 57.2 270 138
61 20240628-11:29:19 26.3 57.2 225 138
62 20240628-11:29:28 26.3 57.2 180 138
63 20240628-11:29:52 25.1 57.2 180 138
64 20240628-11:30:09 25.1 57.2 135 138
65 20240628-11:30:17 25.1 57.2 135 138
66 20240628-11:30:29 25.1 57.2 45 138
67 20240628-11:30:39 25.1 57.2 0 138
68 20240628-11:30:53 25.1 57.2 315 138
69 20240628-11:31:03 25.1 57.2 270 138
70 20240628-11:31:27 25.1 57.2 180 138
71 20240628-11:31:51 24.0 57.2 180 137
72 20240628-11:32:06 24.0 57.2 135 137
73 20240628-11:32:16 24.0 57.2 90 137
74 20240628-11:32:28 24.0 57.2 45 137
75 20240628-11:32:41 24.0 57.2 0 137
76 20240628-11:32:51 24.0 57.2 315 137
77 20240628-11:33:02 24.0 57.2 270 137
78 20240628-11:33:15 24.0 57.2 225 137
79 20240628-11:33:26 24.0 57.2 180 137
80 20240628-11:33:50 22.8 57.2 180 136
81 20240628-11:34:04 22.8 57.2 135 136
82 20240628-11:34:14 22.8 57.2 90 136
83 20240628-11:34:26 22.8 57.2 45 136
84 20240628-11:34:38 22.8 57.2 0 136
85 20240628-11:34:49 22.8 57.2 315 136
86 20240628-11:35:00 22.8 57.2 270 136
87 20240628-11:35:13 22.8 57.2 225 136
88 20240628-11:35:22 22.8 57.2 180 136
89 20240628-11:35:42 21.7 57.2 180 136
90 20240628-11:35:58 21.7 57.2 135 136
91 20240628-11:36:06 21.7 57.2 90 136
92 20240628-11:36:20 21.7 57.2 45 136
93 20240628-11:36:29 21.7 57.2 0 136
94 20240628-11:36:40 21.7 57.2 315 136
95 20240628-11:36:57 21.7 57.2 270 136
96 20240628-11:37:18 21.7 57.2 225 136
97 20240628-11:37:22 21.7 57.2 180 136
98 20240628-11:37:26 21.7 57.2 180 136
99 20240628-11:37:45 20.5 57.2 180 135
100 20240628-11:38:01 20.5 57.2 135 135
101 20240628-11:38:10 20.5 57.2 90 135
102 20240628-11:38:22 20.5 57.2 45 135
103 20240628-11:38:33 20.5 57.2 0 135
104 20240628-11:38:46 20.5 57.2 315 135
105 20240628-11:38:55 20.5 57.2 270 135
106 20240628-11:39:07 20.5 57.2 225 135
107 20240628-11:39:17 20.5 57.2 180 135
108 20240628-11:39:39 19.3 57.2 180 135
109 20240628-11:40:00 19.3 57.2 135 135
110 20240628-11:40:27 19.3 57.2 45 135
111 20240628-11:40:34 19.3 57.2 0 135
112 20240628-11:40:47 19.3 57.2 315 135
113 20240628-11:40:57 19.3 57.2 270 135
114 20240628-11:41:08 19.3 57.2 225 135
115 20240628-11:41:18 19.3 57.2 180 135
116 20240628-11:41:50 18.7 57.2 180 134
117 20240628-11:42:03 18.7 57.2 135 134
118 20240628-11:42:15 18.7 57.2 90 134
119 20240628-11:42:27 18.7 57.2 45 134
120 20240628-11:42:38 18.7 57.2 0 134
121 20240628-11:42:51 18.7 57.2 315 134
122 20240628-11:43:02 18.7 57.2 270 134
123 20240628-11:43:20 18.7 57.2 225 134
124 20240628-11:43:37 18.7 57.2 180 134
125 20240628-11:43:54 17.7 57.2 180 134
126 20240628-11:44:09 17.7 57.2 135 134
127 20240628-11:44:22 17.7 57.2 90 134
128 20240628-11:44:35 17.7 57.2 45 134
129 20240628-11:44:43 17.7 57.2 0 134
130 20240628-11:44:55 17.7 57.2 315 134
131 20240628-11:45:08 17.7 57.2 270 134
132 20240628-11:45:11 17.7 57.2 270 134
133 20240628-11:45:21 17.7 57.2 225 134
134 20240628-11:45:36 17.7 57.2 180 134
135 20240628-11:46:07 16.5 57.4 180 133
136 20240628-11:46:23 16.5 57.4 135 133
137 20240628-11:46:31 16.5 57.4 90 133
138 20240628-11:46:43 16.5 57.4 45 133
139 20240628-11:46:52 16.5 57.4 0 133
140 20240628-11:47:08 16.5 57.4 315 133
141 20240628-11:47:15 16.5 57.4 270 133
142 20240628-11:47:31 16.5 57.4 225 133
143 20240628-11:47:42 16.5 57.4 180 133
144 20240628-11:48:05 15.3 57.4 180 133
145 20240628-11:48:19 15.3 57.4 135 133
146 20240628-11:48:28 15.3 57.4 90 133
147 20240628-11:48:40 15.3 57.4 45 133
148 20240628-11:48:51 15.3 57.4 0 133
149 20240628-11:49:03 15.3 57.4 315 133
150 20240628-11:49:11 15.3 57.4 270 133
151 20240628-11:49:26 15.3 57.4 225 133
152 20240628-11:49:35 15.3 57.4 180 133
153 20240628-11:49:57 14.3 57.4 180 132
154 20240628-11:50:12 14.3 57.4 135 132
155 20240628-11:50:22 14.3 57.4 90 132
156 20240628-11:50:32 14.3 57.4 45 132
157 20240628-11:50:45 14.3 57.4 0 132
158 20240628-11:50:55 14.3 57.4 315 132
159 20240628-11:51:06 14.3 57.4 270 132
160 20240628-11:51:18 14.3 57.4 225 132
161 20240628-11:51:27 14.3 57.4 180 132
162 20240628-11:51:34 14.3 57.4 180 132
163 20240628-11:51:59 13.5 57.4 180 132
164 20240628-11:52:18 13.5 57.4 135 132
165 20240628-11:52:28 13.5 57.4 90 132
166 20240628-11:52:49 13.5 57.4 0 132
167 20240628-11:53:04 13.5 57.4 315 132
168 20240628-11:53:11 13.5 57.4 270 132
169 20240628-11:53:32 13.5 57.4 225 132
170 20240628-11:53:35 13.5 57.4 180 132
171 20240628-11:54:02 12.5 57.4 180 131
172 20240628-11:54:14 12.5 57.4 135 131
173 20240628-11:54:25 12.5 57.4 90 131
174 20240628-11:54:37 12.5 57.4 45 131
175 20240628-11:54:51 12.5 57.4 0 131
176 20240628-11:55:01 12.5 57.4 315 131
177 20240628-11:55:13 12.5 57.4 270 131
178 20240628-11:55:26 12.5 57.4 225 131
179 20240628-11:55:36 12.5 57.4 180 131
180 20240628-11:55:38 12.5 57.4 180 131
181 20240628-11:56:20 11.6 57.4 180 131
182 20240628-11:56:35 11.6 57.4 135 131
183 20240628-11:56:45 11.6 57.4 90 131
184 20240628-11:57:05 11.6 57.4 45 131
185 20240628-11:57:09 11.6 57.4 0 131
186 20240628-11:57:20 11.6 57.4 315 131
187 20240628-11:57:31 11.6 57.4 270 131
188 20240628-11:57:47 11.6 57.4 225 131
189 20240628-11:57:57 11.6 57.4 180 131
190 20240628-11:58:19 11.2 57.4 180 131
191 20240628-11:58:33 11.2 57.4 135 131
192 20240628-11:58:43 11.2 57.4 90 131
193 20240628-11:58:56 11.2 57.4 45 131
194 20240628-11:59:01 11.2 57.4 0 131
195 20240628-11:59:14 11.2 57.4 315 131
196 20240628-11:59:23 11.2 57.4 270 131
197 20240628-11:59:35 11.2 57.4 225 131
198 20240628-11:59:46 11.3 57.4 180 131
199 20240628-11:59:49 11.3 57.4 180 131
