1 20220808-10:44:45 6.15 87.2 90 216
2 20220808-10:45:34 6.15 87.1 90 216
0 20220808-10:44:35 6.05 87.4 90 216
3 20220808-10:45:50 6.15 87.0 90 216
4 20220808-10:45:56 6.15 87.0 45 216
5 20220808-10:46:10 6.15 87.0 270 216
6 20220808-10:46:23 6.15 87.0 225 216
7 20220808-10:46:34 6.15 87.0 180 216
8 20220808-10:46:47 6.15 87.0 135 216
9 20220808-10:46:59 6.15 87.0 90 216
10 20220808-10:47:12 6.15 87.0 45 216
11 20220808-10:47:26 6.15 87.0 135 216
12 20220808-10:47:29 6.15 87.0 90 216
13 20220808-10:47:37 6.15 87.0 90 216
14 20220808-10:47:45 6.15 87.0 90 216
15 20220808-10:47:54 6.15 87.0 45 216
16 20220808-10:48:06 6.15 87.0 0 216
17 20220808-10:48:19 6.15 87.0 315 216
18 20220808-10:48:30 6.15 87.0 270 216
19 20220808-10:48:31 6.15 87.0 270 216
20 20220808-10:48:44 6.15 87.0 225 216
21 20220808-10:48:49 6.15 87.0 180 216
22 20220808-10:48:49 6.15 87.0 180 216
23 20220808-10:49:03 6.15 87.0 135 216
24 20220808-10:49:14 6.15 87.0 90 216
25 20220808-10:49:30 6.15 87.4 90 216
26 20220808-10:49:38 6.15 87.4 90 216
27 20220808-10:49:49 6.15 87.4 135 216
28 20220808-10:50:01 6.15 87.4 180 216
29 20220808-10:50:13 6.15 87.4 225 216
30 20220808-10:50:28 6.15 87.4 225 216
31 20220808-10:50:33 6.15 87.4 270 216
32 20220808-10:50:42 6.15 87.4 315 216
33 20220808-10:50:51 6.15 87.4 315 216
34 20220808-10:50:59 6.15 87.4 0 216
35 20220808-10:51:03 6.15 87.4 45 216
36 20220808-10:51:16 6.15 87.4 45 216
37 20220808-10:51:28 6.15 87.4 90 216
38 20220808-10:51:45 6.15 87.4 90 216
39 20220808-10:52:02 6.15 88.5 90 217
40 20220808-10:52:10 6.15 88.5 90 217
41 20220808-10:52:24 6.15 88.5 45 217
42 20220808-10:52:39 6.15 88.5 0 217
43 20220808-10:52:45 6.15 88.5 0 217
44 20220808-10:53:00 6.15 88.5 315 217
45 20220808-10:53:01 6.15 88.5 315 217
46 20220808-10:53:12 6.15 88.5 270 217
47 20220808-10:53:30 6.15 88.5 225 217
48 20220808-10:53:37 6.15 88.5 180 217
49 20220808-10:53:55 6.15 88.5 135 217
50 20220808-10:53:57 6.15 88.5 135 217
51 20220808-10:54:08 6.15 88.5 90 217
52 20220808-10:54:29 6.15 89.4 90 217
53 20220808-10:54:44 6.15 89.4 135 217
54 20220808-10:54:55 6.15 89.4 180 217
55 20220808-10:55:07 6.15 89.4 225 217
56 20220808-10:55:17 6.15 89.4 225 217
57 20220808-10:55:19 6.15 89.4 270 217
58 20220808-10:55:25 6.15 89.4 270 217
59 20220808-10:55:26 6.15 89.4 270 217
60 20220808-10:55:30 6.15 89.4 315 217
61 20220808-10:55:45 6.15 89.4 315 217
62 20220808-10:55:51 6.15 89.4 0 217
63 20220808-10:55:56 6.15 89.4 45 217
64 20220808-10:56:09 6.15 89.4 45 217
65 20220808-10:56:16 6.15 89.4 90 217
66 20220808-10:56:35 6.15 90.5 90 218
67 20220808-10:56:39 6.15 90.5 90 218
68 20220808-10:56:55 6.15 90.5 45 218
69 20220808-10:57:06 6.15 90.5 0 218
70 20220808-10:57:18 6.15 90.5 315 218
71 20220808-10:57:20 6.15 90.5 315 218
72 20220808-10:57:30 6.15 90.5 270 218
73 20220808-10:57:43 6.15 90.5 225 218
74 20220808-10:57:56 6.15 90.5 180 218
75 20220808-10:58:07 6.15 90.5 135 218
76 20220808-10:58:08 6.15 90.5 135 218
77 20220808-10:58:19 6.15 90.5 90 218
78 20220808-10:59:41 6.25 91.0 90 218
79 20220808-10:59:58 6.25 91.0 135 218
80 20220808-11:00:10 6.25 91.0 180 218
81 20220808-11:00:15 6.25 91.0 180 218
82 20220808-11:00:24 6.25 91.0 225 218
83 20220808-11:00:35 6.25 91.0 270 218
84 20220808-11:00:40 6.25 91.0 270 218
85 20220808-11:00:49 6.25 91.0 315 218
86 20220808-11:01:06 6.25 91.0 0 218
87 20220808-11:01:12 6.25 91.0 45 218
88 20220808-11:01:24 6.25 91.0 45 218
89 20220808-11:01:32 6.25 91.0 90 218
90 20220808-11:01:56 6.25 91.1 90 218
91 20220808-11:02:00 6.25 91.1 90 218
92 20220808-11:02:08 6.25 91.1 45 218
93 20220808-11:02:12 6.25 91.1 45 218
94 20220808-11:02:22 6.25 91.1 0 218
95 20220808-11:02:53 7.35 91.1 0 220
96 20220808-11:03:06 7.35 91.1 0 220
97 20220808-11:03:16 7.35 91.1 45 220
98 20220808-11:03:32 7.35 91.1 90 220
99 20220808-11:03:43 7.35 91.1 90 220
100 20220808-11:03:56 7.35 91.1 135 220
101 20220808-11:04:01 7.35 91.1 180 220
102 20220808-11:04:15 7.35 91.1 225 220
103 20220808-11:04:27 7.35 91.1 270 220
104 20220808-11:04:38 7.35 91.1 315 220
105 20220808-11:04:52 7.35 91.1 0 220
106 20220808-11:05:06 7.35 91.1 0 220
107 20220808-11:05:28 8.55 91.0 0 220
108 20220808-11:05:35 8.55 91.0 0 220
109 20220808-11:05:46 8.55 91.0 0 220
110 20220808-11:05:53 8.55 91.0 315 220
111 20220808-11:06:05 8.55 91.0 270 220
112 20220808-11:06:18 8.55 91.0 225 220
113 20220808-11:06:31 8.55 91.0 180 220
114 20220808-11:06:44 8.55 91.0 135 220
115 20220808-11:06:55 8.55 91.0 90 220
116 20220808-11:06:56 8.55 91.0 90 220
117 20220808-11:07:07 8.55 91.0 45 220
118 20220808-11:07:10 8.55 91.0 45 220
119 20220808-11:07:18 8.55 91.0 0 220
120 20220808-11:07:56 9.15 91.0 0 220
121 20220808-11:08:07 9.75 91.0 0 184
122 20220808-11:08:18 9.75 91.0 0 184
123 20220808-11:08:27 9.75 91.0 0 184
124 20220808-11:08:33 9.75 91.0 45 184
125 20220808-11:08:49 9.75 91.0 90 184
126 20220808-11:08:55 9.75 91.0 135 184
127 20220808-11:09:10 9.75 91.0 180 184
128 20220808-11:09:15 9.75 91.0 180 184
129 20220808-11:09:39 8.85 91.0 180 220
130 20220808-11:10:07 7.35 91.0 135 220
131 20220808-11:10:18 7.35 91.0 90 220
132 20220808-11:10:29 7.35 91.0 45 220
133 20220808-11:10:41 7.35 91.0 0 220
134 20220808-11:10:53 7.35 91.0 315 220
135 20220808-11:11:05 7.35 91.0 270 220
136 20220808-11:11:18 7.35 91.0 225 220
137 20220808-11:11:30 7.35 91.0 180 220
138 20220808-11:11:41 7.35 91.0 180 220
139 20220808-11:12:06 8.95 91.0 180 220
140 20220808-11:12:15 8.95 91.0 180 220
141 20220808-11:12:34 6.35 91.0 180 218
142 20220808-11:13:23 6.35 91.0 45 218
143 20220808-11:13:24 6.35 91.0 90 218
144 20220808-11:13:26 6.35 91.0 90 218
145 20220808-11:13:34 6.35 91.0 90 218
146 20220808-11:14:13 6.15 92.3 90 219
147 20220808-11:14:50 6.15 92.3 135 219
148 20220808-11:15:01 6.15 92.3 180 219
149 20220808-11:15:07 6.15 92.3 180 219
150 20220808-11:15:07 6.15 92.3 180 219
151 20220808-11:15:22 6.15 92.3 225 219
152 20220808-11:15:30 6.15 92.3 225 219
153 20220808-11:15:40 6.15 92.3 270 219
154 20220808-11:15:49 6.15 92.3 315 219
155 20220808-11:16:06 6.15 92.3 0 219
156 20220808-11:16:07 6.15 92.3 0 219
157 20220808-11:16:13 6.15 92.3 45 219
158 20220808-11:16:32 6.15 92.3 90 219
159 20220808-11:16:50 6.15 93.6 90 219
160 20220808-11:17:06 6.15 93.6 45 219
161 20220808-11:17:18 6.15 93.6 0 219
162 20220808-11:17:30 6.15 93.6 315 219
163 20220808-11:17:37 6.15 93.6 270 219
164 20220808-11:17:51 6.15 93.6 225 219
165 20220808-11:18:05 6.15 93.6 180 219
166 20220808-11:18:06 6.15 93.6 180 219
167 20220808-11:18:18 6.15 93.6 135 219
168 20220808-11:18:33 6.15 93.6 90 219
169 20220808-11:18:51 6.15 94.1 90 219
170 20220808-11:19:19 6.15 94.2 135 219
171 20220808-11:19:26 6.15 94.2 135 219
172 20220808-11:19:36 6.15 94.2 180 219
173 20220808-11:19:47 6.15 94.2 225 219
174 20220808-11:19:54 6.15 94.2 225 219
175 20220808-11:20:02 6.15 94.2 270 219
176 20220808-11:20:11 6.15 94.2 270 219
177 20220808-11:20:15 6.15 94.2 315 219
178 20220808-11:20:35 6.15 94.2 0 219
179 20220808-11:20:42 6.15 94.2 0 219
180 20220808-11:20:49 6.15 94.2 45 219
181 20220808-11:21:03 6.15 94.2 90 219
182 20220808-11:21:07 6.15 94.2 90 219
183 20220808-11:21:13 6.15 94.2 90 219
184 20220808-11:21:24 6.15 94.2 45 219
185 20220808-11:21:35 6.15 94.2 0 219
186 20220808-11:21:49 6.15 94.2 315 219
187 20220808-11:21:59 6.15 94.2 270 219
