1 20220706-15:17:58 31.25 71.9 0 148
2 20220706-15:18:03 31.25 71.9 315 148
3 20220706-15:18:05 31.25 71.9 270 148
4 20220706-15:18:43 31.15 72.5 90 148
5 20220706-15:18:57 31.15 74.9 90 149
6 20220706-15:19:02 31.15 75.6 90 150
7 20220706-15:19:07 31.15 77.3 90 151
8 20220706-15:19:20 31.15 78.7 90 151
9 20220706-15:19:32 31.15 80.0 90 153
10 20220706-15:19:37 31.15 80.9 90 153
11 20220706-15:19:43 31.15 81.5 90 154
12 20220706-15:20:01 31.15 84.5 90 155
13 20220706-15:20:05 31.15 86.3 90 156
14 20220706-15:20:09 31.15 88.0 90 157
15 20220706-15:20:14 31.15 88.4 90 157
16 20220706-15:20:16 31.15 88.8 90 157
17 20220706-15:20:24 31.15 89.3 90 158
18 20220706-15:20:28 31.15 90.9 90 158
19 20220706-15:20:36 31.15 90.5 90 158
20 20220706-15:20:45 31.15 90.5 135 158
21 20220706-15:20:47 31.15 90.5 180 158
22 20220706-15:20:51 30.65 90.6 180 158
23 20220706-15:20:59 28.95 90.6 180 229
24 20220706-15:21:09 27.65 90.8 180 228
25 20220706-15:21:17 25.35 90.8 180 227
26 20220706-15:21:23 23.15 90.8 180 226
27 20220706-15:21:29 21.15 90.8 180 225
28 20220706-15:21:35 19.55 90.8 180 224
29 20220706-15:21:37 18.95 90.8 180 224
30 20220706-15:21:40 18.35 90.8 180 224
31 20220706-15:21:44 17.05 90.8 180 223
32 20220706-15:21:48 15.35 90.8 180 222
33 20220706-15:21:52 14.25 90.8 180 222
34 20220706-15:21:56 13.75 90.8 180 221
35 20220706-15:22:02 13.25 90.8 180 221
36 20220706-15:22:07 12.75 90.8 180 221
37 20220706-15:22:09 12.25 90.8 180 221
38 20220706-15:22:17 11.25 90.8 180 184
39 20220706-15:22:28 11.25 90.8 180 184
40 20220706-15:22:31 10.65 90.8 180 184
41 20220706-15:22:35 10.35 90.8 180 184
42 20220706-15:22:42 10.15 90.6 180 184
43 20220706-15:23:02 10.15 90.6 225 184
44 20220706-15:23:07 10.15 90.6 180 184
45 20220706-15:23:17 8.85 90.6 180 220
46 20220706-15:23:24 8.05 90.6 180 220
47 20220706-15:23:29 7.15 90.6 180 220
48 20220706-15:23:34 6.85 90.8 180 218
49 20220706-15:23:42 6.85 90.8 225 218
50 20220706-15:23:48 6.85 90.8 270 218
51 20220706-15:23:55 6.25 90.5 270 218
52 20220706-15:24:01 6.25 90.5 225 218
53 20220706-15:24:07 6.25 90.5 270 218
54 20220706-15:24:21 6.25 89.6 270 217
55 20220706-15:24:25 6.25 89.1 270 217
56 20220706-15:24:30 6.25 88.5 270 217
57 20220706-15:24:32 6.25 88.5 270 217
58 20220706-15:24:38 6.25 88.2 270 217
59 20220706-15:24:45 6.25 87.7 270 216
60 20220706-15:24:47 6.25 87.3 270 216
61 20220706-15:24:50 6.25 87.0 270 216
62 20220706-15:24:58 6.25 86.5 270 216
63 20220706-15:25:00 6.25 86.4 270 216
64 20220706-15:25:03 6.25 86.4 270 216
65 20220706-15:25:06 6.25 85.9 270 215
66 20220706-15:25:10 6.25 85.6 270 215
67 20220706-15:25:14 6.25 83.9 270 214
68 20220706-15:25:16 6.25 83.2 270 214
69 20220706-15:25:19 6.25 82.8 270 214
70 20220706-15:25:22 6.25 82.8 270 214
71 20220706-15:25:24 6.25 82.5 270 214
72 20220706-15:25:28 6.25 82.3 270 214
73 20220706-15:25:31 6.25 81.2 270 213
74 20220706-15:25:33 6.25 80.3 270 213
75 20220706-15:25:37 6.25 79.7 270 212
76 20220706-15:25:42 6.25 78.9 270 212
77 20220706-15:25:50 6.25 78.2 270 212
78 20220706-15:25:56 6.25 78.2 225 212
79 20220706-15:25:59 6.25 78.2 270 212
80 20220706-15:26:11 6.15 77.2 270 211
81 20220706-15:26:14 6.15 76.3 270 211
82 20220706-15:26:24 6.15 75.3 270 210
83 20220706-15:26:30 6.15 74.8 270 210
84 20220706-15:26:36 6.15 73.7 270 206
85 20220706-15:26:47 6.15 73.7 315 206
86 20220706-15:26:54 6.65 73.7 315 206
87 20220706-15:26:57 6.65 73.7 270 206
88 20220706-15:27:07 6.45 72.1 270 206
89 20220706-15:27:12 6.25 71.3 270 205
90 20220706-15:27:14 6.25 70.7 270 205
91 20220706-15:27:19 6.25 70.1 270 205
92 20220706-15:27:20 6.25 70.1 270 205
93 20220706-15:27:22 6.25 69.3 270 204
94 20220706-15:27:25 6.25 68.7 270 204
95 20220706-15:27:27 6.25 68.1 270 204
96 20220706-15:27:30 6.25 67.3 270 203
97 20220706-15:27:33 6.25 66.0 270 203
98 20220706-15:27:35 6.25 65.4 270 202
99 20220706-15:27:38 6.25 64.5 270 202
100 20220706-15:27:40 6.25 63.7 270 201
101 20220706-15:27:43 6.25 62.8 270 201
102 20220706-15:27:47 6.25 61.9 270 200
103 20220706-15:27:55 6.25 60.6 270 200
104 20220706-15:28:00 6.25 60.2 270 200
105 20220706-15:28:11 6.25 59.8 270 200
106 20220706-15:28:15 6.25 59.7 270 200
107 20220706-15:28:25 6.25 59.0 270 200
108 20220706-15:28:27 6.25 58.8 270 128
109 20220706-15:28:34 6.25 58.3 270 128
110 20220706-15:28:37 6.25 58.1 270 128
111 20220706-15:28:46 6.25 58.1 315 128
112 20220706-15:28:53 6.65 57.7 315 128
113 20220706-15:28:57 6.95 57.6 315 128
114 20220706-15:28:59 7.05 57.2 315 129
115 20220706-15:29:03 7.15 57.0 315 129
116 20220706-15:29:06 7.35 56.8 315 129
