1 20220727-15:10:11 31.6 71.9 270 148
2 20220727-15:10:16 31.6 71.9 90 148
3 20220727-15:10:17 31.6 71.9 90 148
4 20220727-15:10:35 31.6 71.9 45 148
5 20220727-15:10:48 31.6 71.9 0 148
6 20220727-15:11:07 31.6 71.9 270 148
7 20220727-15:11:24 31.6 71.9 180 148
8 20220727-15:11:38 31.6 71.9 135 148
9 20220727-15:11:44 31.6 71.9 90 148
10 20220727-15:12:10 31.6 71.9 45 148
11 20220727-15:12:18 31.6 71.9 0 148
12 20220727-15:12:31 31.6 71.9 315 148
13 20220727-15:12:38 31.6 71.9 270 148
14 20220727-15:12:46 31.6 71.9 225 148
15 20220727-15:12:54 31.6 71.9 180 148
16 20220727-15:13:00 31.6 71.9 135 148
17 20220727-15:13:06 31.6 71.9 90 148
18 20220727-15:13:30 31.4 71.4 90 148
19 20220727-15:13:36 31.4 72.8 90 148
20 20220727-15:14:02 31.4 73.9 90 149
21 20220727-15:14:21 31.4 73.9 45 149
22 20220727-15:14:30 31.4 73.9 0 149
23 20220727-15:14:39 31.4 73.9 315 149
24 20220727-15:14:47 31.4 73.9 270 149
25 20220727-15:14:54 31.4 73.9 225 149
26 20220727-15:15:01 31.4 73.9 180 149
27 20220727-15:15:10 31.4 73.9 135 149
28 20220727-15:15:17 31.4 73.9 90 149
29 20220727-15:15:44 31.4 74.7 90 149
30 20220727-15:15:47 31.4 74.7 90 149
31 20220727-15:16:03 31.4 75.5 90 150
32 20220727-15:16:21 31.4 75.5 45 150
33 20220727-15:16:27 31.4 75.5 45 150
34 20220727-15:16:36 31.4 75.5 0 150
35 20220727-15:16:44 31.4 75.5 315 150
36 20220727-15:16:53 31.4 75.5 270 150
37 20220727-15:17:02 31.4 75.5 225 150
38 20220727-15:17:08 31.4 75.5 180 150
39 20220727-15:17:16 31.4 75.5 135 150
40 20220727-15:17:16 31.4 75.5 135 150
41 20220727-15:17:27 31.4 75.5 90 150
42 20220727-15:17:39 31.4 75.5 45 150
43 20220727-15:17:47 31.4 75.5 0 150
44 20220727-15:17:53 31.4 75.5 315 150
45 20220727-15:18:00 31.4 75.5 270 150
46 20220727-15:18:07 31.4 75.5 270 150
47 20220727-15:18:15 31.4 75.5 225 150
48 20220727-15:18:22 31.4 75.5 180 150
49 20220727-15:18:29 31.4 75.5 135 150
50 20220727-15:18:41 31.4 75.5 90 150
51 20220727-15:19:03 31.4 76.2 90 150
52 20220727-15:19:46 31.4 77.7 90 151
53 20220727-15:19:56 31.4 77.7 45 151
54 20220727-15:20:03 31.4 77.7 0 151
55 20220727-15:20:13 31.4 77.7 315 151
56 20220727-15:20:24 31.4 77.7 270 151
57 20220727-15:20:30 31.4 77.7 225 151
58 20220727-15:20:39 31.4 77.7 180 151
59 20220727-15:20:46 31.4 77.7 135 151
60 20220727-15:20:54 31.4 77.7 90 151
61 20220727-15:21:08 31.4 78.0 90 151
62 20220727-15:21:21 31.4 78.0 45 151
63 20220727-15:21:31 31.4 78.0 0 151
64 20220727-15:21:39 31.4 78.0 315 151
65 20220727-15:21:50 31.4 78.0 270 151
66 20220727-15:22:04 31.4 78.0 225 151
67 20220727-15:22:12 31.4 78.0 180 151
68 20220727-15:22:19 31.4 78.0 135 151
69 20220727-15:22:26 31.4 78.0 90 151
70 20220727-15:22:42 31.4 78.8 90 151
71 20220727-15:23:08 31.3 79.7 90 153
72 20220727-15:23:29 31.3 80.3 90 153
73 20220727-15:23:42 31.3 80.3 45 153
74 20220727-15:23:50 31.3 80.3 0 153
75 20220727-15:23:58 31.3 80.3 315 153
76 20220727-15:24:06 31.3 80.3 270 153
77 20220727-15:24:14 31.3 80.3 225 153
78 20220727-15:24:21 31.3 80.3 180 153
79 20220727-15:24:30 31.3 80.3 135 153
80 20220727-15:24:37 31.3 80.3 90 153
81 20220727-15:25:09 31.3 80.9 90 153
82 20220727-15:25:23 31.3 80.9 135 153
83 20220727-15:25:32 31.3 80.9 180 153
84 20220727-15:25:39 31.3 80.9 225 153
85 20220727-15:25:47 31.3 80.9 270 153
86 20220727-15:25:53 31.3 80.9 315 153
87 20220727-15:26:02 31.3 80.9 0 153
88 20220727-15:26:10 31.3 80.9 45 153
89 20220727-15:26:16 31.3 80.9 90 153
90 20220727-15:26:46 31.3 82.0 90 154
91 20220727-15:26:57 31.3 82.0 315 154
92 20220727-15:27:07 31.3 82.0 270 154
93 20220727-15:27:13 31.3 82.0 225 154
94 20220727-15:27:21 31.3 82.0 270 154
95 20220727-15:27:29 31.3 82.0 225 154
96 20220727-15:27:37 31.3 82.0 180 154
97 20220727-15:27:45 31.3 82.0 135 154
98 20220727-15:27:52 31.3 82.0 90 154
99 20220727-15:28:20 31.3 82.4 90 154
100 20220727-15:28:33 31.3 82.4 135 154
101 20220727-15:28:42 31.3 82.4 180 154
102 20220727-15:28:51 31.3 82.4 225 154
103 20220727-15:28:58 31.3 82.4 270 154
104 20220727-15:29:05 31.3 82.4 315 154
105 20220727-15:29:13 31.3 82.4 0 154
106 20220727-15:29:20 31.3 82.4 45 154
107 20220727-15:29:28 31.3 82.4 90 154
108 20220727-15:29:54 31.3 83.5 90 155
109 20220727-15:29:54 31.3 83.5 90 155
110 20220727-15:29:59 31.3 83.7 90 155
111 20220727-15:31:13 31.3 83.7 45 155
112 20220727-15:31:21 31.3 83.7 0 155
113 20220727-15:31:31 31.3 83.7 315 155
114 20220727-15:31:38 31.3 83.7 270 155
115 20220727-15:31:44 31.3 83.7 225 155
116 20220727-15:31:45 31.3 83.7 225 155
117 20220727-15:31:51 31.3 83.7 180 155
118 20220727-15:32:00 31.3 83.7 135 155
119 20220727-15:32:06 31.3 83.7 90 155
120 20220727-15:32:22 31.3 84.3 90 155
121 20220727-15:32:25 31.3 84.4 90 155
122 20220727-15:32:39 31.3 84.4 135 155
123 20220727-15:32:47 31.3 84.4 180 155
124 20220727-15:32:57 31.3 84.4 225 155
125 20220727-15:33:06 31.3 84.4 270 155
126 20220727-15:33:12 31.3 84.4 315 155
127 20220727-15:33:20 31.3 84.4 0 155
128 20220727-15:33:27 31.3 84.4 45 155
129 20220727-15:33:34 31.3 84.4 90 155
130 20220727-15:33:58 31.2 85.3 90 156
131 20220727-15:34:17 31.2 85.3 135 156
132 20220727-15:34:25 31.2 85.3 180 156
133 20220727-15:34:37 31.2 85.3 225 156
134 20220727-15:34:48 31.2 85.3 270 156
135 20220727-15:34:56 31.2 85.3 315 156
136 20220727-15:35:04 31.2 85.3 0 156
137 20220727-15:35:11 31.2 85.3 45 156
138 20220727-15:35:17 31.2 85.3 90 156
139 20220727-15:35:39 31.2 85.9 90 156
140 20220727-15:35:42 31.2 85.9 90 156
141 20220727-15:35:52 31.2 85.9 45 156
142 20220727-15:36:00 31.2 85.9 0 156
143 20220727-15:36:07 31.2 85.9 315 156
144 20220727-15:36:21 31.2 85.9 270 156
145 20220727-15:36:28 31.2 85.9 225 156
146 20220727-15:36:34 31.2 85.9 180 156
147 20220727-15:36:44 31.2 85.9 135 156
148 20220727-15:36:50 31.2 85.9 90 156
149 20220727-15:36:52 31.2 85.9 90 156
150 20220727-15:37:14 31.2 86.5 90 156
151 20220727-15:37:16 31.2 86.5 90 156
152 20220727-15:37:31 31.2 86.9 90 156
153 20220727-15:37:34 31.2 86.9 90 156
154 20220727-15:37:37 31.2 87.2 90 157
155 20220727-15:37:52 31.2 87.2 90 157
156 20220727-15:37:52 31.2 87.2 90 157
157 20220727-15:38:00 31.2 87.2 45 157
158 20220727-15:38:07 31.2 87.2 0 157
159 20220727-15:38:12 31.2 87.2 315 157
160 20220727-15:38:22 31.2 87.2 270 157
161 20220727-15:38:28 31.2 87.2 225 157
162 20220727-15:38:34 31.2 87.2 180 157
163 20220727-15:38:46 31.2 87.2 135 157
164 20220727-15:38:54 31.2 87.2 90 157
165 20220727-15:39:12 31.2 87.6 90 157
166 20220727-15:39:28 31.2 87.6 135 157
167 20220727-15:39:38 31.2 87.6 180 157
168 20220727-15:39:45 31.2 87.6 225 157
169 20220727-15:39:52 31.2 87.6 270 157
170 20220727-15:40:00 31.2 87.6 315 157
171 20220727-15:40:07 31.2 87.6 0 157
172 20220727-15:40:14 31.2 87.6 45 157
173 20220727-15:40:15 31.2 87.6 45 157
174 20220727-15:40:23 31.2 87.6 90 157
175 20220727-15:40:46 31.2 88.2 90 157
176 20220727-15:40:46 31.2 88.2 90 157
177 20220727-15:41:03 31.2 88.7 90 157
178 20220727-15:41:13 31.2 88.7 90 157
179 20220727-15:41:14 31.2 88.7 90 157
180 20220727-15:41:29 31.2 88.7 315 157
181 20220727-15:41:36 31.2 88.7 0 157
182 20220727-15:41:44 31.2 88.7 315 157
183 20220727-15:41:51 31.2 88.7 270 157
184 20220727-15:41:57 31.2 88.7 225 157
185 20220727-15:42:04 31.2 88.7 180 157
186 20220727-15:42:11 31.2 88.7 135 157
187 20220727-15:42:20 31.2 88.7 135 157
188 20220727-15:42:21 31.2 88.7 90 157
189 20220727-15:42:22 31.2 88.7 90 157
190 20220727-15:42:42 31.2 89.3 90 158
191 20220727-15:42:58 31.2 89.8 90 158
192 20220727-15:43:08 31.2 89.8 135 158
193 20220727-15:43:18 31.2 89.8 180 158
194 20220727-15:43:25 31.2 89.8 225 158
195 20220727-15:43:36 31.2 89.8 270 158
196 20220727-15:43:42 31.2 89.8 315 158
197 20220727-15:43:50 31.2 89.8 0 158
198 20220727-15:43:56 31.2 89.8 45 158
199 20220727-15:44:02 31.2 89.8 90 158
200 20220727-15:44:22 31.2 90.6 90 158
201 20220727-15:44:24 31.2 90.8 90 158
202 20220727-15:44:36 31.2 90.8 45 158
203 20220727-15:44:43 31.2 90.8 0 158
204 20220727-15:44:51 31.2 90.8 315 158
205 20220727-15:44:59 31.2 90.8 270 158
206 20220727-15:45:08 31.2 90.8 225 158
207 20220727-15:45:15 31.2 90.8 180 158
208 20220727-15:45:35 31.2 90.8 90 158
209 20220727-15:45:42 31.2 90.8 135 158
210 20220727-15:45:52 31.2 90.8 180 158
211 20220727-15:45:59 30.9 90.8 180 158
212 20220727-15:46:01 30.7 90.8 180 158
213 20220727-15:46:21 29.8 90.8 180 229
214 20220727-15:46:35 29.2 90.9 180 229
215 20220727-15:46:56 29.2 90.9 225 229
216 20220727-15:47:05 29.2 90.9 270 229
217 20220727-15:47:15 29.2 90.9 315 229
218 20220727-15:47:24 29.2 90.9 0 229
219 20220727-15:47:30 29.2 90.9 45 229
220 20220727-15:47:38 29.2 90.9 90 229
221 20220727-15:47:45 29.2 90.9 135 229
222 20220727-15:47:53 29.2 90.9 180 229
223 20220727-15:48:13 28.4 90.9 180 229
224 20220727-15:48:36 28.4 90.9 135 229
225 20220727-15:48:44 28.4 90.9 90 229
226 20220727-15:49:00 28.4 90.9 45 229
227 20220727-15:49:08 28.4 90.9 0 229
228 20220727-15:49:15 28.4 90.9 315 229
229 20220727-15:49:22 28.4 90.9 270 229
230 20220727-15:49:31 28.4 90.9 225 229
231 20220727-15:49:40 28.4 90.9 180 229
232 20220727-15:50:00 27.6 90.9 180 228
233 20220727-15:50:25 27.3 90.9 180 228
234 20220727-15:50:36 27.3 90.9 225 228
235 20220727-15:50:45 27.3 90.9 270 228
236 20220727-15:50:47 27.3 90.9 270 228
237 20220727-15:50:54 27.3 90.9 315 228
238 20220727-15:51:02 27.3 90.9 0 228
239 20220727-15:51:29 27.3 90.9 45 228
240 20220727-15:51:39 27.3 90.9 90 228
241 20220727-15:51:48 27.3 90.9 135 228
242 20220727-15:51:56 27.3 90.9 180 228
243 20220727-15:52:13 26.7 90.9 180 228
244 20220727-15:52:29 26.7 90.9 135 228
245 20220727-15:52:39 26.7 90.9 90 228
246 20220727-15:52:51 26.7 90.9 45 228
247 20220727-15:53:00 26.7 90.9 0 228
248 20220727-15:53:09 26.7 90.9 315 228
249 20220727-15:53:19 26.7 90.9 270 228
250 20220727-15:53:28 26.7 90.9 225 228
251 20220727-15:53:37 26.7 90.9 180 228
252 20220727-15:53:52 26.4 90.9 180 228
253 20220727-15:54:35 25.9 90.9 180 227
254 20220727-15:54:49 25.9 90.9 180 227
255 20220727-15:54:49 25.9 90.9 180 227
256 20220727-15:55:05 25.9 90.9 225 227
257 20220727-15:55:13 25.9 90.9 270 227
258 20220727-15:55:21 25.9 90.9 315 227
259 20220727-15:55:23 25.9 90.9 315 227
260 20220727-15:55:33 25.9 90.9 0 227
261 20220727-15:55:41 25.9 90.9 45 227
262 20220727-15:55:49 25.9 90.9 90 227
263 20220727-15:55:57 25.9 90.9 135 227
264 20220727-15:56:05 25.9 90.9 180 227
265 20220727-15:56:32 25.2 90.9 180 227
266 20220727-15:56:51 24.9 90.9 180 227
267 20220727-15:56:52 24.9 90.9 180 227
268 20220727-15:57:33 24.9 90.9 135 227
269 20220727-15:57:43 24.9 90.9 90 227
270 20220727-15:57:58 24.9 90.9 45 227
271 20220727-15:58:10 24.9 90.9 0 227
272 20220727-15:58:19 24.9 90.9 315 227
273 20220727-15:58:29 24.9 90.9 270 227
274 20220727-15:58:38 24.9 90.9 225 227
275 20220727-15:58:49 24.9 90.9 180 227
276 20220727-15:59:49 24.9 90.9 180 227
277 20220727-16:00:22 24.9 90.9 180 227
