1 20220803-11:37:23 38.4 77.85 180 267
2 20220803-11:37:37 38.4 77.85 135 267
3 20220803-11:37:45 38.4 77.85 90 267
4 20220803-11:37:51 38.4 77.85 45 267
5 20220803-11:37:55 38.4 77.85 0 267
6 20220803-11:37:59 38.4 77.85 315 267
7 20220803-11:38:04 38.4 77.85 270 267
8 20220803-11:38:05 38.4 77.85 225 267
9 20220803-11:38:11 38.4 77.85 180 267
10 20220803-11:38:21 38.4 77.85 135 267
11 20220803-11:38:48 38.4 77.95 180 267
12 20220803-11:39:14 37.5 77.95 180 268
13 20220803-11:39:32 37.5 77.85 180 268
14 20220803-11:39:39 37.5 77.85 135 268
15 20220803-11:39:45 37.5 77.85 90 268
16 20220803-11:39:53 37.5 77.85 45 268
17 20220803-11:39:58 37.5 77.85 0 268
18 20220803-11:40:00 37.5 77.85 315 268
19 20220803-11:40:02 37.5 77.85 270 268
20 20220803-11:40:05 37.5 77.85 225 268
21 20220803-11:40:12 37.5 77.85 180 268
22 20220803-11:40:25 37.5 77.85 135 268
23 20220803-11:40:33 37.5 77.85 180 268
24 20220803-11:40:51 36.5 77.85 180 268
25 20220803-11:41:04 36.5 77.85 225 268
26 20220803-11:41:11 36.5 77.85 270 268
27 20220803-11:41:15 36.5 77.85 315 268
28 20220803-11:41:19 36.5 77.85 0 268
29 20220803-11:41:20 36.5 77.85 0 268
30 20220803-11:41:25 36.5 77.85 45 268
31 20220803-11:41:29 36.5 77.85 90 268
32 20220803-11:41:31 36.5 77.85 135 268
33 20220803-11:41:32 36.5 77.85 135 268
34 20220803-11:41:36 36.5 77.85 180 268
35 20220803-11:41:55 36.5 77.95 225 268
36 20220803-11:42:12 36.5 77.95 180 268
37 20220803-11:42:38 35.5 77.95 180 269
38 20220803-11:42:43 35.5 77.95 180 269
39 20220803-11:42:52 35.5 77.95 135 269
40 20220803-11:42:59 35.5 77.95 90 269
41 20220803-11:43:04 35.5 77.95 45 269
42 20220803-11:43:08 35.5 77.95 0 269
43 20220803-11:43:09 35.5 77.95 0 269
44 20220803-11:43:12 35.5 77.95 315 269
45 20220803-11:43:16 35.5 77.95 270 269
46 20220803-11:43:20 35.5 77.95 225 269
47 20220803-11:43:23 35.5 77.95 180 269
48 20220803-11:43:32 35.5 77.95 180 269
49 20220803-11:44:46 35.4 77.8 180 269
50 20220803-11:44:55 35.45 78.1 180 269
51 20220803-11:45:17 35.45 78.1 225 269
52 20220803-11:45:20 35.45 78.1 270 269
53 20220803-11:45:24 35.45 78.1 315 269
54 20220803-11:45:28 35.45 78.1 0 269
55 20220803-11:45:36 35.45 78.1 45 269
56 20220803-11:45:42 35.45 78.1 90 269
57 20220803-11:45:47 35.45 78.1 135 269
58 20220803-11:45:50 35.45 78.1 180 269
59 20220803-11:46:08 35.45 78.1 180 269
60 20220803-11:46:08 35.45 78.1 180 269
61 20220803-11:46:25 34.55 78.1 180 269
62 20220803-11:46:26 34.55 78.1 180 269
63 20220803-11:46:35 34.55 78.1 135 269
64 20220803-11:46:43 34.55 78.1 90 269
65 20220803-11:46:46 34.55 78.1 45 269
66 20220803-11:46:52 34.55 78.1 0 269
67 20220803-11:46:56 34.55 78.1 315 269
68 20220803-11:47:00 34.55 78.1 270 269
69 20220803-11:47:01 34.55 78.1 270 269
70 20220803-11:47:04 34.55 78.1 225 269
71 20220803-11:47:07 34.55 78.1 180 269
72 20220803-11:47:10 34.55 78.1 180 269
73 20220803-11:47:26 33.55 78.1 180 270
74 20220803-11:47:35 33.55 78.1 180 270
75 20220803-11:47:35 33.55 78.1 180 270
76 20220803-11:47:46 33.55 78.2 225 270
77 20220803-11:47:52 33.55 78.2 270 270
78 20220803-11:47:57 33.55 78.2 315 270
79 20220803-11:48:04 33.55 78.2 0 270
80 20220803-11:48:09 33.55 78.2 45 270
81 20220803-11:48:12 33.55 78.2 90 270
82 20220803-11:48:14 33.55 78.2 135 270
83 20220803-11:48:18 33.55 78.2 180 270
84 20220803-11:48:49 32.65 78.0 180 270
85 20220803-11:48:50 32.65 78.0 180 270
86 20220803-11:48:59 32.65 78.0 135 270
87 20220803-11:49:05 32.65 78.0 90 270
88 20220803-11:49:10 32.65 78.0 45 270
89 20220803-11:49:15 32.65 78.0 0 270
90 20220803-11:49:20 32.65 78.0 315 270
91 20220803-11:49:24 32.65 78.0 270 270
92 20220803-11:49:29 32.65 78.0 225 270
93 20220803-11:49:30 32.65 78.0 180 270
94 20220803-11:49:39 32.65 78.0 180 270
95 20220803-11:49:39 32.65 78.0 180 270
