1 20220810-12:18:33 6.3 10.55 270 2
2 20220810-12:19:00 6.3 10.55 270 2
3 20220810-12:19:16 6.3 10.55 225 2
4 20220810-12:19:17 6.3 10.55 225 2
5 20220810-12:19:29 6.3 10.55 180 2
6 20220810-12:19:43 6.3 10.55 135 2
7 20220810-12:19:45 6.3 10.55 135 2
8 20220810-12:19:54 6.3 10.55 90 2
9 20220810-12:20:07 6.3 10.55 45 2
10 20220810-12:20:20 6.3 10.55 0 2
11 20220810-12:20:36 6.3 10.55 315 2
12 20220810-12:20:49 6.3 10.55 270 2
13 20220810-12:21:01 6.3 10.55 270 2
14 20220810-12:21:20 6.3 9.45 270 1
15 20220810-12:21:22 6.3 9.45 270 1
16 20220810-12:21:31 6.3 9.45 270 1
17 20220810-12:21:31 6.3 9.45 270 1
18 20220810-12:21:53 6.3 9.45 315 1
19 20220810-12:21:54 6.3 9.45 315 1
20 20220810-12:22:06 6.3 9.45 0 1
21 20220810-12:22:11 6.3 9.45 0 1
22 20220810-12:22:19 6.3 9.45 45 1
23 20220810-12:22:31 6.3 9.45 90 1
24 20220810-12:22:43 6.3 9.45 135 1
25 20220810-12:22:51 6.3 9.45 180 1
26 20220810-12:22:56 6.3 9.45 180 1
27 20220810-12:23:04 6.3 9.45 225 1
28 20220810-12:23:05 6.3 9.45 225 1
29 20220810-12:23:23 6.3 9.45 270 1
30 20220810-12:23:26 6.3 9.45 270 1
31 20220810-12:23:41 6.3 8.55 270 1
32 20220810-12:23:42 6.3 8.55 270 1
33 20220810-12:23:48 6.3 8.55 270 1
34 20220810-12:23:58 6.3 8.55 225 1
35 20220810-12:24:03 6.3 8.55 180 1
36 20220810-12:24:08 6.3 8.55 180 1
37 20220810-12:24:16 6.3 8.55 135 1
38 20220810-12:24:18 6.3 8.55 135 1
39 20220810-12:24:29 6.3 8.55 90 1
40 20220810-12:24:41 6.3 8.55 45 1
41 20220810-12:24:48 6.3 8.55 0 1
42 20220810-12:24:59 6.3 8.55 315 1
43 20220810-12:25:11 6.3 8.55 270 1
44 20220810-12:25:41 6.3 7.55 270 0
45 20220810-12:25:45 6.3 7.55 270 0
46 20220810-12:25:45 6.3 7.55 270 0
47 20220810-12:26:00 6.3 7.55 315 0
48 20220810-12:26:14 6.3 7.55 0 0
49 20220810-12:26:15 6.3 7.55 0 0
50 20220810-12:26:26 6.3 7.55 45 0
51 20220810-12:26:41 6.3 7.55 90 0
52 20220810-12:26:53 6.3 7.55 135 0
53 20220810-12:27:08 6.3 7.55 180 0
54 20220810-12:27:25 6.3 7.55 225 0
55 20220810-12:27:40 6.3 7.55 270 0
56 20220810-12:27:57 6.3 6.75 270 0
57 20220810-12:27:58 6.3 6.75 270 0
58 20220810-12:28:03 6.3 6.75 270 0
59 20220810-12:28:16 6.3 6.75 225 0
60 20220810-12:28:18 6.3 6.75 225 0
61 20220810-12:28:30 6.3 6.75 180 0
62 20220810-12:28:48 6.3 6.75 135 0
63 20220810-12:28:55 6.3 6.75 90 0
64 20220810-12:29:07 6.3 6.75 45 0
65 20220810-12:29:13 6.3 6.75 45 0
66 20220810-12:29:21 6.3 6.75 0 0
67 20220810-12:29:33 6.3 6.75 315 0
68 20220810-12:29:37 6.3 6.75 315 0
69 20220810-12:29:46 6.3 6.75 270 0
70 20220810-12:29:49 6.3 6.75 270 0
71 20220810-12:30:02 6.3 6.75 315 0
72 20220810-12:30:07 6.3 6.75 0 0
73 20220810-12:30:27 6.7 6.75 0 0
74 20220810-12:30:41 7.8 6.75 0 20
75 20220810-12:30:46 7.8 6.75 0 20
76 20220810-12:31:10 7.8 6.75 45 20
77 20220810-12:31:23 7.8 6.75 90 20
78 20220810-12:31:28 7.8 6.75 90 20
79 20220810-12:31:36 7.8 6.75 135 20
80 20220810-12:31:53 7.8 6.75 180 20
81 20220810-12:32:01 7.8 6.75 225 20
82 20220810-12:32:08 7.8 6.75 225 20
83 20220810-12:32:19 7.8 6.75 270 20
84 20220810-12:32:26 7.8 6.75 315 20
85 20220810-12:32:39 7.8 6.75 315 20
86 20220810-12:32:47 7.8 6.75 0 20
87 20220810-12:33:01 7.8 6.75 0 20
88 20220810-12:33:20 8.7 6.75 0 20
89 20220810-12:33:39 8.7 6.75 315 20
90 20220810-12:33:50 8.7 6.75 270 20
91 20220810-12:34:03 8.7 6.75 225 20
92 20220810-12:34:08 8.7 6.75 180 20
93 20220810-12:34:10 8.7 6.75 180 20
94 20220810-12:34:19 8.7 6.75 135 20
95 20220810-12:34:21 8.7 6.75 135 20
96 20220810-12:34:34 8.7 6.75 90 20
97 20220810-12:34:46 8.7 6.75 45 20
98 20220810-12:35:10 8.7 6.75 45 20
