1 20220706-15:29:42 9.5 55.25 270 113
2 20220706-15:29:49 8.7 54.45 270 126
3 20220706-15:29:53 8.7 52.95 270 124
4 20220706-15:29:56 8.7 51.75 270 122
5 20220706-15:29:57 8.7 51.25 270 122
6 20220706-15:30:01 8.7 50.35 270 122
7 20220706-15:30:03 8.7 49.85 270 120
8 20220706-15:30:09 8.7 49.35 270 120
9 20220706-15:30:16 8.7 47.45 270 118
10 20220706-15:30:19 8.7 47.45 270 118
11 20220706-15:30:21 8.7 47.45 315 118
12 20220706-15:30:40 8.7 44.95 0 81
13 20220706-15:30:49 10.4 44.25 0 82
14 20220706-15:30:54 11.2 44.25 0 83
15 20220706-15:30:59 12.0 44.25 0 83
16 20220706-15:31:09 13.0 44.25 0 84
17 20220706-15:31:20 14.5 44.25 0 84
18 20220706-15:31:23 15.0 44.25 0 85
19 20220706-15:31:31 16.7 44.25 0 85
20 20220706-15:31:35 17.4 44.25 0 86
21 20220706-15:31:37 17.8 44.25 0 86
22 20220706-15:31:39 18.2 44.25 0 86
23 20220706-15:31:42 18.5 44.25 0 86
24 20220706-15:31:44 18.8 44.25 0 86
25 20220706-15:31:49 19.3 44.25 0 87
26 20220706-15:31:51 19.8 44.25 0 87
27 20220706-15:31:54 20.4 44.25 0 87
28 20220706-15:31:57 21.1 44.25 0 88
29 20220706-15:32:01 21.5 44.25 0 88
30 20220706-15:32:07 22.0 44.25 0 88
31 20220706-15:32:13 22.8 44.25 0 88
32 20220706-15:32:15 24.2 44.25 0 89
33 20220706-15:32:17 24.8 44.25 0 89
34 20220706-15:32:19 25.2 44.25 0 90
35 20220706-15:32:23 25.6 44.25 0 90
36 20220706-15:32:24 26.0 44.25 0 90
37 20220706-15:32:28 26.6 44.25 0 90
38 20220706-15:32:30 27.2 44.25 0 91
39 20220706-15:32:32 27.7 44.25 0 91
40 20220706-15:32:34 28.1 44.25 0 91
41 20220706-15:32:36 28.6 44.25 0 91
42 20220706-15:32:38 29.2 44.25 0 92
43 20220706-15:32:39 29.7 44.25 0 92
44 20220706-15:32:42 30.3 44.25 0 92
45 20220706-15:32:44 30.6 44.25 0 92
46 20220706-15:32:47 30.9 44.25 0 92
47 20220706-15:33:04 31.1 44.55 45 93
48 20220706-15:33:10 31.3 45.35 45 93
49 20220706-15:33:15 31.3 45.95 45 93
50 20220706-15:33:19 31.3 45.95 90 93
51 20220706-15:33:25 31.2 47.05 90 94
52 20220706-15:33:27 31.2 48.05 90 96
53 20220706-15:33:31 31.2 48.35 90 96
54 20220706-15:33:34 31.2 49.55 90 96
55 20220706-15:33:35 31.2 49.65 90 96
56 20220706-15:33:38 31.2 50.35 90 98
57 20220706-15:33:40 31.2 50.85 90 98
58 20220706-15:33:44 31.2 51.75 90 98
59 20220706-15:33:47 31.2 52.05 90 100
60 20220706-15:33:52 31.2 53.05 90 100
61 20220706-15:33:54 31.2 53.75 90 100
62 20220706-15:34:01 31.2 54.45 90 102
63 20220706-15:34:03 31.2 54.95 90 102
64 20220706-15:34:11 31.2 55.25 135 102
65 20220706-15:34:15 31.2 55.25 90 102
66 20220706-15:34:19 31.0 56.45 90 141
67 20220706-15:34:21 31.0 57.45 90 141
68 20220706-15:34:33 31.0 58.15 90 141
69 20220706-15:34:39 31.0 59.05 90 142
70 20220706-15:34:49 31.0 59.95 90 142
71 20220706-15:34:52 31.0 59.95 90 142
72 20220706-15:34:55 31.0 61.05 90 143
73 20220706-15:35:00 31.0 62.15 90 143
74 20220706-15:35:03 31.0 63.15 90 144
75 20220706-15:35:06 31.0 63.75 90 144
76 20220706-15:35:11 31.0 63.85 90 144
77 20220706-15:35:13 31.0 64.25 90 144
78 20220706-15:35:16 31.0 64.55 90 144
79 20220706-15:35:18 31.0 64.85 90 144
80 20220706-15:35:24 31.0 66.55 90 145
81 20220706-15:35:26 31.0 67.15 90 146
82 20220706-15:35:34 31.0 68.35 90 146
83 20220706-15:35:37 31.0 68.75 90 146
84 20220706-15:35:41 31.0 69.35 90 147
85 20220706-15:35:47 31.0 69.95 90 147
86 20220706-15:35:50 31.0 70.95 90 147
87 20220706-15:35:52 31.0 71.65 90 148
88 20220706-15:35:54 31.0 71.85 90 148
