1 20220810-12:35:44 8.75 6.95 0 20
2 20220810-12:35:47 8.65 6.95 0 20
3 20220810-12:36:03 8.55 6.95 0 20
4 20220810-12:36:09 8.55 6.75 0 20
5 20220810-12:37:44 8.55 6.75 0 20
6 20220810-12:37:45 8.55 6.75 0 20
7 20220810-12:37:50 8.55 6.75 315 20
8 20220810-12:38:03 8.55 6.75 270 20
9 20220810-12:38:18 8.55 6.75 225 20
10 20220810-12:38:30 8.55 6.75 180 20
11 20220810-12:38:42 8.55 6.75 135 20
12 20220810-12:38:53 8.55 6.75 90 20
13 20220810-12:38:56 8.55 6.75 90 20
14 20220810-12:39:04 8.55 6.75 45 20
15 20220810-12:39:15 8.55 6.75 0 20
16 20220810-12:39:29 8.55 6.75 0 20
17 20220810-12:39:52 8.55 6.75 315 20
18 20220810-12:39:55 8.55 6.75 315 20
19 20220810-12:40:03 8.55 6.75 270 20
20 20220810-12:40:09 8.55 6.75 270 20
21 20220810-12:40:28 8.65 6.15 270 20
22 20220810-12:40:40 8.65 6.15 270 20
23 20220810-12:40:45 8.65 6.15 270 20
24 20220810-12:40:55 8.65 6.15 315 20
25 20220810-12:41:10 8.65 6.15 0 20
26 20220810-12:41:18 8.65 6.15 0 20
27 20220810-12:41:59 9.25 6.15 0 21
28 20220810-12:42:14 9.25 6.15 0 21
29 20220810-12:42:28 9.95 6.15 0 21
30 20220810-12:42:45 9.95 6.15 45 21
31 20220810-12:42:56 9.95 6.15 90 21
32 20220810-12:43:14 9.95 6.15 135 21
33 20220810-12:43:24 9.95 6.15 180 21
34 20220810-12:43:28 9.95 6.15 180 21
35 20220810-12:43:37 9.95 6.15 225 21
36 20220810-12:43:40 9.95 6.15 225 21
37 20220810-12:43:53 9.95 6.15 270 21
38 20220810-12:44:00 9.95 6.15 315 21
39 20220810-12:44:01 9.95 6.15 315 21
40 20220810-12:44:17 9.95 6.15 0 21
41 20220810-12:44:28 9.95 6.15 0 21
42 20220810-12:44:49 11.15 6.15 0 22
43 20220810-12:44:58 11.15 6.15 0 22
44 20220810-12:45:16 11.15 6.15 315 22
45 20220810-12:45:19 11.15 6.15 270 22
46 20220810-12:45:33 11.15 6.15 225 22
47 20220810-12:45:42 11.15 6.15 180 22
48 20220810-12:45:53 11.15 6.15 135 22
49 20220810-12:45:56 11.15 6.15 135 22
50 20220810-12:46:02 11.15 6.15 90 22
51 20220810-12:46:11 11.15 6.15 45 22
52 20220810-12:46:26 11.15 6.15 0 22
53 20220810-12:46:59 11.55 6.15 0 22
54 20220810-12:47:17 11.55 6.15 45 22
55 20220810-12:47:26 11.55 6.15 90 22
56 20220810-12:47:36 11.55 6.15 135 22
57 20220810-12:47:42 11.55 6.15 135 22
58 20220810-12:47:54 11.55 6.15 180 22
59 20220810-12:48:00 11.55 6.15 225 22
60 20220810-12:48:12 11.55 6.15 225 22
61 20220810-12:48:20 11.55 6.15 315 22
62 20220810-12:48:41 11.55 6.15 0 22
63 20220810-12:48:43 11.55 6.15 0 22
64 20220810-12:49:20 12.65 6.25 0 22
65 20220810-12:49:22 12.65 6.25 0 22
66 20220810-12:49:36 12.65 6.25 0 22
67 20220810-12:49:48 12.65 6.25 315 22
68 20220810-12:49:53 12.65 6.25 270 22
69 20220810-12:49:58 12.65 6.25 270 22
70 20220810-12:50:18 12.65 6.25 225 22
71 20220810-12:50:29 12.65 6.25 180 22
72 20220810-12:50:43 12.65 6.25 135 22
73 20220810-12:50:49 12.65 6.25 90 22
74 20220810-12:52:39 12.65 6.25 90 22
75 20220810-12:52:45 12.65 6.25 45 22
76 20220810-12:52:46 12.65 6.25 45 22
77 20220810-12:52:52 12.65 6.25 0 22
78 20220810-12:52:55 12.65 6.25 315 22
79 20220810-12:52:57 12.65 6.25 315 22
80 20220810-12:52:57 12.65 6.25 315 22
81 20220810-12:53:05 12.65 6.25 0 22
82 20220810-12:53:23 13.45 6.25 0 23
83 20220810-12:53:27 13.45 6.25 0 23
84 20220810-12:53:40 13.45 6.25 45 23
85 20220810-12:53:49 13.45 6.25 90 23
86 20220810-12:54:03 13.45 6.25 135 23
87 20220810-12:54:14 13.45 6.25 180 23
88 20220810-12:54:20 13.45 6.25 225 23
89 20220810-12:54:31 13.45 6.25 270 23
90 20220810-12:54:45 13.45 6.25 315 23
91 20220810-12:54:52 13.45 6.25 315 23
92 20220810-12:54:59 13.45 6.25 0 23
93 20220810-12:55:01 13.45 6.25 0 23
94 20220810-12:55:22 14.45 6.25 0 23
95 20220810-12:55:38 14.45 6.25 315 23
96 20220810-12:55:50 14.45 6.25 270 23
97 20220810-12:56:01 14.45 6.25 225 23
98 20220810-12:56:09 14.45 6.25 180 23
99 20220810-12:56:11 14.45 6.25 180 23
100 20220810-12:56:21 14.45 6.25 135 23
101 20220810-12:56:30 14.45 6.25 90 23
102 20220810-12:56:41 14.45 6.25 45 23
103 20220810-12:56:51 14.45 6.25 0 23
104 20220810-12:57:16 14.65 6.25 0 23
105 20220810-12:58:00 14.65 6.25 0 23
106 20220810-12:58:01 14.65 6.25 0 23
