1 20220809-14:57:45 6.15 40.5 270 17
2 20220809-14:57:46 6.15 40.5 270 17
3 20220809-14:57:58 6.15 40.5 270 17
4 20220809-14:58:07 6.15 40.5 225 17
5 20220809-14:58:19 6.15 40.5 180 17
6 20220809-14:58:30 6.15 40.5 135 17
7 20220809-14:58:31 6.15 40.5 135 17
8 20220809-14:58:42 6.15 40.5 90 17
9 20220809-14:58:45 6.15 40.5 90 17
10 20220809-14:58:55 6.15 40.5 45 17
11 20220809-14:59:06 6.15 40.5 0 17
12 20220809-14:59:07 6.15 40.5 0 17
13 20220809-14:59:19 6.15 40.5 315 17
14 20220809-14:59:35 6.15 40.5 270 17
15 20220809-14:59:55 6.15 39.5 270 16
16 20220809-15:00:04 6.15 39.5 270 16
17 20220809-15:00:13 6.15 39.5 315 16
18 20220809-15:00:15 6.15 39.5 315 16
19 20220809-15:00:25 6.15 39.5 0 16
20 20220809-15:00:39 6.15 39.5 45 16
21 20220809-15:00:58 6.15 39.5 90 16
22 20220809-15:01:07 6.15 39.5 135 16
23 20220809-15:01:08 6.15 39.5 135 16
24 20220809-15:01:24 6.15 39.5 180 16
25 20220809-15:01:30 6.15 39.5 225 16
26 20220809-15:01:47 6.15 39.5 270 16
27 20220809-15:02:21 6.15 38.5 270 16
28 20220809-15:02:33 6.15 38.5 270 16
29 20220809-15:02:41 6.15 38.5 225 16
30 20220809-15:02:53 6.15 38.5 180 16
31 20220809-15:03:06 6.15 38.5 135 16
32 20220809-15:03:09 6.15 38.5 135 16
33 20220809-15:03:17 6.15 38.5 90 16
34 20220809-15:03:31 6.15 38.5 45 16
35 20220809-15:03:42 6.15 38.5 0 16
36 20220809-15:03:43 6.15 38.5 0 16
37 20220809-15:03:55 6.15 38.5 315 16
38 20220809-15:03:56 6.15 38.5 315 16
39 20220809-15:04:11 6.15 38.5 270 16
40 20220809-15:04:16 6.15 38.5 270 16
41 20220809-15:04:16 6.15 38.5 270 16
42 20220809-15:04:48 6.15 37.5 270 15
43 20220809-15:04:48 6.15 37.5 270 15
44 20220809-15:05:07 6.15 37.5 315 15
45 20220809-15:05:19 6.15 37.5 0 15
46 20220809-15:05:31 6.15 37.5 45 15
47 20220809-15:05:40 6.15 37.5 90 15
48 20220809-15:05:42 6.15 37.5 90 15
49 20220809-15:05:52 6.15 37.5 45 15
50 20220809-15:05:57 6.15 37.5 135 15
51 20220809-15:06:07 6.15 37.5 180 15
52 20220809-15:06:19 6.15 37.5 225 15
53 20220809-15:06:23 6.15 37.5 225 15
54 20220809-15:06:36 6.15 37.5 270 15
55 20220809-15:07:03 6.15 36.6 270 15
56 20220809-15:07:03 6.15 36.6 270 15
57 20220809-15:07:28 6.15 36.6 225 15
58 20220809-15:07:35 6.15 36.6 180 15
59 20220809-15:07:40 6.15 36.6 180 15
60 20220809-15:07:48 6.15 36.6 135 15
61 20220809-15:08:05 6.15 36.6 90 15
62 20220809-15:08:19 6.15 36.6 45 15
63 20220809-15:08:30 6.15 36.6 0 15
64 20220809-15:08:39 6.15 36.6 315 15
65 20220809-15:08:54 6.15 36.6 315 15
66 20220809-15:09:29 6.15 36.6 270 15
67 20220809-15:09:51 6.15 35.5 270 14
68 20220809-15:09:58 6.15 35.5 270 14
69 20220809-15:10:10 6.15 35.5 315 14
70 20220809-15:10:30 6.15 35.5 0 14
71 20220809-15:10:34 6.15 35.5 0 14
72 20220809-15:10:42 6.15 35.5 45 14
73 20220809-15:10:54 6.15 35.5 90 14
74 20220809-15:11:06 6.15 35.5 135 14
75 20220809-15:11:19 6.15 35.5 180 14
76 20220809-15:11:25 6.15 35.5 180 14
77 20220809-15:11:31 6.15 35.5 225 14
78 20220809-15:11:44 6.15 35.5 225 14
79 20220809-15:11:49 6.15 35.5 270 14
80 20220809-15:11:50 6.15 35.5 270 14
81 20220809-15:11:52 6.15 35.5 270 14
82 20220809-15:12:08 6.15 34.5 270 14
83 20220809-15:12:08 6.15 34.5 270 14
84 20220809-15:12:18 6.15 34.5 270 14
85 20220809-15:12:52 6.15 34.5 315 14
86 20220809-15:13:05 6.15 34.5 0 14
87 20220809-15:13:05 6.15 34.5 0 14
88 20220809-15:13:17 6.15 34.5 45 14
89 20220809-15:13:18 6.15 34.5 45 14
90 20220809-15:13:37 6.15 34.5 90 14
91 20220809-15:13:51 6.15 34.5 135 14
92 20220809-15:14:05 6.15 34.5 180 14
93 20220809-15:14:12 6.15 34.5 225 14
94 20220809-15:14:19 6.15 34.5 225 14
95 20220809-15:14:30 6.15 34.5 270 14
96 20220809-15:14:39 6.15 34.5 270 14
97 20220809-15:14:53 6.15 33.5 270 13
98 20220809-15:14:56 6.15 33.5 270 13
99 20220809-15:15:23 6.15 33.5 225 13
100 20220809-15:15:33 6.15 33.5 180 13
101 20220809-15:15:35 6.15 33.5 180 13
102 20220809-15:15:46 6.15 33.5 135 13
103 20220809-15:15:58 6.15 33.5 90 13
104 20220809-15:16:04 6.15 33.5 90 13
105 20220809-15:16:11 6.15 33.5 45 13
106 20220809-15:16:22 6.15 33.5 0 13
107 20220809-15:16:25 6.15 33.5 0 13
108 20220809-15:16:35 6.15 33.5 315 13
109 20220809-15:16:55 6.15 33.5 270 13
110 20220809-15:17:06 6.15 33.5 270 13
111 20220809-15:17:23 6.15 32.5 270 13
112 20220809-15:17:39 6.15 32.5 270 13
113 20220809-15:17:47 6.15 32.5 315 13
114 20220809-15:18:00 6.15 32.5 0 13
115 20220809-15:18:06 6.15 32.5 0 13
116 20220809-15:18:07 6.15 32.5 0 13
117 20220809-15:18:11 6.15 32.5 45 13
118 20220809-15:18:13 6.15 32.5 45 13
119 20220809-15:18:31 6.15 32.5 90 13
120 20220809-15:18:32 6.15 32.5 90 13
121 20220809-15:18:40 6.15 32.5 135 13
122 20220809-15:18:57 6.15 32.5 180 13
123 20220809-15:19:00 6.15 32.5 180 13
124 20220809-15:19:11 6.15 32.5 225 13
125 20220809-15:19:15 6.15 32.5 225 13
126 20220809-15:19:25 6.15 32.5 270 13
127 20220809-15:19:28 6.15 32.5 270 13
128 20220809-15:19:53 6.15 31.4 270 12
129 20220809-15:19:57 6.15 31.4 270 12
130 20220809-15:20:13 6.15 31.4 270 12
131 20220809-15:20:13 6.15 31.4 270 12
132 20220809-15:20:29 6.15 31.4 315 12
133 20220809-15:20:30 6.15 31.4 315 12
134 20220809-15:20:41 6.15 31.4 0 12
135 20220809-15:20:52 6.15 31.4 45 12
136 20220809-15:21:06 6.15 31.4 90 12
137 20220809-15:21:18 6.15 31.4 135 12
138 20220809-15:21:20 6.15 31.4 135 12
139 20220809-15:21:31 6.15 31.4 180 12
140 20220809-15:21:32 6.15 31.4 180 12
141 20220809-15:21:42 6.15 31.4 225 12
142 20220809-15:21:45 6.15 31.4 225 12
143 20220809-15:22:03 6.15 31.4 270 12
144 20220809-15:22:06 6.15 31.4 270 12
145 20220809-15:22:07 6.15 31.4 270 12
146 20220809-15:22:24 6.15 30.5 270 12
147 20220809-15:22:24 6.15 30.5 270 12
148 20220809-15:22:24 6.15 30.5 270 12
149 20220809-15:22:51 6.15 30.5 225 12
150 20220809-15:22:59 6.15 30.5 180 12
151 20220809-15:23:10 6.15 30.5 135 12
152 20220809-15:23:16 6.15 30.5 135 12
153 20220809-15:23:23 6.15 30.5 90 12
154 20220809-15:23:29 6.15 30.5 90 12
155 20220809-15:23:39 6.15 30.5 45 12
156 20220809-15:23:47 6.15 30.5 0 12
157 20220809-15:23:59 6.15 30.5 315 12
158 20220809-15:24:01 6.15 30.5 315 12
159 20220809-15:24:13 6.15 30.5 270 12
160 20220809-15:24:17 6.15 30.5 270 12
161 20220809-15:24:22 6.15 30.5 270 12
162 20220809-15:24:38 6.15 29.5 270 11
163 20220809-15:24:55 6.15 29.5 270 11
164 20220809-15:25:06 6.15 29.5 315 11
165 20220809-15:25:23 6.15 29.5 0 11
166 20220809-15:25:34 6.15 29.5 0 11
167 20220809-15:25:56 6.15 29.5 45 11
168 20220809-15:26:11 6.15 29.5 90 11
169 20220809-15:26:25 6.15 29.5 135 11
170 20220809-15:26:28 6.15 29.5 180 11
171 20220809-15:26:32 6.15 29.5 180 11
172 20220809-15:26:39 6.15 29.5 225 11
173 20220809-15:26:53 6.15 29.5 270 11
174 20220809-15:26:55 6.15 29.5 270 11
175 20220809-15:27:05 6.15 29.5 270 11
176 20220809-15:27:23 6.15 28.5 270 11
177 20220809-15:27:31 6.15 28.5 270 11
178 20220809-15:27:31 6.15 28.5 270 11
179 20220809-15:27:42 6.15 28.5 225 11
180 20220809-15:27:44 6.15 28.5 225 11
181 20220809-15:27:55 6.15 28.5 180 11
182 20220809-15:28:07 6.15 28.5 135 11
183 20220809-15:28:19 6.15 28.5 90 11
184 20220809-15:28:31 6.15 28.5 45 11
185 20220809-15:28:49 6.15 28.5 0 11
186 20220809-15:29:01 6.15 28.5 315 11
187 20220809-15:29:16 6.15 28.5 270 11
188 20220809-15:29:33 6.15 28.5 270 11
189 20220809-15:30:44 6.15 27.6 270 10
190 20220809-15:30:45 6.15 27.6 270 10
191 20220809-15:30:59 6.15 27.6 270 10
192 20220809-15:31:16 6.15 27.6 315 10
193 20220809-15:31:20 6.15 27.6 0 10
194 20220809-15:31:33 6.15 27.6 45 10
195 20220809-15:31:36 6.15 27.6 45 10
196 20220809-15:31:50 6.15 27.6 90 10
197 20220809-15:31:51 6.15 27.6 90 10
198 20220809-15:32:03 6.15 27.6 135 10
199 20220809-15:32:16 6.15 27.6 180 10
200 20220809-15:32:19 6.15 27.6 180 10
201 20220809-15:32:25 6.15 27.6 225 10
202 20220809-15:32:42 6.15 27.6 270 10
203 20220809-15:32:46 6.15 27.6 270 10
204 20220809-15:33:03 6.15 26.5 270 10
205 20220809-15:33:09 6.15 26.5 270 10
206 20220809-15:33:33 6.15 26.5 225 10
207 20220809-15:33:49 6.15 26.5 180 10
208 20220809-15:33:53 6.15 26.5 180 10
209 20220809-15:34:02 6.15 26.5 135 10
210 20220809-15:34:44 6.15 26.5 135 10
