1 20220803-10:46:35 58.6 77.85 180 257
2 20220803-10:47:25 58.6 78.05 180 257
3 20220803-10:47:34 57.4 78.05 180 258
4 20220803-10:47:48 57.4 78.05 180 258
5 20220803-10:48:24 57.3 78.05 225 258
6 20220803-10:48:34 57.3 78.05 270 258
7 20220803-10:48:45 57.3 78.05 315 258
8 20220803-10:48:54 57.3 78.05 0 258
9 20220803-10:49:05 57.3 78.05 45 258
10 20220803-10:49:19 57.3 78.05 90 258
11 20220803-10:49:25 57.3 78.05 135 258
12 20220803-10:49:39 57.3 78.05 180 258
13 20220803-10:49:43 57.3 78.05 180 258
14 20220803-10:49:54 57.35 77.9 180 258
15 20220803-10:50:29 56.55 77.9 180 258
16 20220803-10:50:29 56.55 77.9 180 258
17 20220803-10:51:03 56.55 77.9 315 258
18 20220803-10:51:09 56.55 77.9 135 258
19 20220803-10:51:12 56.55 77.9 90 258
20 20220803-10:51:21 56.55 77.9 45 258
21 20220803-10:51:31 56.55 77.9 0 258
22 20220803-10:51:41 56.55 77.9 315 258
23 20220803-10:51:52 56.55 77.9 270 258
24 20220803-10:52:03 56.55 77.9 225 258
25 20220803-10:52:12 56.55 77.9 180 258
26 20220803-10:52:22 55.55 77.9 180 259
27 20220803-10:52:43 55.55 77.9 180 259
28 20220803-10:53:10 55.55 77.9 225 259
29 20220803-10:53:20 55.55 77.9 270 259
30 20220803-10:53:31 55.55 77.9 315 259
31 20220803-10:53:42 55.55 77.9 0 259
32 20220803-10:53:48 55.55 77.9 45 259
33 20220803-10:54:03 55.55 77.9 90 259
34 20220803-10:54:08 55.55 77.9 135 259
35 20220803-10:54:24 55.55 77.9 180 259
36 20220803-10:54:53 54.45 77.9 180 259
37 20220803-10:54:53 54.45 77.9 180 259
38 20220803-10:55:08 54.45 77.9 180 259
39 20220803-10:55:17 54.45 77.9 135 259
40 20220803-10:55:26 54.45 77.9 90 259
41 20220803-10:55:37 54.45 77.9 45 259
42 20220803-10:55:47 54.45 77.9 0 259
43 20220803-10:55:50 54.45 77.9 0 259
44 20220803-10:55:57 54.45 77.9 315 259
45 20220803-10:56:07 54.45 77.9 270 259
46 20220803-10:56:18 54.45 77.9 225 259
47 20220803-10:56:29 54.45 77.9 180 259
48 20220803-10:57:03 53.55 77.9 180 260
49 20220803-10:57:11 53.55 77.9 180 260
50 20220803-10:57:18 53.55 77.9 180 260
51 20220803-10:57:23 53.55 77.9 225 260
52 20220803-10:57:33 53.55 77.9 270 260
53 20220803-10:57:44 53.55 77.9 315 260
54 20220803-10:57:55 53.55 77.9 0 260
55 20220803-10:58:04 53.55 77.9 45 260
56 20220803-10:58:15 53.55 77.9 90 260
57 20220803-10:58:28 53.55 77.9 135 260
58 20220803-10:58:39 53.55 77.9 180 260
59 20220803-10:59:17 52.65 77.9 180 260
60 20220803-10:59:29 52.65 77.9 135 260
61 20220803-10:59:40 52.65 77.9 90 260
62 20220803-10:59:51 52.65 77.9 45 260
63 20220803-10:59:52 52.65 77.9 45 260
64 20220803-11:00:02 52.65 77.9 0 260
65 20220803-11:00:10 52.65 77.9 315 260
66 20220803-11:00:12 52.65 77.9 315 260
67 20220803-11:00:25 52.65 77.9 270 260
68 20220803-11:00:31 52.65 77.9 225 260
69 20220803-11:00:47 52.65 77.9 180 260
70 20220803-11:01:31 51.45 77.9 180 261
71 20220803-11:01:44 51.45 77.9 180 261
72 20220803-11:01:52 51.45 77.9 225 261
73 20220803-11:02:11 51.45 77.9 180 261
74 20220803-11:02:14 51.45 77.9 270 261
75 20220803-11:02:16 51.45 77.9 315 261
76 20220803-11:02:29 51.45 77.9 0 261
77 20220803-11:02:37 51.45 77.9 45 261
78 20220803-11:02:51 51.45 77.9 90 261
79 20220803-11:03:00 51.45 77.9 135 261
80 20220803-11:03:13 51.45 77.9 180 261
81 20220803-11:04:22 50.55 77.9 180 261
82 20220803-11:04:32 50.55 77.9 135 261
83 20220803-11:04:40 50.55 77.9 90 261
84 20220803-11:04:52 50.55 77.9 45 261
85 20220803-11:05:01 50.55 77.9 0 261
86 20220803-11:05:14 50.55 77.9 315 261
87 20220803-11:05:24 50.55 77.9 270 261
88 20220803-11:05:30 50.55 77.9 225 261
89 20220803-11:05:37 50.55 77.9 180 261
90 20220803-11:06:02 49.65 77.9 180 262
91 20220803-11:06:04 49.65 77.9 180 262
92 20220803-11:06:18 49.45 77.9 180 262
93 20220803-11:06:33 49.45 77.9 225 262
94 20220803-11:06:43 49.45 77.9 270 262
95 20220803-11:06:46 49.45 77.9 270 262
96 20220803-11:06:54 49.45 77.9 315 262
97 20220803-11:07:04 49.45 77.9 0 262
98 20220803-11:07:14 49.45 77.9 45 262
99 20220803-11:07:15 49.45 77.9 45 262
100 20220803-11:07:27 49.45 77.9 90 262
101 20220803-11:07:35 49.45 77.9 135 262
102 20220803-11:07:49 49.45 77.9 180 262
103 20220803-11:08:00 49.45 77.9 180 262
104 20220803-11:08:21 48.55 77.9 180 262
105 20220803-11:08:27 48.55 77.9 180 262
106 20220803-11:08:38 48.55 77.9 135 262
107 20220803-11:08:44 48.55 77.9 90 262
108 20220803-11:08:55 48.55 77.9 45 262
109 20220803-11:09:04 48.55 77.9 0 262
110 20220803-11:09:15 48.55 77.9 315 262
111 20220803-11:09:24 48.55 77.9 270 262
112 20220803-11:09:36 48.55 77.9 225 262
113 20220803-11:09:47 48.55 77.9 180 262
114 20220803-11:09:52 48.55 77.9 180 262
115 20220803-11:10:15 47.55 77.9 180 263
116 20220803-11:10:47 47.55 77.9 225 263
117 20220803-11:10:59 47.55 77.9 270 263
118 20220803-11:11:11 47.55 77.9 315 263
119 20220803-11:11:12 47.55 77.9 315 263
120 20220803-11:11:24 47.55 77.9 0 263
121 20220803-11:11:37 47.55 77.9 45 263
122 20220803-11:11:45 47.55 77.9 90 263
123 20220803-11:11:53 47.55 77.9 135 263
124 20220803-11:12:04 47.55 77.9 180 263
125 20220803-11:12:07 47.55 77.9 180 263
126 20220803-11:12:28 46.65 77.9 180 263
127 20220803-11:12:34 46.65 77.9 180 263
128 20220803-11:12:39 46.65 77.9 135 263
129 20220803-11:12:50 46.65 77.9 90 263
130 20220803-11:13:00 46.65 77.9 45 263
131 20220803-11:13:02 46.65 77.9 45 263
132 20220803-11:13:10 46.65 77.9 0 263
133 20220803-11:13:20 46.65 77.9 315 263
134 20220803-11:13:30 46.65 77.9 270 263
135 20220803-11:13:40 46.65 77.9 225 263
136 20220803-11:13:53 46.65 77.9 180 263
137 20220803-11:14:32 45.55 77.9 180 264
138 20220803-11:14:50 45.35 77.9 180 264
139 20220803-11:15:07 45.35 77.9 225 264
140 20220803-11:15:14 45.35 77.9 270 264
141 20220803-11:15:25 45.35 77.9 315 264
142 20220803-11:15:34 45.35 77.9 0 264
143 20220803-11:15:44 45.35 77.9 45 264
144 20220803-11:16:00 45.35 77.9 90 264
145 20220803-11:16:04 45.35 77.9 135 264
146 20220803-11:16:19 45.35 77.9 180 264
147 20220803-11:16:41 44.65 77.9 180 264
148 20220803-11:16:45 44.65 77.9 180 264
149 20220803-11:16:53 44.65 77.9 135 264
150 20220803-11:17:03 44.65 77.9 90 264
151 20220803-11:17:13 44.65 77.9 45 264
152 20220803-11:17:18 44.65 77.9 0 264
153 20220803-11:17:34 44.65 77.9 315 264
154 20220803-11:17:41 44.65 77.9 270 264
155 20220803-11:17:51 44.65 77.9 225 264
156 20220803-11:18:02 44.65 77.9 180 264
157 20220803-11:18:32 43.45 77.9 180 265
158 20220803-11:18:45 43.45 77.9 135 265
159 20220803-11:18:55 43.45 77.9 90 265
160 20220803-11:19:08 43.45 77.9 45 265
161 20220803-11:19:16 43.45 77.9 0 265
162 20220803-11:19:26 43.45 77.9 315 265
163 20220803-11:19:38 43.45 77.9 270 265
164 20220803-11:19:48 43.45 77.9 225 265
165 20220803-11:20:01 43.45 77.9 180 265
166 20220803-11:20:18 42.65 77.9 180 265
167 20220803-11:20:33 42.65 77.9 225 265
168 20220803-11:20:45 42.65 77.9 270 265
169 20220803-11:20:46 42.65 77.9 270 265
170 20220803-11:20:55 42.65 77.9 315 265
171 20220803-11:21:05 42.65 77.9 0 265
172 20220803-11:21:14 42.65 77.9 45 265
173 20220803-11:21:30 42.65 77.9 90 265
174 20220803-11:21:39 42.65 77.9 135 265
175 20220803-11:21:50 42.65 77.9 180 265
176 20220803-11:22:14 41.55 77.9 180 266
177 20220803-11:22:26 41.55 77.9 180 266
178 20220803-11:22:34 41.35 77.9 180 266
179 20220803-11:22:52 41.35 77.9 225 266
180 20220803-11:23:03 41.35 77.9 270 266
181 20220803-11:23:11 41.35 77.9 315 266
182 20220803-11:23:24 41.35 77.9 0 266
183 20220803-11:23:33 41.35 77.9 45 266
184 20220803-11:23:35 41.35 77.9 45 266
185 20220803-11:23:41 41.35 77.9 90 266
186 20220803-11:23:47 41.35 77.9 135 266
187 20220803-11:24:01 41.35 77.9 180 266
188 20220803-11:24:44 40.55 77.9 180 266
189 20220803-11:24:52 40.55 77.9 180 266
190 20220803-11:25:01 40.55 77.9 135 266
191 20220803-11:25:12 40.55 77.9 90 266
192 20220803-11:25:22 40.55 77.9 45 266
193 20220803-11:25:29 40.55 77.9 0 266
194 20220803-11:25:40 40.55 77.9 315 266
195 20220803-11:25:50 40.55 77.9 270 266
196 20220803-11:26:04 40.55 77.9 225 266
197 20220803-11:26:14 40.55 77.9 180 266
198 20220803-11:27:06 39.45 77.9 180 267
199 20220803-11:27:17 39.45 77.9 180 267
200 20220803-11:27:24 39.45 77.9 225 267
201 20220803-11:27:37 39.45 77.9 180 267
202 20220803-11:27:45 39.45 77.9 135 267
203 20220803-11:27:56 39.45 77.9 90 267
204 20220803-11:28:06 39.45 77.9 45 267
205 20220803-11:28:21 39.45 77.9 0 267
206 20220803-11:28:23 39.45 77.9 0 267
207 20220803-11:28:34 39.45 77.9 225 267
208 20220803-11:28:42 39.45 77.9 180 267
209 20220803-11:29:11 38.55 77.9 180 267
210 20220803-11:29:16 38.55 77.9 180 267
211 20220803-11:29:20 38.55 77.9 135 267
212 20220803-11:29:33 38.55 77.9 90 267
213 20220803-11:29:43 38.55 77.9 45 267
214 20220803-11:30:11 38.55 77.9 0 267
215 20220803-11:31:59 38.55 77.9 0 267
