1 20220718-14:37:51 31.0 62.75 270 143
2 20220718-14:38:39 31.0 62.75 270 143
3 20220718-14:38:41 31.0 62.75 270 143
4 20220718-14:38:44 31.0 62.55 270 143
5 20220718-14:38:48 31.0 62.45 270 143
6 20220718-14:38:50 31.0 62.35 270 143
7 20220718-14:38:52 31.0 62.25 270 143
8 20220718-14:38:54 31.0 62.15 270 143
9 20220718-14:38:59 31.0 62.05 270 143
10 20220718-14:39:03 31.0 61.95 270 143
11 20220718-14:39:06 31.0 61.85 270 143
12 20220718-14:39:09 31.0 61.75 270 143
13 20220718-14:39:10 31.0 61.65 270 143
14 20220718-14:39:12 31.0 61.55 270 143
15 20220718-14:39:13 31.0 61.45 270 143
16 20220718-14:39:17 31.0 61.35 270 143
17 20220718-14:39:19 31.0 61.25 270 143
18 20220718-14:39:21 31.0 61.15 270 143
19 20220718-14:39:22 31.0 61.05 270 143
20 20220718-14:39:25 31.0 60.95 270 142
21 20220718-14:39:27 31.0 60.85 270 142
22 20220718-14:39:31 31.0 60.75 270 142
23 20220718-14:39:38 31.0 60.65 270 142
24 20220718-14:39:46 31.0 60.55 270 142
25 20220718-14:39:49 31.0 60.45 270 142
26 20220718-14:39:53 31.0 60.35 270 142
27 20220718-14:39:56 31.0 60.25 270 142
28 20220718-14:39:57 31.0 60.05 270 142
29 20220718-14:39:58 31.0 59.95 270 142
30 20220718-14:39:59 31.0 59.85 270 142
31 20220718-14:40:00 31.0 59.75 270 142
32 20220718-14:40:01 31.0 59.65 270 142
33 20220718-14:40:01 31.0 59.55 270 142
34 20220718-14:40:02 31.0 59.45 270 142
35 20220718-14:40:03 31.0 59.35 270 142
36 20220718-14:40:03 31.0 59.25 270 142
37 20220718-14:40:04 31.0 59.15 270 142
38 20220718-14:40:05 31.0 59.05 270 142
39 20220718-14:40:06 31.0 58.95 270 142
40 20220718-14:40:07 31.0 58.85 270 142
41 20220718-14:40:08 31.0 58.75 270 142
42 20220718-14:40:09 31.0 58.65 270 142
43 20220718-14:40:14 31.0 58.65 270 142
44 20220718-14:40:15 31.0 58.55 270 141
45 20220718-14:40:23 31.0 58.45 270 141
46 20220718-14:40:29 31.0 58.35 270 141
47 20220718-14:40:30 31.0 58.25 270 141
48 20220718-14:40:38 31.0 58.15 270 141
49 20220718-14:40:40 31.0 58.05 270 141
50 20220718-14:40:41 31.0 57.95 270 141
51 20220718-14:40:44 31.0 57.85 270 141
52 20220718-14:40:46 31.0 57.75 270 141
53 20220718-14:40:48 31.0 57.65 270 141
54 20220718-14:40:49 31.0 57.55 270 141
55 20220718-14:40:50 31.0 57.35 270 141
56 20220718-14:40:52 31.0 57.25 270 141
57 20220718-14:40:52 31.0 57.15 270 141
58 20220718-14:40:53 31.0 57.05 270 141
59 20220718-14:40:54 31.0 56.95 270 141
60 20220718-14:40:55 31.0 56.85 270 141
61 20220718-14:40:56 31.0 56.75 270 141
62 20220718-14:40:57 31.0 56.65 270 141
63 20220718-14:40:58 31.0 56.55 270 141
64 20220718-14:40:59 31.0 56.45 270 141
65 20220718-14:41:01 31.0 56.35 270 141
66 20220718-14:41:03 31.0 56.25 270 141
67 20220718-14:41:04 31.0 56.15 270 141
68 20220718-14:41:05 31.0 56.05 270 141
69 20220718-14:41:06 31.0 55.95 270 102
70 20220718-14:41:09 31.0 55.85 270 102
71 20220718-14:41:10 31.0 55.75 270 102
72 20220718-14:41:11 31.0 55.65 270 102
73 20220718-14:41:13 31.0 55.55 270 102
74 20220718-14:41:14 31.0 55.45 270 102
75 20220718-14:41:15 31.0 55.35 270 102
76 20220718-14:41:16 31.0 55.25 270 102
77 20220718-14:41:18 31.0 55.15 270 102
78 20220718-14:41:20 31.0 55.05 270 102
79 20220718-14:41:21 31.0 54.95 270 102
80 20220718-14:41:23 31.0 54.85 270 102
81 20220718-14:41:24 31.0 54.75 270 102
82 20220718-14:41:27 31.0 54.65 270 102
83 20220718-14:41:29 31.0 54.55 270 102
84 20220718-14:41:29 31.0 54.45 270 102
85 20220718-14:41:30 31.0 54.35 270 102
86 20220718-14:41:32 31.0 54.25 270 102
87 20220718-14:41:33 31.0 54.15 270 102
88 20220718-14:41:34 31.0 54.05 270 102
89 20220718-14:41:35 31.0 53.95 270 100
90 20220718-14:41:37 31.0 53.95 270 100
91 20220718-14:41:46 31.0 53.95 270 100
92 20220718-14:41:51 31.0 53.95 315 100
93 20220718-14:41:54 31.0 53.95 315 100
94 20220718-14:42:02 31.0 53.95 315 100
95 20220718-14:42:04 31.0 53.95 315 100
96 20220718-14:42:12 31.3 53.75 315 100
97 20220718-14:42:15 31.5 53.65 315 100
98 20220718-14:42:19 31.7 53.55 315 100
99 20220718-14:42:23 31.8 53.45 315 100
100 20220718-14:42:31 31.9 53.35 315 100
101 20220718-14:42:35 32.0 53.25 315 100
102 20220718-14:42:40 32.2 53.15 315 100
103 20220718-14:42:43 32.5 53.05 315 100
104 20220718-14:42:44 32.6 52.95 315 100
105 20220718-14:42:45 32.7 52.85 315 100
106 20220718-14:42:47 32.8 52.75 315 100
107 20220718-14:42:48 32.9 52.75 315 100
108 20220718-14:42:50 33.0 52.65 315 100
109 20220718-14:42:51 33.1 52.65 315 100
110 20220718-14:42:53 33.2 52.65 315 100
111 20220718-14:43:07 33.2 52.65 0 100
112 20220718-14:43:08 33.2 52.65 0 100
113 20220718-14:43:33 33.2 52.65 0 100
114 20220718-14:44:05 33.1 52.55 0 100
115 20220718-14:44:10 33.0 52.55 0 100
116 20220718-14:44:11 32.9 52.55 0 100
117 20220718-14:44:12 32.8 52.55 0 100
118 20220718-14:44:14 32.7 52.55 0 100
119 20220718-14:44:15 32.5 52.55 0 100
120 20220718-14:44:16 32.4 52.55 0 100
121 20220718-14:44:17 32.3 52.55 0 100
122 20220718-14:44:18 32.2 52.55 0 100
123 20220718-14:44:19 32.1 52.55 0 100
124 20220718-14:44:20 32.0 52.55 0 100
125 20220718-14:44:25 31.9 52.55 0 100
126 20220718-14:44:26 31.8 52.55 0 100
127 20220718-14:44:27 31.7 52.55 0 100
128 20220718-14:44:28 31.7 52.55 0 100
129 20220718-14:44:29 31.6 52.55 0 100
130 20220718-14:44:30 31.5 52.55 0 100
131 20220718-14:44:31 31.4 52.55 0 100
132 20220718-14:44:32 31.3 52.55 0 100
133 20220718-14:44:33 31.2 52.55 0 100
134 20220718-14:44:33 31.1 52.55 0 100
135 20220718-14:44:34 30.9 52.55 0 101
136 20220718-14:44:35 30.7 52.55 0 101
137 20220718-14:44:36 30.6 52.55 0 101
138 20220718-14:44:37 30.5 52.55 0 101
139 20220718-14:44:39 30.4 52.55 0 101
140 20220718-14:44:41 30.3 52.55 0 101
141 20220718-14:44:42 30.2 52.55 0 101
142 20220718-14:44:42 30.1 52.55 0 101
143 20220718-14:44:44 30.0 52.55 0 101
144 20220718-14:44:46 29.9 52.55 0 101
145 20220718-14:44:49 29.9 52.55 0 101
146 20220718-14:44:52 29.8 52.55 0 101
147 20220718-14:44:54 29.7 52.55 0 101
148 20220718-14:44:55 29.7 52.55 0 101
149 20220718-14:44:57 29.6 52.55 0 101
150 20220718-14:45:04 29.5 52.55 0 101
151 20220718-14:45:33 29.7 52.55 0 101
152 20220718-14:45:34 29.9 52.55 0 101
153 20220718-14:45:36 30.1 52.55 0 101
154 20220718-14:45:37 30.3 52.55 0 101
155 20220718-14:45:38 30.5 52.55 0 101
156 20220718-14:45:39 30.7 52.55 0 101
157 20220718-14:45:40 30.9 52.55 0 101
158 20220718-14:45:41 31.1 52.55 0 100
159 20220718-14:45:42 31.3 52.55 0 100
160 20220718-14:45:44 31.5 52.55 0 100
161 20220718-14:45:45 31.6 52.55 0 100
162 20220718-14:45:48 31.7 52.55 0 100
163 20220718-14:45:49 31.9 52.55 0 100
164 20220718-14:45:50 32.1 52.55 0 100
165 20220718-14:45:51 32.3 52.55 0 100
166 20220718-14:45:52 32.5 52.55 0 100
167 20220718-14:45:54 32.7 52.55 0 100
168 20220718-14:45:55 32.9 52.55 0 100
169 20220718-14:45:58 33.0 52.55 0 100
170 20220718-14:46:02 33.1 52.55 0 100
171 20220718-14:46:03 33.2 52.55 0 100
172 20220718-14:46:05 33.2 52.45 0 100
173 20220718-14:46:06 33.2 52.35 0 100
174 20220718-14:46:07 33.3 52.35 0 100
175 20220718-14:46:10 33.4 52.35 0 100
176 20220718-14:46:21 33.4 52.35 315 100
177 20220718-14:46:24 33.4 52.35 315 100
178 20220718-14:46:26 33.4 52.35 315 100
179 20220718-14:46:33 33.4 52.35 270 100
180 20220718-14:46:35 33.4 52.35 270 100
181 20220718-14:46:36 33.4 52.15 270 100
182 20220718-14:46:38 33.4 52.05 270 100
183 20220718-14:46:40 33.4 51.95 270 98
184 20220718-14:46:41 33.4 51.85 270 98
185 20220718-14:46:42 33.4 51.75 270 98
186 20220718-14:47:02 33.4 51.75 225 98
187 20220718-14:47:06 33.4 51.75 225 98
188 20220718-14:47:21 33.2 51.65 180 98
189 20220718-14:47:22 33.0 51.65 180 98
190 20220718-14:47:25 32.8 51.65 180 98
191 20220718-14:47:27 32.6 51.65 180 98
192 20220718-14:47:33 32.4 51.65 180 98
193 20220718-14:47:34 32.2 51.65 180 98
194 20220718-14:47:36 32.1 51.65 180 98
195 20220718-14:47:38 32.0 51.65 180 98
196 20220718-14:47:39 31.9 51.65 180 98
197 20220718-14:47:40 31.8 51.65 180 98
198 20220718-14:47:42 31.6 51.65 180 98
199 20220718-14:47:43 31.5 51.65 180 98
200 20220718-14:47:44 31.4 51.65 180 98
201 20220718-14:47:45 31.3 51.65 180 98
202 20220718-14:47:47 31.2 51.65 180 98
203 20220718-14:47:48 31.1 51.65 180 98
204 20220718-14:47:49 31.0 51.65 180 98
205 20220718-14:47:51 30.9 51.65 180 99
206 20220718-14:47:52 30.8 51.65 180 99
207 20220718-14:47:53 30.7 51.65 180 99
208 20220718-14:47:54 30.6 51.65 180 99
209 20220718-14:47:56 30.5 51.65 180 99
210 20220718-14:47:57 30.4 51.65 180 99
211 20220718-14:47:58 30.3 51.65 180 99
212 20220718-14:47:59 30.2 51.65 180 99
213 20220718-14:48:00 30.1 51.65 180 99
214 20220718-14:48:02 30.0 51.65 180 99
215 20220718-14:48:06 29.9 51.65 180 99
216 20220718-14:48:07 29.8 51.65 180 99
217 20220718-14:48:08 29.7 51.65 180 99
218 20220718-14:48:09 29.6 51.65 180 99
219 20220718-14:48:10 29.5 51.65 180 99
220 20220718-14:48:11 29.4 51.65 180 99
221 20220718-14:48:12 29.3 51.65 180 99
222 20220718-14:48:14 29.2 51.65 180 99
223 20220718-14:48:18 29.1 51.65 180 99
224 20220718-14:48:29 29.1 51.65 135 99
225 20220718-14:48:33 29.1 51.65 135 99
226 20220718-14:48:36 29.1 51.65 90 99
227 20220718-14:48:58 29.1 51.85 90 99
228 20220718-14:48:59 29.1 51.95 90 99
229 20220718-14:49:01 29.1 52.05 90 101
230 20220718-14:49:01 29.1 52.15 90 101
231 20220718-14:49:04 29.1 52.25 90 101
232 20220718-14:49:06 29.1 52.35 90 101
233 20220718-14:49:09 29.1 52.45 90 101
234 20220718-14:49:10 29.1 52.55 90 101
235 20220718-14:49:13 29.1 52.65 90 101
236 20220718-14:49:29 29.1 52.65 135 101
237 20220718-14:49:33 29.1 52.65 135 101
238 20220718-14:49:35 29.1 52.65 180 101
239 20220718-14:49:39 29.1 52.65 180 101
240 20220718-14:50:02 29.1 52.65 180 101
241 20220718-14:50:22 29.1 52.65 225 101
242 20220718-14:50:26 29.1 52.65 225 101
243 20220718-14:50:29 29.1 52.65 225 101
244 20220718-14:50:33 29.1 52.65 270 101
245 20220718-14:50:34 29.1 52.65 270 101
246 20220718-14:50:36 29.1 52.45 270 101
247 20220718-14:50:39 29.1 52.35 270 101
248 20220718-14:50:40 29.1 52.25 270 101
249 20220718-14:50:43 29.1 52.15 270 101
250 20220718-14:50:45 29.1 52.05 270 101
251 20220718-14:50:46 29.1 51.95 270 99
252 20220718-14:50:47 29.1 51.85 270 99
253 20220718-14:51:08 29.1 51.85 315 99
254 20220718-14:51:10 29.1 51.85 315 99
255 20220718-14:51:15 29.1 51.85 315 99
256 20220718-14:51:17 29.1 51.85 315 99
257 20220718-14:51:19 29.1 51.85 315 99
258 20220718-14:51:23 29.1 51.85 0 99
259 20220718-14:51:31 29.4 51.75 0 99
260 20220718-14:51:34 29.5 51.75 0 99
261 20220718-14:51:36 29.6 51.75 0 99
262 20220718-14:51:37 29.7 51.75 0 99
263 20220718-14:51:38 29.8 51.75 0 99
264 20220718-14:51:39 29.9 51.75 0 99
265 20220718-14:51:41 30.0 51.75 0 99
266 20220718-14:51:43 30.1 51.75 0 99
267 20220718-14:51:44 30.2 51.75 0 99
268 20220718-14:51:45 30.3 51.75 0 99
269 20220718-14:51:46 30.4 51.75 0 99
270 20220718-14:51:49 30.5 51.75 0 99
271 20220718-14:51:51 30.6 51.75 0 99
272 20220718-14:51:52 30.7 51.75 0 99
273 20220718-14:51:54 30.8 51.75 0 99
274 20220718-14:51:55 30.9 51.75 0 99
275 20220718-14:51:56 31.0 51.75 0 98
276 20220718-14:52:01 31.1 51.75 0 98
277 20220718-14:52:03 31.2 51.75 0 98
278 20220718-14:52:05 31.3 51.75 0 98
279 20220718-14:52:06 31.4 51.75 0 98
280 20220718-14:52:07 31.5 51.75 0 98
281 20220718-14:52:08 31.6 51.75 0 98
282 20220718-14:52:09 31.7 51.75 0 98
283 20220718-14:52:10 31.8 51.75 0 98
284 20220718-14:52:10 31.9 51.75 0 98
285 20220718-14:52:11 32.0 51.75 0 98
286 20220718-14:52:12 32.1 51.75 0 98
287 20220718-14:52:12 32.2 51.75 0 98
288 20220718-14:52:13 32.3 51.75 0 98
289 20220718-14:52:13 32.4 51.75 0 98
290 20220718-14:52:14 32.5 51.75 0 98
291 20220718-14:52:14 32.6 51.75 0 98
292 20220718-14:52:15 32.7 51.75 0 98
293 20220718-14:52:16 32.8 51.75 0 98
294 20220718-14:52:17 32.9 51.75 0 98
295 20220718-14:52:18 33.0 51.75 0 98
296 20220718-14:52:19 33.1 51.75 0 98
297 20220718-14:52:20 33.2 51.75 0 98
298 20220718-14:52:22 33.3 51.75 0 98
299 20220718-14:52:32 33.3 51.75 315 98
300 20220718-14:52:34 33.3 51.75 315 98
301 20220718-14:52:36 33.3 51.75 315 98
302 20220718-14:52:38 33.3 51.75 315 98
303 20220718-14:52:43 33.3 51.75 270 98
304 20220718-14:52:49 33.3 51.65 270 98
305 20220718-14:52:50 33.3 51.55 270 98
306 20220718-14:52:51 33.3 51.45 270 98
307 20220718-14:52:53 33.3 51.25 270 98
308 20220718-14:52:54 33.3 51.15 270 98
309 20220718-14:52:55 33.3 51.05 270 98
310 20220718-14:52:56 33.3 50.95 270 98
311 20220718-14:52:58 33.3 50.85 270 98
312 20220718-14:52:59 33.3 50.75 270 98
313 20220718-14:53:00 33.3 50.65 270 98
314 20220718-14:53:01 33.3 50.55 270 98
315 20220718-14:53:02 33.3 50.45 270 98
316 20220718-14:53:03 33.3 50.35 270 98
317 20220718-14:53:04 33.3 50.25 270 98
318 20220718-14:53:05 33.3 50.15 270 98
319 20220718-14:53:06 33.3 50.05 270 98
320 20220718-14:53:07 33.3 49.95 270 96
321 20220718-14:53:13 33.3 49.85 270 96
322 20220718-14:53:20 33.3 49.85 225 96
323 20220718-14:53:21 33.3 49.85 225 96
324 20220718-14:53:23 33.3 49.85 225 96
325 20220718-14:53:24 33.3 49.85 225 96
326 20220718-14:53:27 33.3 49.85 180 96
327 20220718-14:54:02 33.3 50.35 180 98
328 20220718-14:54:04 33.3 50.45 180 98
329 20220718-14:54:06 33.2 50.45 180 98
330 20220718-14:54:07 33.1 50.45 180 98
331 20220718-14:54:08 33.0 50.45 180 98
332 20220718-14:54:09 32.9 50.45 180 98
333 20220718-14:54:11 32.8 50.45 180 98
334 20220718-14:54:13 32.7 50.45 180 98
335 20220718-14:54:13 32.6 50.45 180 98
336 20220718-14:54:15 32.5 50.45 180 98
337 20220718-14:54:16 32.4 50.45 180 98
338 20220718-14:54:17 32.3 50.45 180 98
339 20220718-14:54:18 32.2 50.45 180 98
340 20220718-14:54:19 32.1 50.45 180 98
341 20220718-14:54:20 32.0 50.45 180 98
342 20220718-14:54:21 31.9 50.45 180 98
343 20220718-14:54:21 31.8 50.45 180 98
344 20220718-14:54:22 31.7 50.45 180 98
345 20220718-14:54:23 31.6 50.45 180 98
346 20220718-14:54:23 31.5 50.45 180 98
347 20220718-14:54:24 31.4 50.45 180 98
348 20220718-14:54:25 31.3 50.45 180 98
349 20220718-14:54:25 31.2 50.45 180 98
350 20220718-14:54:26 31.1 50.45 180 98
351 20220718-14:54:28 31.0 50.45 180 98
352 20220718-14:54:29 30.9 50.45 180 99
353 20220718-14:54:34 30.8 50.45 180 99
354 20220718-14:54:48 30.8 50.45 225 99
355 20220718-14:54:51 30.8 50.45 225 99
356 20220718-14:54:55 30.8 50.45 225 99
357 20220718-14:55:03 30.8 50.45 270 99
358 20220718-14:55:06 30.8 50.45 270 99
359 20220718-14:55:12 30.8 50.25 270 99
360 20220718-14:55:14 30.8 50.15 270 99
361 20220718-14:55:15 30.8 50.05 270 99
362 20220718-14:55:17 30.8 49.95 270 97
363 20220718-14:55:21 30.8 49.85 270 97
364 20220718-14:55:25 30.8 49.75 270 97
365 20220718-14:55:28 30.8 49.65 270 97
366 20220718-14:55:35 30.8 49.65 315 97
367 20220718-14:55:39 30.8 49.65 315 97
368 20220718-14:55:44 30.8 49.65 315 97
369 20220718-14:55:58 30.8 49.65 315 97
370 20220718-14:56:01 30.8 49.65 315 97
371 20220718-14:56:02 30.8 49.65 315 97
372 20220718-14:56:04 30.8 49.65 315 97
373 20220718-14:56:06 30.8 49.65 0 97
374 20220718-14:56:09 31.0 49.65 0 96
375 20220718-14:56:14 31.1 49.65 0 96
376 20220718-14:56:18 31.2 49.65 0 96
377 20220718-14:56:20 31.3 49.65 0 96
378 20220718-14:56:22 31.4 49.65 0 96
379 20220718-14:56:23 31.5 49.65 0 96
380 20220718-14:56:24 31.6 49.65 0 96
381 20220718-14:56:25 31.7 49.65 0 96
382 20220718-14:56:26 31.8 49.65 0 96
383 20220718-14:56:26 31.9 49.65 0 96
384 20220718-14:56:27 32.0 49.65 0 96
385 20220718-14:56:28 32.1 49.65 0 96
386 20220718-14:56:29 32.2 49.65 0 96
387 20220718-14:56:29 32.3 49.65 0 96
388 20220718-14:56:30 32.4 49.65 0 96
389 20220718-14:56:31 32.5 49.65 0 96
390 20220718-14:56:31 32.6 49.65 0 96
391 20220718-14:56:32 32.7 49.65 0 96
392 20220718-14:56:33 32.8 49.65 0 96
393 20220718-14:56:33 32.9 49.65 0 96
394 20220718-14:56:34 33.0 49.65 0 96
395 20220718-14:56:35 33.1 49.65 0 96
396 20220718-14:56:38 33.2 49.65 0 96
397 20220718-14:56:43 33.3 49.65 0 96
398 20220718-14:56:51 33.3 49.65 315 96
399 20220718-14:56:56 33.3 49.65 315 96
400 20220718-14:56:58 33.3 49.65 315 96
401 20220718-14:57:00 33.3 49.65 315 96
402 20220718-14:57:03 33.3 49.65 270 96
403 20220718-14:57:09 33.3 49.55 270 96
404 20220718-14:57:11 33.3 49.45 270 96
405 20220718-14:57:12 33.3 49.35 270 96
406 20220718-14:57:13 33.3 49.25 270 96
407 20220718-14:57:15 33.3 49.15 270 96
408 20220718-14:57:16 33.3 49.05 270 96
409 20220718-14:57:17 33.3 48.95 270 96
410 20220718-14:57:19 33.3 48.85 270 96
411 20220718-14:57:21 33.3 48.75 270 96
412 20220718-14:57:22 33.3 48.65 270 96
413 20220718-14:57:24 33.3 48.55 270 96
414 20220718-14:57:25 33.3 48.45 270 96
415 20220718-14:57:26 33.3 48.35 270 96
416 20220718-14:57:27 33.3 48.25 270 96
417 20220718-14:57:29 33.3 48.15 270 96
418 20220718-14:57:30 33.3 48.05 270 96
419 20220718-14:57:31 33.3 47.95 270 94
420 20220718-14:57:32 33.3 47.85 270 94
421 20220718-14:57:35 33.3 47.75 270 94
422 20220718-14:57:36 33.3 47.65 270 94
423 20220718-14:57:40 33.3 47.55 270 94
424 20220718-14:57:59 33.3 47.55 315 94
425 20220718-14:58:03 33.3 47.55 225 94
426 20220718-14:58:04 33.3 47.55 180 94
427 20220718-14:58:17 33.2 47.55 180 94
428 20220718-14:58:18 33.1 47.55 180 94
429 20220718-14:58:20 33.0 47.55 180 94
430 20220718-14:58:21 32.9 47.55 180 94
431 20220718-14:58:23 32.8 47.55 180 94
432 20220718-14:58:24 32.7 47.55 180 94
433 20220718-14:58:26 32.6 47.55 180 94
434 20220718-14:58:28 32.5 47.55 180 94
435 20220718-14:58:29 32.4 47.55 180 94
436 20220718-14:58:30 32.3 47.55 180 94
437 20220718-14:58:31 32.2 47.55 180 94
438 20220718-14:58:32 32.1 47.55 180 94
439 20220718-14:58:33 32.0 47.55 180 94
440 20220718-14:58:34 31.9 47.55 180 94
441 20220718-14:58:35 31.8 47.55 180 94
442 20220718-14:58:37 31.7 47.55 180 94
443 20220718-14:58:38 31.6 47.55 180 94
444 20220718-14:58:39 31.5 47.55 180 94
445 20220718-14:58:43 31.4 47.55 180 94
446 20220718-14:58:46 31.3 47.55 180 94
447 20220718-14:58:47 31.2 47.55 180 94
448 20220718-14:58:48 31.1 47.55 180 94
449 20220718-14:58:50 31.0 47.55 180 94
450 20220718-14:58:51 30.9 47.55 180 95
451 20220718-14:58:52 30.8 47.55 180 95
452 20220718-14:58:53 30.7 47.55 180 95
453 20220718-14:58:55 30.6 47.55 180 95
454 20220718-14:58:56 30.5 47.55 180 95
455 20220718-14:58:58 30.4 47.55 180 95
456 20220718-14:58:59 30.3 47.55 180 95
457 20220718-14:59:00 30.2 47.55 180 95
458 20220718-14:59:01 30.1 47.55 180 95
459 20220718-14:59:02 30.0 47.55 180 95
460 20220718-14:59:02 30.0 47.55 180 95
461 20220718-14:59:03 29.9 47.55 180 95
462 20220718-14:59:05 29.8 47.55 180 95
463 20220718-14:59:07 29.6 47.55 180 95
464 20220718-14:59:08 29.5 47.55 180 95
465 20220718-14:59:10 29.5 47.55 180 95
466 20220718-14:59:11 29.4 47.55 180 95
467 20220718-14:59:25 29.4 47.55 225 95
468 20220718-14:59:30 29.4 47.55 225 95
469 20220718-14:59:32 29.4 47.55 270 95
470 20220718-14:59:36 29.4 47.55 270 95
471 20220718-14:59:41 29.4 47.35 270 95
472 20220718-14:59:44 29.4 47.25 270 95
473 20220718-14:59:49 29.4 47.15 270 95
474 20220718-14:59:50 29.4 47.05 270 95
475 20220718-14:59:52 29.4 46.95 270 95
476 20220718-14:59:54 29.4 46.85 270 95
477 20220718-14:59:56 29.4 46.75 270 95
478 20220718-14:59:58 29.4 46.65 270 95
479 20220718-14:59:59 29.4 46.55 270 95
480 20220718-15:00:01 29.4 46.45 270 95
481 20220718-15:00:02 29.4 46.25 270 95
482 20220718-15:00:03 29.4 46.05 270 95
483 20220718-15:00:04 29.4 45.95 270 92
484 20220718-15:00:05 29.4 45.85 270 92
485 20220718-15:00:05 29.4 45.65 270 92
486 20220718-15:00:07 29.4 45.45 270 92
487 20220718-15:00:08 29.4 45.35 270 92
488 20220718-15:00:09 29.4 45.25 270 92
489 20220718-15:00:10 29.4 45.15 270 92
490 20220718-15:00:11 29.4 45.05 270 92
491 20220718-15:00:13 29.4 44.95 270 92
492 20220718-15:00:16 29.4 44.95 315 92
493 20220718-15:00:25 29.4 44.95 0 92
494 20220718-15:00:28 29.5 44.95 0 92
495 20220718-15:00:29 29.5 44.95 0 92
496 20220718-15:00:30 29.6 44.95 0 92
497 20220718-15:00:32 29.7 44.95 0 92
498 20220718-15:00:33 29.8 44.95 0 92
499 20220718-15:00:36 29.9 44.95 0 92
500 20220718-15:00:37 30.0 44.95 0 92
501 20220718-15:00:38 30.1 44.95 0 92
502 20220718-15:00:39 30.2 44.95 0 92
503 20220718-15:00:40 30.3 44.95 0 92
504 20220718-15:00:42 30.4 44.95 0 92
505 20220718-15:00:43 30.5 44.95 0 92
506 20220718-15:00:46 30.6 44.95 0 92
507 20220718-15:00:49 30.7 44.95 0 92
508 20220718-15:00:50 30.8 44.95 0 92
509 20220718-15:00:52 30.9 44.95 0 92
510 20220718-15:00:53 31.0 44.95 0 93
511 20220718-15:00:55 31.1 44.95 0 93
512 20220718-15:00:57 31.2 44.95 0 93
513 20220718-15:00:58 31.3 44.95 0 93
514 20220718-15:01:00 31.4 45.05 0 93
515 20220718-15:01:02 31.5 45.15 0 93
516 20220718-15:01:03 31.6 45.15 0 93
517 20220718-15:01:05 31.7 45.15 0 93
518 20220718-15:01:06 31.8 45.15 0 93
519 20220718-15:01:07 31.9 45.15 0 93
520 20220718-15:01:08 32.0 45.15 0 93
521 20220718-15:01:10 32.1 45.15 0 93
522 20220718-15:01:12 32.2 45.15 0 93
523 20220718-15:01:13 32.3 45.15 0 93
524 20220718-15:01:16 32.4 45.15 0 93
525 20220718-15:01:17 32.3 45.15 0 93
526 20220718-15:01:22 32.3 45.15 315 93
527 20220718-15:01:25 32.3 45.15 315 93
528 20220718-15:01:27 32.3 45.15 315 93
529 20220718-15:01:29 32.3 45.15 270 93
530 20220718-15:01:32 32.3 45.05 270 93
531 20220718-15:01:35 32.3 44.95 270 93
532 20220718-15:01:36 32.3 44.85 270 93
533 20220718-15:01:37 32.3 44.75 270 93
534 20220718-15:01:39 32.3 44.65 270 93
535 20220718-15:01:40 32.3 44.55 270 93
536 20220718-15:01:41 32.3 44.45 270 93
537 20220718-15:01:43 32.3 44.35 270 93
538 20220718-15:01:45 32.3 44.25 270 93
539 20220718-15:01:46 32.3 44.15 270 93
540 20220718-15:01:48 32.3 44.05 270 93
541 20220718-15:01:49 32.3 43.95 270 66
542 20220718-15:01:54 32.3 43.95 225 66
543 20220718-15:01:57 32.2 43.85 225 66
544 20220718-15:01:58 32.1 43.75 225 66
545 20220718-15:02:00 32.0 43.65 225 66
546 20220718-15:02:01 31.9 43.55 225 66
547 20220718-15:02:01 31.9 43.45 225 66
548 20220718-15:02:03 31.9 43.35 225 66
549 20220718-15:02:06 31.8 43.25 225 66
550 20220718-15:02:07 31.7 43.15 225 66
551 20220718-15:02:08 31.6 43.05 225 66
552 20220718-15:02:09 31.5 42.95 225 66
553 20220718-15:02:10 31.4 42.85 225 66
554 20220718-15:02:11 31.3 42.75 225 66
555 20220718-15:02:18 31.3 42.75 225 66
556 20220718-15:02:20 31.3 42.75 180 66
557 20220718-15:02:28 31.2 42.75 180 66
558 20220718-15:02:30 31.1 42.75 180 66
559 20220718-15:02:32 31.0 42.75 180 66
560 20220718-15:02:33 30.9 42.75 180 67
561 20220718-15:02:36 30.8 42.75 180 67
562 20220718-15:02:38 30.7 42.75 180 67
563 20220718-15:02:41 30.6 42.75 180 67
564 20220718-15:03:13 30.6 42.75 135 67
565 20220718-15:03:16 30.6 42.75 90 67
566 20220718-15:03:22 30.6 42.75 45 67
567 20220718-15:03:24 30.6 42.75 0 67
568 20220718-15:03:29 30.7 42.75 0 67
569 20220718-15:03:30 30.8 42.75 0 67
570 20220718-15:03:31 30.9 42.75 0 67
571 20220718-15:03:33 31.0 42.75 0 66
572 20220718-15:03:35 31.1 42.75 0 66
573 20220718-15:03:36 31.2 42.75 0 66
574 20220718-15:03:38 31.3 42.75 0 66
575 20220718-15:03:41 31.4 42.75 0 66
576 20220718-15:03:43 31.5 42.75 0 66
577 20220718-15:03:45 31.6 42.75 0 66
578 20220718-15:03:46 31.7 42.85 0 66
579 20220718-15:03:48 31.8 42.85 0 66
580 20220718-15:03:49 31.9 42.95 0 66
581 20220718-15:03:50 32.0 42.95 0 66
582 20220718-15:03:52 32.1 42.95 0 66
583 20220718-15:03:53 32.2 42.95 0 66
584 20220718-15:03:59 32.2 42.95 0 66
585 20220718-15:04:04 32.2 42.95 45 66
586 20220718-15:04:07 32.2 42.95 45 66
587 20220718-15:04:20 32.3 43.15 45 66
588 20220718-15:04:23 32.3 43.15 90 66
589 20220718-15:04:24 32.3 43.15 90 66
590 20220718-15:04:27 32.2 43.35 90 66
591 20220718-15:04:28 32.2 43.45 90 66
592 20220718-15:04:31 32.2 43.55 90 66
593 20220718-15:04:32 32.2 43.65 90 66
594 20220718-15:04:33 32.2 43.75 90 66
595 20220718-15:04:36 32.2 43.85 90 66
596 20220718-15:04:46 32.2 43.95 90 66
597 20220718-15:04:48 32.2 44.05 90 93
598 20220718-15:04:49 32.2 44.15 90 93
599 20220718-15:04:53 32.2 44.25 90 93
600 20220718-15:04:55 32.2 44.35 90 93
601 20220718-15:04:56 32.2 44.45 90 93
602 20220718-15:04:57 32.2 44.55 90 93
603 20220718-15:04:59 32.2 44.65 90 93
604 20220718-15:05:00 32.2 44.75 90 93
605 20220718-15:05:00 32.2 44.85 90 93
606 20220718-15:05:01 32.2 44.95 90 93
607 20220718-15:05:02 32.2 45.05 90 93
608 20220718-15:05:02 32.2 45.15 90 93
609 20220718-15:05:03 32.2 45.25 90 93
610 20220718-15:05:04 32.2 45.35 90 93
611 20220718-15:05:06 32.2 45.45 90 93
612 20220718-15:05:08 32.2 45.55 90 93
613 20220718-15:05:17 32.1 45.65 90 93
614 20220718-15:05:17 32.1 45.75 90 93
615 20220718-15:05:18 32.1 45.85 90 93
616 20220718-15:05:19 32.1 45.95 90 93
617 20220718-15:05:20 32.1 46.05 90 94
618 20220718-15:05:21 32.1 46.15 90 94
619 20220718-15:05:22 32.1 46.25 90 94
620 20220718-15:05:23 32.1 46.35 90 94
621 20220718-15:05:24 32.1 46.45 90 94
622 20220718-15:05:25 32.1 46.55 90 94
623 20220718-15:05:31 32.1 46.65 90 94
624 20220718-15:05:34 32.1 46.65 135 94
625 20220718-15:05:36 32.1 46.65 135 94
626 20220718-15:05:40 32.1 46.65 180 94
627 20220718-15:05:42 32.0 46.65 180 94
628 20220718-15:05:43 31.9 46.65 180 94
629 20220718-15:05:45 31.8 46.65 180 94
630 20220718-15:05:49 31.6 46.75 180 94
631 20220718-15:05:51 31.5 46.85 180 94
632 20220718-15:05:52 31.4 46.85 180 94
633 20220718-15:05:52 31.3 46.85 180 94
634 20220718-15:05:53 31.2 46.85 180 94
635 20220718-15:05:54 31.1 46.85 180 94
636 20220718-15:05:54 31.0 46.85 180 94
637 20220718-15:05:55 30.9 46.85 180 95
638 20220718-15:05:56 30.8 46.85 180 95
639 20220718-15:05:58 30.7 46.85 180 95
640 20220718-15:05:59 30.6 46.85 180 95
641 20220718-15:06:00 30.5 46.85 180 95
642 20220718-15:06:01 30.4 46.85 180 95
643 20220718-15:06:02 30.3 46.85 180 95
644 20220718-15:06:03 30.2 46.85 180 95
645 20220718-15:06:04 30.1 46.85 180 95
646 20220718-15:06:05 30.0 46.85 180 95
647 20220718-15:06:06 29.9 46.85 180 95
648 20220718-15:06:07 29.8 46.85 180 95
649 20220718-15:06:09 29.7 46.85 180 95
650 20220718-15:06:10 29.6 46.85 180 95
651 20220718-15:06:12 29.5 46.85 180 95
652 20220718-15:06:13 29.4 46.85 180 95
653 20220718-15:06:21 29.3 46.85 180 95
654 20220718-15:06:45 29.3 46.85 225 95
655 20220718-15:06:49 29.3 46.85 225 95
656 20220718-15:06:51 29.3 46.85 225 95
657 20220718-15:06:52 29.3 46.85 225 95
658 20220718-15:06:54 29.3 46.85 225 95
659 20220718-15:06:55 29.3 46.85 270 95
660 20220718-15:06:58 29.3 46.85 270 95
661 20220718-15:07:02 29.3 46.85 315 95
662 20220718-15:07:03 29.3 46.85 315 95
663 20220718-15:07:03 29.3 46.85 315 95
664 20220718-15:07:05 29.3 46.85 0 95
665 20220718-15:07:07 29.3 46.85 0 95
666 20220718-15:07:09 29.3 46.85 45 95
667 20220718-15:07:10 29.3 46.85 45 95
668 20220718-15:07:13 29.3 46.85 90 95
669 20220718-15:07:24 29.3 46.85 90 95
670 20220718-15:07:34 29.3 46.85 90 95
671 20220718-15:07:36 29.3 46.85 135 95
672 20220718-15:07:40 29.3 46.85 180 95
673 20220718-15:07:51 29.3 46.85 180 95
674 20220718-15:07:52 29.3 46.85 180 95
675 20220718-15:08:10 29.3 46.85 135 95
676 20220718-15:08:15 29.3 46.85 135 95
677 20220718-15:08:18 29.3 46.85 90 95
678 20220718-15:08:22 29.3 46.95 90 95
679 20220718-15:08:24 29.3 47.05 90 95
680 20220718-15:08:25 29.3 47.15 90 95
681 20220718-15:08:26 29.3 47.25 90 95
682 20220718-15:08:27 29.3 47.35 90 95
683 20220718-15:08:29 29.3 47.45 90 95
684 20220718-15:08:30 29.3 47.55 90 95
685 20220718-15:08:32 29.3 47.75 90 95
686 20220718-15:08:33 29.3 47.85 90 95
687 20220718-15:08:34 29.3 47.95 90 95
688 20220718-15:08:34 29.3 48.05 90 97
689 20220718-15:08:35 29.3 48.15 90 97
690 20220718-15:08:36 29.3 48.25 90 97
691 20220718-15:08:36 29.3 48.35 90 97
692 20220718-15:08:37 29.3 48.45 90 97
693 20220718-15:08:38 29.3 48.55 90 97
694 20220718-15:08:40 29.3 48.65 90 97
695 20220718-15:08:41 29.3 48.75 90 97
696 20220718-15:08:42 29.3 48.85 90 97
697 20220718-15:08:43 29.3 48.95 90 97
698 20220718-15:08:44 29.3 49.05 90 97
699 20220718-15:08:45 29.2 49.05 90 97
700 20220718-15:08:46 29.2 49.15 90 97
701 20220718-15:08:47 29.2 49.25 90 97
702 20220718-15:08:49 29.2 49.35 90 97
703 20220718-15:08:53 29.2 49.45 90 97
704 20220718-15:08:57 29.2 49.45 90 97
705 20220718-15:08:58 29.2 49.55 90 97
706 20220718-15:08:59 29.2 49.65 90 97
707 20220718-15:09:01 29.2 49.75 90 97
708 20220718-15:09:02 29.2 49.85 90 97
709 20220718-15:09:03 29.2 49.95 90 97
710 20220718-15:09:04 29.2 50.05 90 99
711 20220718-15:09:08 29.1 50.15 90 99
712 20220718-15:09:09 29.1 50.25 90 99
713 20220718-15:09:11 29.1 50.35 90 99
714 20220718-15:09:12 29.1 50.45 90 99
715 20220718-15:09:13 29.1 50.55 90 99
716 20220718-15:09:14 29.1 50.65 90 99
717 20220718-15:09:15 29.1 50.75 90 99
718 20220718-15:09:16 29.1 50.85 90 99
719 20220718-15:09:19 29.1 50.95 90 99
720 20220718-15:09:20 29.1 51.05 90 99
721 20220718-15:09:20 29.1 51.15 90 99
722 20220718-15:09:22 29.1 51.25 90 99
723 20220718-15:09:24 29.1 51.35 90 99
724 20220718-15:09:25 29.1 51.45 90 99
725 20220718-15:09:26 29.1 51.55 90 99
726 20220718-15:09:29 29.1 51.65 90 99
727 20220718-15:09:36 29.1 51.75 90 99
728 20220718-15:09:50 29.1 51.85 90 99
729 20220718-15:09:55 29.1 51.95 90 99
730 20220718-15:09:57 29.1 52.05 90 101
731 20220718-15:10:00 29.1 52.15 90 101
732 20220718-15:10:11 29.1 52.15 45 101
733 20220718-15:10:15 29.1 52.15 45 101
734 20220718-15:10:18 29.1 52.15 45 101
735 20220718-15:10:19 29.1 52.15 45 101
736 20220718-15:10:21 29.1 52.15 45 101
737 20220718-15:10:25 29.1 52.15 45 101
738 20220718-15:10:31 29.2 52.25 45 101
739 20220718-15:10:43 29.4 52.25 45 101
740 20220718-15:10:45 29.5 52.15 45 101
741 20220718-15:10:46 29.6 52.25 45 101
742 20220718-15:10:48 29.7 52.35 45 101
743 20220718-15:10:57 29.8 52.45 45 101
744 20220718-15:11:01 30.0 52.45 45 101
745 20220718-15:11:04 30.1 52.45 45 101
746 20220718-15:11:06 30.2 52.45 45 101
747 20220718-15:11:08 30.2 52.55 45 101
748 20220718-15:11:10 30.3 52.65 45 101
749 20220718-15:11:11 30.4 52.75 45 101
750 20220718-15:11:12 30.5 52.75 45 101
751 20220718-15:11:13 30.6 52.85 45 101
752 20220718-15:11:15 30.7 52.95 45 101
753 20220718-15:11:16 30.8 53.05 45 101
754 20220718-15:11:17 30.9 53.15 45 101
755 20220718-15:11:19 31.0 53.25 45 100
756 20220718-15:11:24 31.0 53.25 0 100
757 20220718-15:11:29 31.1 53.15 0 100
758 20220718-15:11:35 31.1 53.15 0 100
759 20220718-15:11:36 31.2 53.05 0 100
760 20220718-15:11:38 31.4 53.05 0 100
761 20220718-15:11:39 31.6 52.95 0 100
762 20220718-15:11:40 31.8 52.95 0 100
763 20220718-15:11:41 32.0 52.95 0 100
764 20220718-15:11:42 32.2 52.95 0 100
765 20220718-15:11:44 32.4 52.95 0 100
766 20220718-15:11:45 32.5 52.95 0 100
767 20220718-15:11:46 32.6 52.95 0 100
768 20220718-15:11:47 32.7 52.95 0 100
769 20220718-15:11:48 32.8 52.95 0 100
770 20220718-15:11:49 32.9 52.95 0 100
771 20220718-15:11:51 33.0 52.95 0 100
772 20220718-15:11:54 33.1 52.95 0 100
773 20220718-15:11:56 33.2 52.95 0 100
774 20220718-15:11:58 33.2 52.95 0 100
775 20220718-15:12:00 33.3 52.95 0 100
776 20220718-15:12:20 33.3 52.95 45 100
777 20220718-15:12:23 33.3 52.95 45 100
778 20220718-15:12:26 33.3 52.95 45 100
779 20220718-15:12:32 33.3 52.95 90 100
780 20220718-15:12:51 33.3 52.95 135 100
781 20220718-15:13:00 33.0 52.95 135 100
782 20220718-15:13:02 32.9 52.85 135 100
783 20220718-15:13:04 32.7 52.95 135 100
784 20220718-15:13:08 32.7 52.95 135 100
785 20220718-15:13:17 32.5 53.05 135 100
786 20220718-15:13:19 32.4 53.15 135 100
787 20220718-15:13:21 32.2 53.25 135 100
788 20220718-15:13:23 32.0 53.35 135 100
789 20220718-15:13:26 31.8 53.45 135 100
790 20220718-15:13:28 31.7 53.55 135 100
791 20220718-15:13:36 31.7 53.55 135 100
792 20220718-15:13:41 31.7 53.55 90 100
793 20220718-15:13:44 31.7 53.75 90 100
794 20220718-15:13:47 31.7 53.95 90 100
795 20220718-15:13:51 31.7 54.05 90 102
796 20220718-15:13:55 31.7 54.15 90 102
797 20220718-15:13:56 31.7 54.25 90 102
798 20220718-15:14:00 31.7 54.35 90 102
799 20220718-15:14:02 31.7 54.45 90 102
800 20220718-15:14:15 31.7 54.55 90 102
801 20220718-15:14:21 31.7 54.65 90 102
802 20220718-15:14:22 31.7 54.75 90 102
803 20220718-15:14:26 31.7 54.85 90 102
804 20220718-15:14:29 31.7 54.85 45 102
805 20220718-15:14:32 31.7 54.85 45 102
806 20220718-15:14:34 31.7 54.85 45 102
807 20220718-15:14:36 31.7 54.85 45 102
808 20220718-15:14:40 31.7 54.85 0 102
809 20220718-15:14:42 31.7 54.85 0 102
810 20220718-15:14:44 31.7 54.85 0 102
811 20220718-15:14:56 31.7 54.85 45 102
812 20220718-15:15:03 31.7 54.85 45 102
813 20220718-15:15:07 31.7 54.85 90 102
814 20220718-15:15:20 31.7 54.85 135 102
815 20220718-15:15:26 31.7 54.85 135 102
816 20220718-15:15:33 31.7 54.85 135 102
817 20220718-15:15:35 31.7 54.85 135 102
818 20220718-15:15:45 31.7 54.85 180 102
819 20220718-15:15:48 31.6 54.85 180 102
820 20220718-15:15:51 31.6 54.85 180 102
821 20220718-15:15:53 31.5 54.85 180 102
822 20220718-15:15:58 31.4 54.85 180 102
823 20220718-15:16:00 31.3 54.85 180 102
824 20220718-15:16:01 31.2 54.85 180 102
825 20220718-15:16:03 31.1 54.85 180 102
826 20220718-15:16:04 31.0 54.85 180 102
827 20220718-15:16:07 30.9 54.85 180 103
828 20220718-15:16:10 30.8 54.85 180 103
829 20220718-15:16:12 30.7 54.85 180 103
830 20220718-15:16:13 30.6 54.85 180 103
831 20220718-15:16:14 30.5 54.85 180 103
832 20220718-15:16:16 30.4 54.85 180 103
833 20220718-15:16:20 30.3 54.85 180 103
834 20220718-15:16:23 30.2 54.85 180 103
835 20220718-15:16:25 30.1 54.85 180 103
836 20220718-15:16:28 30.0 54.85 180 103
837 20220718-15:16:30 29.9 54.95 180 103
838 20220718-15:16:35 29.8 54.95 180 103
839 20220718-15:16:37 29.7 54.95 180 103
840 20220718-15:16:38 29.6 54.95 180 103
841 20220718-15:16:40 29.5 54.95 180 103
842 20220718-15:16:41 29.4 54.95 180 103
843 20220718-15:16:43 29.3 54.95 180 103
844 20220718-15:16:44 29.2 54.95 180 103
845 20220718-15:16:46 29.1 54.95 180 103
846 20220718-15:16:47 29.0 54.95 180 103
847 20220718-15:16:48 28.9 54.95 180 104
848 20220718-15:16:50 28.8 54.95 180 104
849 20220718-15:16:51 28.7 54.95 180 104
850 20220718-15:16:52 28.6 54.95 180 104
851 20220718-15:16:54 28.5 54.95 180 104
852 20220718-15:16:55 28.4 54.95 180 104
853 20220718-15:16:57 28.3 54.95 180 104
854 20220718-15:16:58 28.2 54.95 180 104
855 20220718-15:16:59 28.1 54.95 180 104
856 20220718-15:17:01 28.0 54.95 180 104
857 20220718-15:17:02 27.9 54.95 180 104
858 20220718-15:17:03 27.8 54.95 180 104
859 20220718-15:17:04 27.7 54.95 180 104
860 20220718-15:17:05 27.6 54.95 180 104
861 20220718-15:17:06 27.5 54.95 180 104
862 20220718-15:17:07 27.4 54.95 180 104
863 20220718-15:17:08 27.3 54.95 180 104
864 20220718-15:17:09 27.2 54.95 180 104
865 20220718-15:17:10 27.1 54.95 180 104
866 20220718-15:17:11 27.0 54.95 180 104
867 20220718-15:17:12 26.9 54.95 180 105
868 20220718-15:17:13 26.8 54.95 180 105
869 20220718-15:17:14 26.7 54.95 180 105
870 20220718-15:17:15 26.6 54.95 180 105
871 20220718-15:17:17 26.5 54.95 180 105
872 20220718-15:17:18 26.4 54.95 180 105
873 20220718-15:17:19 26.3 54.95 180 105
874 20220718-15:17:20 26.2 54.95 180 105
875 20220718-15:17:21 26.1 54.95 180 105
876 20220718-15:17:22 26.0 54.95 180 105
877 20220718-15:17:23 25.9 54.95 180 105
878 20220718-15:17:24 25.8 54.95 180 105
879 20220718-15:17:25 25.7 54.95 180 105
880 20220718-15:17:26 25.6 54.95 180 105
881 20220718-15:17:27 25.5 54.95 180 105
882 20220718-15:17:28 25.4 54.95 180 105
883 20220718-15:17:29 25.3 54.95 180 105
884 20220718-15:17:30 25.2 54.95 180 105
885 20220718-15:17:31 25.1 54.95 180 105
886 20220718-15:17:32 25.0 54.95 180 105
887 20220718-15:17:33 24.9 54.95 180 106
888 20220718-15:17:33 24.8 54.95 180 106
889 20220718-15:17:34 24.7 54.95 180 106
890 20220718-15:17:35 24.6 54.95 180 106
891 20220718-15:17:36 24.5 54.95 180 106
892 20220718-15:17:37 24.4 54.95 180 106
893 20220718-15:17:38 24.3 54.95 180 106
894 20220718-15:17:39 24.2 54.95 180 106
895 20220718-15:17:40 24.1 54.95 180 106
896 20220718-15:17:41 24.0 54.95 180 106
897 20220718-15:17:42 23.9 54.95 180 106
898 20220718-15:17:44 23.8 54.95 180 106
899 20220718-15:17:46 23.7 54.95 180 106
900 20220718-15:17:48 23.6 54.95 180 106
901 20220718-15:17:49 23.5 54.95 180 106
902 20220718-15:17:50 23.4 54.95 180 106
903 20220718-15:17:52 23.3 54.95 180 106
904 20220718-15:17:53 23.2 54.95 180 106
905 20220718-15:17:54 23.1 54.95 180 106
906 20220718-15:17:55 23.0 54.95 180 106
907 20220718-15:17:56 22.9 54.95 180 107
908 20220718-15:17:59 22.8 54.95 180 107
909 20220718-15:18:01 22.7 54.95 180 107
910 20220718-15:18:01 22.6 54.95 180 107
911 20220718-15:18:02 22.5 54.95 180 107
912 20220718-15:18:03 22.4 54.95 180 107
913 20220718-15:18:05 22.3 54.95 180 107
914 20220718-15:18:06 22.2 54.95 180 107
915 20220718-15:18:10 22.1 54.95 180 107
916 20220718-15:18:12 22.0 54.95 180 107
917 20220718-15:18:13 21.9 54.95 180 107
918 20220718-15:18:15 21.8 54.95 180 107
919 20220718-15:18:16 21.7 54.95 180 107
920 20220718-15:18:17 21.6 54.95 180 107
921 20220718-15:18:18 21.5 54.95 180 107
922 20220718-15:18:19 21.4 54.95 180 107
923 20220718-15:18:20 21.3 54.95 180 107
924 20220718-15:18:21 21.2 54.95 180 107
925 20220718-15:18:22 21.1 54.95 180 107
926 20220718-15:18:23 21.0 54.95 180 107
927 20220718-15:18:25 20.9 54.95 180 108
928 20220718-15:18:29 20.8 54.95 180 108
929 20220718-15:18:31 20.7 54.95 180 108
930 20220718-15:18:32 20.6 54.95 180 108
931 20220718-15:18:33 20.5 54.95 180 108
932 20220718-15:18:35 20.4 54.95 180 108
933 20220718-15:18:36 20.3 54.95 180 108
934 20220718-15:18:37 20.2 54.95 180 108
935 20220718-15:18:38 20.1 54.95 180 108
936 20220718-15:18:39 20.0 54.95 180 108
937 20220718-15:18:41 19.9 54.95 180 108
938 20220718-15:18:43 19.8 54.95 180 108
939 20220718-15:18:44 19.7 54.95 180 108
940 20220718-15:18:46 19.6 54.95 180 108
941 20220718-15:18:47 19.5 54.95 180 108
942 20220718-15:18:51 19.4 54.95 180 108
943 20220718-15:18:55 19.3 54.95 180 108
944 20220718-15:18:57 19.2 54.95 180 108
945 20220718-15:19:01 19.1 54.95 180 108
946 20220718-15:19:05 19.0 54.95 180 108
947 20220718-15:19:07 18.9 54.95 180 109
948 20220718-15:19:08 18.8 54.95 180 109
949 20220718-15:19:10 18.7 54.95 180 109
950 20220718-15:19:12 18.6 54.95 180 109
951 20220718-15:19:13 18.5 54.95 180 109
952 20220718-15:19:14 18.4 54.95 180 109
953 20220718-15:19:15 18.3 54.95 180 109
954 20220718-15:19:16 18.2 54.95 180 109
955 20220718-15:19:17 18.1 54.95 180 109
956 20220718-15:19:18 18.0 54.95 180 109
957 20220718-15:19:20 17.9 54.95 180 109
958 20220718-15:19:21 17.8 54.95 180 109
959 20220718-15:19:25 17.7 54.95 180 109
960 20220718-15:19:29 17.6 54.95 180 109
961 20220718-15:19:31 17.5 54.95 180 109
962 20220718-15:19:34 17.4 54.95 180 109
963 20220718-15:19:34 17.3 54.95 180 109
964 20220718-15:19:36 17.2 54.95 180 109
965 20220718-15:19:37 17.1 54.95 180 109
966 20220718-15:19:38 17.0 54.95 180 109
967 20220718-15:19:40 16.9 54.95 180 110
968 20220718-15:19:43 16.8 54.95 180 110
969 20220718-15:19:45 16.7 54.95 180 110
970 20220718-15:19:46 16.6 54.95 180 110
971 20220718-15:19:47 16.5 54.95 180 110
972 20220718-15:19:48 16.4 54.95 180 110
973 20220718-15:19:49 16.3 54.95 180 110
974 20220718-15:19:51 16.2 54.95 180 110
975 20220718-15:19:52 16.1 54.95 180 110
976 20220718-15:19:55 16.0 54.95 180 110
977 20220718-15:19:56 15.9 54.95 180 110
978 20220718-15:19:57 15.8 54.95 180 110
979 20220718-15:19:58 15.7 54.95 180 110
980 20220718-15:19:59 15.6 54.95 180 110
981 20220718-15:20:00 15.5 54.95 180 110
982 20220718-15:20:01 15.4 54.95 180 110
983 20220718-15:20:02 15.3 54.95 180 110
984 20220718-15:20:03 15.2 54.95 180 110
985 20220718-15:20:04 15.1 54.95 180 110
986 20220718-15:20:05 15.0 54.95 180 110
987 20220718-15:20:05 14.9 54.95 180 111
988 20220718-15:20:11 14.8 54.95 180 111
989 20220718-15:20:12 14.7 54.95 180 111
990 20220718-15:20:13 14.6 54.95 180 111
991 20220718-15:20:14 14.5 54.95 180 111
992 20220718-15:20:18 14.4 54.95 180 111
993 20220718-15:20:18 14.4 54.95 180 111
994 20220718-15:20:20 14.3 54.95 180 111
995 20220718-15:20:23 14.2 54.95 180 111
996 20220718-15:20:26 14.1 54.95 180 111
997 20220718-15:20:28 14.0 54.95 180 111
998 20220718-15:20:31 13.9 54.95 180 111
999 20220718-15:20:32 13.8 54.95 180 111
1000 20220718-15:20:34 13.7 54.95 180 111
1001 20220718-15:20:35 13.6 54.95 180 111
1002 20220718-15:20:37 13.5 54.95 180 111
1003 20220718-15:20:38 13.4 54.95 180 111
1004 20220718-15:20:39 13.3 54.95 180 111
1005 20220718-15:20:40 13.2 54.95 180 111
1006 20220718-15:20:41 13.1 54.95 180 111
1007 20220718-15:20:42 13.0 54.95 180 111
1008 20220718-15:20:43 12.9 54.95 180 112
1009 20220718-15:20:44 12.8 54.95 180 112
1010 20220718-15:20:45 12.7 54.95 180 112
1011 20220718-15:20:47 12.6 54.95 180 112
1012 20220718-15:20:47 12.5 54.95 180 112
1013 20220718-15:20:49 12.4 54.95 180 112
1014 20220718-15:20:50 12.3 54.95 180 112
1015 20220718-15:20:50 12.2 54.95 180 112
1016 20220718-15:20:51 12.1 54.95 180 112
1017 20220718-15:20:52 12.0 54.95 180 112
1018 20220718-15:20:53 11.9 54.95 180 112
1019 20220718-15:20:54 11.8 54.95 180 112
1020 20220718-15:20:55 11.7 54.95 180 112
1021 20220718-15:20:57 11.6 54.95 180 112
1022 20220718-15:20:59 11.5 54.95 180 112
1023 20220718-15:21:01 11.4 54.95 180 112
1024 20220718-15:21:02 11.3 54.95 180 112
1025 20220718-15:21:04 11.2 54.95 180 112
1026 20220718-15:21:06 11.1 54.95 180 112
1027 20220718-15:21:07 11.0 54.95 180 112
1028 20220718-15:21:08 10.9 54.95 180 113
1029 20220718-15:21:13 10.8 54.95 180 113
1030 20220718-15:21:14 10.7 54.95 180 113
1031 20220718-15:21:16 10.6 54.95 180 113
1032 20220718-15:21:17 10.5 54.95 180 113
1033 20220718-15:21:18 10.4 54.95 180 113
1034 20220718-15:21:19 10.3 54.95 180 113
1035 20220718-15:21:20 10.2 54.95 180 113
1036 20220718-15:21:21 10.1 54.95 180 113
1037 20220718-15:21:22 10.0 54.95 180 113
1038 20220718-15:21:23 9.9 54.95 180 113
1039 20220718-15:21:24 9.8 54.95 180 113
1040 20220718-15:21:24 9.7 54.95 180 113
1041 20220718-15:21:25 9.6 54.95 180 113
1042 20220718-15:21:26 9.5 54.95 180 113
1043 20220718-15:21:27 9.4 54.95 180 113
1044 20220718-15:21:28 9.3 54.95 180 113
1045 20220718-15:21:29 9.2 54.95 180 113
1046 20220718-15:21:30 9.1 54.95 180 113
1047 20220718-15:21:31 9.0 54.95 180 113
1048 20220718-15:21:33 8.9 54.95 180 126
1049 20220718-15:21:37 8.8 54.95 180 126
1050 20220718-15:21:38 8.7 54.95 180 126
1051 20220718-15:21:40 8.6 54.95 180 126
1052 20220718-15:21:42 8.5 54.95 180 126
1053 20220718-15:21:43 8.4 54.95 180 126
1054 20220718-15:21:44 8.3 54.95 180 126
1055 20220718-15:21:45 8.2 54.95 180 126
1056 20220718-15:21:46 8.1 54.95 180 126
1057 20220718-15:21:47 8.0 54.95 180 126
1058 20220718-15:21:48 7.9 54.95 180 126
1059 20220718-15:21:48 7.8 54.95 180 126
1060 20220718-15:21:49 7.7 54.95 180 126
1061 20220718-15:21:50 7.6 54.95 180 126
1062 20220718-15:21:51 7.5 54.95 180 126
1063 20220718-15:21:52 7.4 54.95 180 126
1064 20220718-15:21:53 7.3 54.95 180 126
1065 20220718-15:21:55 7.2 54.95 180 126
1066 20220718-15:21:57 7.1 54.95 180 126
1067 20220718-15:21:58 7.0 54.95 180 126
1068 20220718-15:21:58 6.9 54.95 180 127
1069 20220718-15:22:00 6.8 54.95 180 127
1070 20220718-15:22:01 6.7 54.95 180 127
1071 20220718-15:22:03 6.6 54.95 180 127
1072 20220718-15:22:04 6.5 54.95 180 127
1073 20220718-15:22:05 6.4 54.95 180 127
1074 20220718-15:22:07 6.3 54.95 180 127
1075 20220718-15:22:37 6.3 54.95 135 127
1076 20220718-15:22:39 6.3 54.95 135 127
1077 20220718-15:22:42 6.3 54.95 135 127
1078 20220718-15:22:45 6.3 54.95 90 127
1079 20220718-15:22:49 6.3 54.95 90 127
1080 20220718-15:22:52 6.3 54.95 45 127
1081 20220718-15:22:53 6.3 54.95 45 127
1082 20220718-15:22:54 6.3 54.95 45 127
1083 20220718-15:22:56 6.3 54.95 0 127
1084 20220718-15:23:20 6.3 54.95 0 127
1085 20220718-15:23:22 6.3 54.95 0 127
1086 20220718-15:23:23 6.3 54.95 0 127
1087 20220718-15:23:55 6.4 54.95 0 127
1088 20220718-15:24:16 6.5 54.95 0 127
1089 20220718-15:24:19 6.6 54.95 0 127
1090 20220718-15:24:21 6.7 54.95 0 127
1091 20220718-15:24:23 6.8 54.95 0 127
1092 20220718-15:24:24 6.9 54.95 0 127
1093 20220718-15:24:25 7.0 54.95 0 126
1094 20220718-15:24:26 7.1 54.95 0 126
1095 20220718-15:24:29 7.2 54.95 0 126
1096 20220718-15:24:30 7.3 54.95 0 126
1097 20220718-15:24:32 7.4 54.95 0 126
1098 20220718-15:24:33 7.5 54.95 0 126
1099 20220718-15:24:35 7.6 54.95 0 126
1100 20220718-15:24:36 7.7 54.95 0 126
1101 20220718-15:24:37 7.8 54.95 0 126
1102 20220718-15:24:39 7.9 54.95 0 126
1103 20220718-15:24:40 8.0 54.95 0 126
1104 20220718-15:24:40 8.1 54.95 0 126
1105 20220718-15:24:42 8.2 54.95 0 126
1106 20220718-15:24:44 8.3 54.95 0 126
1107 20220718-15:24:45 8.4 54.95 0 126
1108 20220718-15:24:46 8.5 54.95 0 126
1109 20220718-15:24:47 8.6 54.95 0 126
1110 20220718-15:24:48 8.7 54.95 0 126
1111 20220718-15:24:49 8.8 54.95 0 126
1112 20220718-15:24:49 8.9 54.95 0 126
1113 20220718-15:24:50 9.0 54.95 0 113
1114 20220718-15:24:51 9.1 54.95 0 113
1115 20220718-15:24:53 9.2 54.95 0 113
1116 20220718-15:24:54 9.3 54.95 0 113
1117 20220718-15:24:55 9.4 54.95 0 113
1118 20220718-15:24:56 9.5 54.95 0 113
1119 20220718-15:24:57 9.6 54.95 0 113
1120 20220718-15:24:58 9.7 54.95 0 113
1121 20220718-15:24:59 9.8 54.95 0 113
1122 20220718-15:25:00 9.9 54.95 0 113
1123 20220718-15:25:02 10.0 54.95 0 113
1124 20220718-15:25:05 10.1 54.95 0 113
1125 20220718-15:25:06 10.2 54.95 0 113
1126 20220718-15:25:07 10.3 54.95 0 113
1127 20220718-15:25:08 10.4 54.95 0 113
1128 20220718-15:25:09 10.5 54.95 0 113
1129 20220718-15:25:10 10.6 54.95 0 113
1130 20220718-15:25:11 10.7 54.95 0 113
1131 20220718-15:25:12 10.8 54.95 0 113
1132 20220718-15:25:12 10.9 54.95 0 113
1133 20220718-15:25:14 11.0 54.95 0 112
1134 20220718-15:25:15 11.1 54.95 0 112
1135 20220718-15:25:19 11.2 54.95 0 112
1136 20220718-15:25:22 11.3 54.95 0 112
1137 20220718-15:25:23 11.4 54.95 0 112
1138 20220718-15:25:25 11.5 54.95 0 112
1139 20220718-15:25:26 11.6 54.95 0 112
1140 20220718-15:25:28 11.7 54.95 0 112
1141 20220718-15:25:30 11.8 54.95 0 112
1142 20220718-15:25:31 11.9 54.95 0 112
1143 20220718-15:25:32 12.0 54.95 0 112
1144 20220718-15:25:33 12.1 54.95 0 112
1145 20220718-15:25:34 12.2 54.95 0 112
1146 20220718-15:25:35 12.3 54.95 0 112
1147 20220718-15:25:36 12.4 54.95 0 112
1148 20220718-15:25:37 12.5 54.95 0 112
1149 20220718-15:25:38 12.6 54.95 0 112
1150 20220718-15:25:40 12.7 54.95 0 112
1151 20220718-15:25:41 12.8 54.95 0 112
1152 20220718-15:25:42 12.9 54.95 0 112
1153 20220718-15:25:43 13.0 54.95 0 111
1154 20220718-15:25:44 13.1 54.95 0 111
1155 20220718-15:25:46 13.2 54.95 0 111
1156 20220718-15:25:48 13.3 54.95 0 111
1157 20220718-15:25:49 13.4 54.95 0 111
1158 20220718-15:25:50 13.5 54.95 0 111
1159 20220718-15:25:51 13.6 54.95 0 111
1160 20220718-15:25:53 13.7 54.95 0 111
1161 20220718-15:25:54 13.8 54.95 0 111
1162 20220718-15:25:55 13.9 54.95 0 111
1163 20220718-15:25:56 14.0 54.95 0 111
1164 20220718-15:25:57 14.1 54.95 0 111
1165 20220718-15:25:58 14.2 54.95 0 111
1166 20220718-15:25:59 14.3 54.95 0 111
1167 20220718-15:26:00 14.4 54.95 0 111
1168 20220718-15:26:01 14.5 54.95 0 111
1169 20220718-15:26:02 14.6 54.95 0 111
1170 20220718-15:26:03 14.7 54.95 0 111
1171 20220718-15:26:05 14.8 54.95 0 111
1172 20220718-15:26:05 14.9 54.95 0 111
1173 20220718-15:26:07 15.0 54.95 0 110
1174 20220718-15:26:08 15.1 54.95 0 110
1175 20220718-15:26:10 15.2 54.95 0 110
1176 20220718-15:26:11 15.3 54.95 0 110
1177 20220718-15:26:12 15.4 54.95 0 110
1178 20220718-15:26:13 15.5 54.95 0 110
1179 20220718-15:26:14 15.6 54.95 0 110
1180 20220718-15:26:15 15.7 54.95 0 110
1181 20220718-15:26:16 15.8 54.95 0 110
1182 20220718-15:26:17 15.9 54.95 0 110
1183 20220718-15:26:18 16.0 54.95 0 110
1184 20220718-15:26:19 16.1 54.95 0 110
1185 20220718-15:26:20 16.2 54.95 0 110
1186 20220718-15:26:21 16.3 54.95 0 110
1187 20220718-15:26:23 16.4 54.95 0 110
1188 20220718-15:26:25 16.5 54.95 0 110
1189 20220718-15:26:26 16.6 54.95 0 110
1190 20220718-15:26:27 16.7 54.95 0 110
1191 20220718-15:26:28 16.8 54.95 0 110
1192 20220718-15:26:30 16.9 54.95 0 110
1193 20220718-15:26:31 17.0 54.95 0 109
1194 20220718-15:26:34 17.1 54.95 0 109
1195 20220718-15:26:36 17.2 54.95 0 109
1196 20220718-15:26:40 17.3 54.95 0 109
1197 20220718-15:26:42 17.4 54.95 0 109
1198 20220718-15:26:43 17.5 54.95 0 109
1199 20220718-15:26:44 17.6 54.95 0 109
1200 20220718-15:26:45 17.7 54.95 0 109
1201 20220718-15:26:47 17.8 54.95 0 109
1202 20220718-15:26:49 17.9 54.95 0 109
1203 20220718-15:26:50 18.0 54.95 0 109
1204 20220718-15:26:51 18.1 54.95 0 109
1205 20220718-15:26:53 18.2 54.95 0 109
1206 20220718-15:26:54 18.3 54.95 0 109
1207 20220718-15:26:57 18.4 54.95 0 109
1208 20220718-15:27:01 18.5 54.95 0 109
1209 20220718-15:27:02 18.6 54.95 0 109
1210 20220718-15:27:03 18.7 54.95 0 109
1211 20220718-15:27:05 18.8 54.95 0 109
1212 20220718-15:27:06 18.9 54.95 0 109
1213 20220718-15:27:07 19.0 54.95 0 108
1214 20220718-15:27:08 19.1 54.95 0 108
1215 20220718-15:27:10 19.2 54.95 0 108
1216 20220718-15:27:11 19.3 54.95 0 108
1217 20220718-15:27:13 19.4 54.95 0 108
1218 20220718-15:27:14 19.5 54.95 0 108
1219 20220718-15:27:15 19.6 54.95 0 108
1220 20220718-15:27:16 19.7 54.95 0 108
1221 20220718-15:27:17 19.8 54.95 0 108
1222 20220718-15:27:19 19.9 54.95 0 108
1223 20220718-15:27:21 20.0 54.95 0 108
1224 20220718-15:27:23 20.1 54.95 0 108
1225 20220718-15:27:25 20.2 54.95 0 108
1226 20220718-15:27:30 20.2 54.95 0 108
1227 20220718-15:27:33 20.3 54.95 0 108
1228 20220718-15:27:37 20.4 54.95 0 108
1229 20220718-15:27:38 20.5 54.95 0 108
1230 20220718-15:27:39 20.6 54.95 0 108
1231 20220718-15:27:40 20.7 54.95 0 108
1232 20220718-15:27:41 20.8 54.95 0 108
1233 20220718-15:27:43 20.9 54.95 0 108
1234 20220718-15:27:44 21.0 54.95 0 107
1235 20220718-15:27:45 21.1 54.95 0 107
1236 20220718-15:27:46 21.2 54.95 0 107
1237 20220718-15:27:47 21.3 54.95 0 107
1238 20220718-15:27:48 21.4 54.95 0 107
1239 20220718-15:27:49 21.5 54.95 0 107
1240 20220718-15:27:51 21.6 54.95 0 107
1241 20220718-15:27:52 21.7 54.95 0 107
1242 20220718-15:27:53 21.8 54.95 0 107
1243 20220718-15:27:54 21.9 54.95 0 107
1244 20220718-15:27:55 22.0 54.95 0 107
1245 20220718-15:27:56 22.1 54.95 0 107
1246 20220718-15:27:57 22.2 54.95 0 107
1247 20220718-15:27:58 22.3 54.95 0 107
1248 20220718-15:27:59 22.4 54.95 0 107
1249 20220718-15:28:00 22.5 54.95 0 107
1250 20220718-15:28:01 22.6 54.95 0 107
1251 20220718-15:28:03 22.7 54.95 0 107
1252 20220718-15:28:03 22.8 54.95 0 107
1253 20220718-15:28:04 22.9 54.95 0 107
1254 20220718-15:28:05 23.0 54.95 0 106
1255 20220718-15:28:07 23.1 54.95 0 106
1256 20220718-15:28:11 23.2 54.95 0 106
1257 20220718-15:28:12 23.3 54.95 0 106
1258 20220718-15:28:13 23.4 54.95 0 106
1259 20220718-15:28:14 23.6 54.95 0 106
1260 20220718-15:28:16 23.7 54.95 0 106
1261 20220718-15:28:17 23.8 54.95 0 106
1262 20220718-15:28:18 23.9 54.95 0 106
1263 20220718-15:28:19 24.0 54.95 0 106
1264 20220718-15:28:21 24.1 54.95 0 106
1265 20220718-15:28:23 24.2 55.05 0 106
1266 20220718-15:28:24 24.3 55.05 0 106
1267 20220718-15:28:25 24.4 55.05 0 106
1268 20220718-15:28:26 24.5 55.05 0 106
1269 20220718-15:28:28 24.6 55.05 0 106
1270 20220718-15:28:29 24.7 55.05 0 106
1271 20220718-15:28:30 24.8 55.05 0 106
1272 20220718-15:28:31 24.9 55.05 0 106
1273 20220718-15:28:32 25.0 55.05 0 105
1274 20220718-15:28:32 25.1 55.05 0 105
1275 20220718-15:28:34 25.2 55.05 0 105
1276 20220718-15:28:35 25.3 55.05 0 105
1277 20220718-15:28:36 25.4 55.05 0 105
1278 20220718-15:28:37 25.5 55.05 0 105
1279 20220718-15:28:37 25.6 55.05 0 105
1280 20220718-15:28:38 25.7 55.05 0 105
1281 20220718-15:28:39 25.8 55.05 0 105
1282 20220718-15:28:40 25.9 55.05 0 105
1283 20220718-15:28:41 26.0 55.05 0 105
1284 20220718-15:28:42 26.1 55.05 0 105
1285 20220718-15:28:42 26.2 55.05 0 105
1286 20220718-15:28:43 26.3 55.05 0 105
1287 20220718-15:28:44 26.4 55.05 0 105
1288 20220718-15:28:45 26.5 55.05 0 105
1289 20220718-15:28:46 26.6 55.05 0 105
1290 20220718-15:28:47 26.7 55.05 0 105
1291 20220718-15:28:48 26.8 55.05 0 105
1292 20220718-15:28:49 26.9 55.05 0 105
1293 20220718-15:28:49 27.0 55.05 0 104
1294 20220718-15:28:50 27.1 55.05 0 104
1295 20220718-15:28:52 27.2 55.05 0 104
1296 20220718-15:28:53 27.3 55.05 0 104
1297 20220718-15:28:54 27.4 55.05 0 104
1298 20220718-15:28:55 27.5 55.05 0 104
1299 20220718-15:28:55 27.6 55.05 0 104
1300 20220718-15:28:56 27.7 55.05 0 104
1301 20220718-15:28:57 27.8 55.05 0 104
1302 20220718-15:28:58 27.9 55.05 0 104
1303 20220718-15:28:59 28.0 55.05 0 104
1304 20220718-15:29:00 28.1 55.05 0 104
1305 20220718-15:29:01 28.2 55.05 0 104
1306 20220718-15:29:02 28.3 55.05 0 104
1307 20220718-15:29:03 28.4 55.05 0 104
1308 20220718-15:29:04 28.5 55.05 0 104
1309 20220718-15:29:05 28.6 55.05 0 104
1310 20220718-15:29:06 28.7 55.05 0 104
1311 20220718-15:29:07 28.8 55.05 0 104
1312 20220718-15:29:08 28.9 55.05 0 104
1313 20220718-15:29:09 29.0 55.05 0 103
1314 20220718-15:29:10 29.1 55.05 0 103
1315 20220718-15:29:11 29.2 55.05 0 103
1316 20220718-15:29:12 29.3 55.05 0 103
1317 20220718-15:29:13 29.4 55.05 0 103
1318 20220718-15:29:15 29.5 55.05 0 103
1319 20220718-15:29:16 29.6 55.05 0 103
1320 20220718-15:29:18 29.7 55.05 0 103
1321 20220718-15:29:19 29.8 55.05 0 103
1322 20220718-15:29:20 29.9 55.05 0 103
1323 20220718-15:29:22 30.0 55.05 0 103
1324 20220718-15:29:22 30.1 55.05 0 103
1325 20220718-15:29:23 30.2 55.05 0 103
1326 20220718-15:29:24 30.3 55.05 0 103
1327 20220718-15:29:25 30.4 55.05 0 103
1328 20220718-15:29:26 30.5 55.05 0 103
1329 20220718-15:29:27 30.6 55.05 0 103
1330 20220718-15:29:29 30.7 55.05 0 103
1331 20220718-15:29:30 30.8 55.05 0 103
1332 20220718-15:29:32 30.9 55.05 0 103
1333 20220718-15:29:33 31.0 55.05 0 102
1334 20220718-15:29:43 31.0 55.05 0 102
1335 20220718-15:29:43 31.1 55.05 0 102
1336 20220718-15:29:44 31.2 55.05 0 102
1337 20220718-15:29:45 31.3 55.05 0 102
1338 20220718-15:29:46 31.4 55.05 0 102
1339 20220718-15:29:47 31.5 55.05 0 102
1340 20220718-15:29:48 31.6 55.05 0 102
1341 20220718-15:29:50 31.7 55.05 0 102
1342 20220718-15:29:51 31.8 55.05 0 102
1343 20220718-15:30:04 31.8 55.05 45 102
1344 20220718-15:30:04 31.8 55.05 45 102
1345 20220718-15:30:05 31.8 55.05 45 102
1346 20220718-15:30:06 31.8 55.05 45 102
1347 20220718-15:30:09 31.8 55.05 45 102
1348 20220718-15:30:11 31.8 55.05 45 102
1349 20220718-15:30:13 31.8 55.05 45 102
1350 20220718-15:30:15 31.8 55.05 90 102
1351 20220718-15:30:17 31.8 55.15 90 102
1352 20220718-15:30:19 31.8 55.25 90 102
1353 20220718-15:30:23 31.8 55.35 90 102
1354 20220718-15:30:24 31.8 55.45 90 102
1355 20220718-15:30:26 31.8 55.55 90 102
1356 20220718-15:30:27 31.8 55.65 90 102
1357 20220718-15:30:28 31.8 55.75 90 102
1358 20220718-15:30:29 31.8 55.85 90 102
1359 20220718-15:30:30 31.8 55.95 90 102
1360 20220718-15:30:31 31.8 56.05 90 141
1361 20220718-15:30:32 31.8 56.15 90 141
1362 20220718-15:30:33 31.8 56.25 90 141
1363 20220718-15:30:35 31.8 56.35 90 141
1364 20220718-15:30:36 31.8 56.45 90 141
1365 20220718-15:30:37 31.8 56.55 90 141
1366 20220718-15:30:39 31.8 56.65 90 141
1367 20220718-15:30:40 31.8 56.75 90 141
1368 20220718-15:30:41 31.8 56.85 90 141
1369 20220718-15:30:42 31.8 56.95 90 141
1370 20220718-15:30:44 31.8 57.05 90 141
1371 20220718-15:30:45 31.8 57.15 90 141
1372 20220718-15:30:46 31.8 57.25 90 141
1373 20220718-15:30:47 31.8 57.35 90 141
1374 20220718-15:30:49 31.8 57.45 90 141
1375 20220718-15:30:50 31.8 57.55 90 141
1376 20220718-15:30:52 31.8 57.65 90 141
1377 20220718-15:30:53 31.8 57.75 90 141
1378 20220718-15:30:59 31.8 57.75 135 141
1379 20220718-15:31:06 31.8 57.75 180 141
1380 20220718-15:31:14 31.8 57.75 180 141
1381 20220718-15:31:18 31.7 57.75 180 141
1382 20220718-15:31:20 31.6 57.75 180 141
1383 20220718-15:31:21 31.5 57.75 180 141
1384 20220718-15:31:22 31.4 57.75 180 141
1385 20220718-15:31:23 31.3 57.75 180 141
1386 20220718-15:31:24 31.2 57.75 180 141
1387 20220718-15:31:25 31.1 57.75 180 141
1388 20220718-15:31:27 31.1 57.75 180 141
1389 20220718-15:31:29 31.0 57.75 180 141
1390 20220718-15:31:30 31.0 57.75 180 141
1391 20220718-15:31:32 31.0 57.75 180 141
1392 20220718-15:31:33 30.9 57.75 180 140
1393 20220718-15:31:47 30.9 57.75 180 140
1394 20220718-15:31:48 30.8 57.75 180 140
1395 20220718-15:31:49 30.6 57.75 180 140
1396 20220718-15:31:50 30.3 57.75 180 140
1397 20220718-15:31:50 30.1 57.75 180 140
1398 20220718-15:31:51 30.0 57.75 180 140
1399 20220718-15:31:52 29.9 57.75 180 140
1400 20220718-15:31:53 29.7 57.75 180 140
1401 20220718-15:31:54 29.6 57.75 180 140
1402 20220718-15:31:55 29.5 57.75 180 140
1403 20220718-15:31:56 29.4 57.75 180 140
1404 20220718-15:31:59 29.3 57.75 180 140
1405 20220718-15:32:00 29.2 57.75 180 140
1406 20220718-15:32:02 29.1 57.75 180 140
1407 20220718-15:32:04 29.0 57.75 180 140
1408 20220718-15:32:05 28.9 57.75 180 139
1409 20220718-15:32:06 28.8 57.75 180 139
1410 20220718-15:32:08 28.7 57.75 180 139
1411 20220718-15:32:09 28.6 57.75 180 139
1412 20220718-15:32:12 28.5 57.75 180 139
1413 20220718-15:32:13 28.4 57.75 180 139
1414 20220718-15:32:15 28.3 57.75 180 139
1415 20220718-15:32:17 28.2 57.75 180 139
1416 20220718-15:32:18 28.1 57.75 180 139
1417 20220718-15:32:19 28.0 57.75 180 139
1418 20220718-15:32:21 27.9 57.75 180 139
1419 20220718-15:32:23 27.8 57.75 180 139
1420 20220718-15:32:25 27.7 57.75 180 139
1421 20220718-15:32:25 27.6 57.75 180 139
1422 20220718-15:32:27 27.5 57.75 180 139
1423 20220718-15:32:27 27.4 57.75 180 139
1424 20220718-15:32:29 27.3 57.75 180 139
1425 20220718-15:32:30 27.2 57.75 180 139
1426 20220718-15:32:31 27.1 57.75 180 139
1427 20220718-15:32:34 27.0 57.75 180 139
1428 20220718-15:32:35 26.9 57.75 180 138
1429 20220718-15:32:37 26.8 57.75 180 138
1430 20220718-15:32:41 26.7 57.75 180 138
1431 20220718-15:32:44 26.6 57.75 180 138
1432 20220718-15:32:47 26.5 57.75 180 138
1433 20220718-15:32:49 26.4 57.75 180 138
1434 20220718-15:32:51 26.3 57.75 180 138
1435 20220718-15:32:52 26.2 57.75 180 138
1436 20220718-15:32:54 26.1 57.75 180 138
1437 20220718-15:32:55 26.0 57.75 180 138
1438 20220718-15:32:57 25.9 57.75 180 138
1439 20220718-15:32:59 25.8 57.75 180 138
1440 20220718-15:33:01 25.7 57.75 180 138
1441 20220718-15:33:02 25.6 57.75 180 138
1442 20220718-15:33:03 25.5 57.75 180 138
1443 20220718-15:33:06 25.4 57.75 180 138
1444 20220718-15:33:08 25.3 57.75 180 138
1445 20220718-15:33:10 25.2 57.75 180 138
1446 20220718-15:33:11 25.1 57.75 180 138
1447 20220718-15:33:13 25.0 57.75 180 138
1448 20220718-15:33:16 24.9 57.75 180 137
1449 20220718-15:33:17 24.8 57.75 180 137
1450 20220718-15:33:19 24.7 57.75 180 137
1451 20220718-15:33:20 24.6 57.75 180 137
1452 20220718-15:33:21 24.5 57.75 180 137
1453 20220718-15:33:22 24.4 57.75 180 137
1454 20220718-15:33:23 24.3 57.75 180 137
1455 20220718-15:33:24 24.2 57.75 180 137
1456 20220718-15:33:26 24.1 57.75 180 137
1457 20220718-15:33:27 24.0 57.75 180 137
1458 20220718-15:33:28 23.9 57.75 180 137
1459 20220718-15:33:29 23.8 57.75 180 137
1460 20220718-15:33:30 23.8 57.75 180 137
1461 20220718-15:33:31 23.7 57.75 180 137
1462 20220718-15:33:33 23.6 57.75 180 137
1463 20220718-15:33:34 23.5 57.75 180 137
1464 20220718-15:33:35 23.4 57.75 180 137
1465 20220718-15:33:36 23.3 57.75 180 137
1466 20220718-15:33:38 23.2 57.75 180 137
1467 20220718-15:33:41 23.1 57.75 180 137
1468 20220718-15:33:42 23.0 57.75 180 137
1469 20220718-15:33:43 22.9 57.75 180 136
1470 20220718-15:33:46 22.8 57.75 180 136
1471 20220718-15:33:50 22.7 57.75 180 136
1472 20220718-15:33:52 22.6 57.75 180 136
1473 20220718-15:33:54 22.5 57.75 180 136
1474 20220718-15:33:55 22.4 57.75 180 136
1475 20220718-15:33:59 22.3 57.75 180 136
1476 20220718-15:34:01 22.2 57.75 180 136
1477 20220718-15:34:03 22.1 57.75 180 136
1478 20220718-15:34:04 22.0 57.75 180 136
1479 20220718-15:34:06 21.9 57.75 180 136
1480 20220718-15:34:07 21.8 57.75 180 136
1481 20220718-15:34:08 21.7 57.75 180 136
1482 20220718-15:34:09 21.6 57.75 180 136
1483 20220718-15:34:10 21.5 57.75 180 136
1484 20220718-15:34:11 21.4 57.75 180 136
1485 20220718-15:34:12 21.3 57.75 180 136
1486 20220718-15:34:13 21.2 57.75 180 136
1487 20220718-15:34:13 21.1 57.75 180 136
1488 20220718-15:34:14 21.0 57.75 180 136
1489 20220718-15:34:15 20.9 57.75 180 135
1490 20220718-15:34:16 20.8 57.75 180 135
1491 20220718-15:34:17 20.7 57.75 180 135
1492 20220718-15:34:17 20.6 57.75 180 135
1493 20220718-15:34:19 20.5 57.75 180 135
1494 20220718-15:34:20 20.4 57.75 180 135
1495 20220718-15:34:21 20.3 57.75 180 135
1496 20220718-15:34:22 20.2 57.75 180 135
1497 20220718-15:34:23 20.1 57.75 180 135
1498 20220718-15:34:24 20.0 57.75 180 135
1499 20220718-15:34:25 19.9 57.75 180 135
1500 20220718-15:34:27 19.8 57.75 180 135
1501 20220718-15:34:28 19.7 57.75 180 135
1502 20220718-15:34:28 19.6 57.75 180 135
1503 20220718-15:34:29 19.5 57.75 180 135
1504 20220718-15:34:30 19.4 57.75 180 135
1505 20220718-15:34:31 19.3 57.75 180 135
1506 20220718-15:34:31 19.2 57.75 180 135
1507 20220718-15:34:32 19.1 57.75 180 135
1508 20220718-15:34:33 19.0 57.75 180 135
1509 20220718-15:34:34 18.9 57.75 180 134
1510 20220718-15:34:35 18.8 57.75 180 134
1511 20220718-15:34:37 18.7 57.75 180 134
1512 20220718-15:34:39 18.6 57.75 180 134
1513 20220718-15:34:40 18.5 57.75 180 134
1514 20220718-15:34:41 18.4 57.75 180 134
1515 20220718-15:34:42 18.3 57.75 180 134
1516 20220718-15:34:44 18.2 57.75 180 134
1517 20220718-15:34:45 18.1 57.75 180 134
1518 20220718-15:34:46 18.0 57.75 180 134
1519 20220718-15:34:48 17.9 57.75 180 134
1520 20220718-15:34:49 17.8 57.75 180 134
1521 20220718-15:34:49 17.7 57.75 180 134
1522 20220718-15:34:50 17.6 57.75 180 134
1523 20220718-15:34:51 17.5 57.75 180 134
1524 20220718-15:34:52 17.4 57.75 180 134
1525 20220718-15:34:53 17.3 57.75 180 134
1526 20220718-15:34:55 17.2 57.75 180 134
1527 20220718-15:34:56 17.1 57.75 180 134
1528 20220718-15:34:56 17.0 57.75 180 134
1529 20220718-15:34:58 16.9 57.75 180 133
1530 20220718-15:35:00 16.8 57.75 180 133
1531 20220718-15:35:05 16.7 57.75 180 133
1532 20220718-15:35:06 16.6 57.75 180 133
1533 20220718-15:35:07 16.5 57.75 180 133
1534 20220718-15:35:09 16.4 57.75 180 133
1535 20220718-15:35:10 16.3 57.75 180 133
1536 20220718-15:35:12 16.2 57.75 180 133
1537 20220718-15:35:13 16.1 57.75 180 133
1538 20220718-15:35:15 16.0 57.75 180 133
1539 20220718-15:35:16 15.9 57.75 180 133
1540 20220718-15:35:17 15.8 57.75 180 133
1541 20220718-15:35:18 15.7 57.75 180 133
1542 20220718-15:35:20 15.6 57.75 180 133
1543 20220718-15:35:21 15.5 57.75 180 133
1544 20220718-15:35:22 15.4 57.75 180 133
1545 20220718-15:35:22 15.3 57.75 180 133
1546 20220718-15:35:23 15.2 57.75 180 133
1547 20220718-15:35:24 15.1 57.75 180 133
1548 20220718-15:35:26 15.0 57.75 180 133
1549 20220718-15:35:26 14.9 57.75 180 132
1550 20220718-15:35:28 14.8 57.75 180 132
1551 20220718-15:35:29 14.7 57.75 180 132
1552 20220718-15:35:30 14.6 57.75 180 132
1553 20220718-15:35:31 14.5 57.75 180 132
1554 20220718-15:35:32 14.4 57.75 180 132
1555 20220718-15:35:33 14.3 57.75 180 132
1556 20220718-15:35:34 14.2 57.75 180 132
1557 20220718-15:35:35 14.1 57.75 180 132
1558 20220718-15:35:36 14.0 57.75 180 132
1559 20220718-15:35:37 13.9 57.75 180 132
1560 20220718-15:35:37 13.8 57.75 180 132
1561 20220718-15:35:38 13.7 57.75 180 132
1562 20220718-15:35:39 13.6 57.75 180 132
1563 20220718-15:35:40 13.5 57.75 180 132
1564 20220718-15:35:40 13.4 57.75 180 132
1565 20220718-15:35:41 13.3 57.75 180 132
1566 20220718-15:35:44 13.2 57.75 180 132
1567 20220718-15:35:44 13.1 57.75 180 132
1568 20220718-15:35:45 13.0 57.75 180 132
1569 20220718-15:35:47 12.9 57.75 180 131
1570 20220718-15:35:48 12.8 57.75 180 131
1571 20220718-15:35:50 12.7 57.75 180 131
1572 20220718-15:35:54 12.6 57.75 180 131
1573 20220718-15:35:55 12.5 57.75 180 131
1574 20220718-15:35:56 12.4 57.75 180 131
1575 20220718-15:35:58 12.3 57.75 180 131
1576 20220718-15:35:59 12.2 57.75 180 131
1577 20220718-15:36:00 12.1 57.75 180 131
1578 20220718-15:36:03 12.0 57.75 180 131
1579 20220718-15:36:05 11.9 57.75 180 131
1580 20220718-15:36:08 11.9 57.75 180 131
1581 20220718-15:36:08 11.9 57.75 180 131
1582 20220718-15:36:10 11.8 57.75 180 131
1583 20220718-15:36:15 11.7 57.75 180 131
1584 20220718-15:36:18 11.6 57.75 180 131
1585 20220718-15:36:19 11.5 57.75 180 131
1586 20220718-15:36:20 11.4 57.75 180 131
1587 20220718-15:36:22 11.3 57.75 180 131
1588 20220718-15:36:23 11.2 57.75 180 131
1589 20220718-15:36:24 11.1 57.75 180 131
1590 20220718-15:36:25 11.0 57.75 180 131
1591 20220718-15:36:26 10.9 57.75 180 130
1592 20220718-15:36:30 10.8 57.75 180 130
1593 20220718-15:36:31 10.7 57.75 180 130
1594 20220718-15:36:33 10.6 57.75 180 130
1595 20220718-15:36:35 10.5 57.75 180 130
1596 20220718-15:36:36 10.4 57.75 180 130
1597 20220718-15:36:37 10.3 57.75 180 130
1598 20220718-15:36:38 10.2 57.75 180 130
1599 20220718-15:36:40 10.1 57.75 180 130
1600 20220718-15:36:41 10.0 57.75 180 130
1601 20220718-15:36:42 9.9 57.75 180 130
1602 20220718-15:36:44 9.8 57.75 180 130
1603 20220718-15:36:46 9.7 57.75 180 130
1604 20220718-15:36:48 9.7 57.75 180 130
1605 20220718-15:36:49 9.6 57.75 180 130
1606 20220718-15:36:54 9.5 57.75 180 130
1607 20220718-15:36:56 9.4 57.75 180 130
1608 20220718-15:36:57 9.3 57.75 180 130
1609 20220718-15:36:59 9.2 57.75 180 130
1610 20220718-15:37:01 9.1 57.75 180 130
1611 20220718-15:37:03 9.0 57.75 180 130
1612 20220718-15:37:06 8.9 57.75 180 129
1613 20220718-15:37:08 8.8 57.75 180 129
1614 20220718-15:37:09 8.7 57.75 180 129
1615 20220718-15:37:11 8.6 57.75 180 129
1616 20220718-15:37:13 8.5 57.75 180 129
1617 20220718-15:37:15 8.4 57.75 180 129
1618 20220718-15:37:18 8.3 57.75 180 129
1619 20220718-15:37:19 8.2 57.75 180 129
1620 20220718-15:37:21 8.1 57.75 180 129
1621 20220718-15:37:22 8.0 57.75 180 129
1622 20220718-15:37:23 7.9 57.75 180 129
1623 20220718-15:37:24 7.8 57.75 180 129
1624 20220718-15:37:25 7.7 57.75 180 129
1625 20220718-15:37:26 7.6 57.75 180 129
1626 20220718-15:37:27 7.5 57.75 180 129
1627 20220718-15:37:28 7.4 57.75 180 129
1628 20220718-15:37:29 7.3 57.75 180 129
1629 20220718-15:37:30 7.2 57.75 180 129
1630 20220718-15:37:31 7.1 57.75 180 129
1631 20220718-15:37:32 7.0 57.75 180 129
1632 20220718-15:37:33 6.9 57.75 180 128
1633 20220718-15:37:37 6.8 57.75 180 128
1634 20220718-15:37:38 6.7 57.75 180 128
1635 20220718-15:37:39 6.6 57.75 180 128
1636 20220718-15:37:41 6.5 57.75 180 128
1637 20220718-15:37:42 6.4 57.75 180 128
1638 20220718-15:37:44 6.3 57.75 180 128
1639 20220718-15:37:46 6.2 57.75 180 128
1640 20220718-15:37:47 6.1 57.75 180 128
1641 20220718-15:37:49 6.0 57.75 180 128
1642 20220718-15:37:54 6.2 57.75 180 128
1643 20220718-15:37:58 6.1 57.75 180 128
1644 20220718-15:38:01 6.0 57.75 180 128
1645 20220718-15:38:05 5.9 57.75 180 128
1646 20220718-15:38:08 6.0 57.75 180 128
1647 20220718-15:38:16 6.0 57.75 225 128
1648 20220718-15:38:23 6.0 57.75 225 128
1649 20220718-15:38:30 6.0 57.75 270 128
1650 20220718-15:38:37 6.0 57.75 315 128
1651 20220718-15:38:39 6.0 57.75 315 128
1652 20220718-15:38:41 6.0 57.75 315 128
1653 20220718-15:38:44 6.0 57.75 315 128
1654 20220718-15:38:45 6.0 57.75 315 128
1655 20220718-15:38:46 6.0 57.75 315 128
1656 20220718-15:38:48 6.0 57.75 315 128
1657 20220718-15:38:49 6.0 57.75 315 128
1658 20220718-15:38:51 6.0 57.75 315 128
1659 20220718-15:38:56 6.0 57.75 0 128
1660 20220718-15:39:01 6.1 57.75 0 128
1661 20220718-15:39:02 6.2 57.75 0 128
1662 20220718-15:39:04 6.3 57.75 0 128
1663 20220718-15:39:05 6.4 57.75 0 128
1664 20220718-15:39:06 6.5 57.75 0 128
1665 20220718-15:39:07 6.6 57.75 0 128
1666 20220718-15:39:08 6.7 57.75 0 128
1667 20220718-15:39:10 6.8 57.75 0 128
1668 20220718-15:39:12 6.9 57.75 0 128
1669 20220718-15:39:13 7.0 57.75 0 129
1670 20220718-15:39:18 7.1 57.75 0 129
1671 20220718-15:39:21 7.2 57.75 0 129
1672 20220718-15:39:22 7.3 57.75 0 129
1673 20220718-15:39:23 7.4 57.75 0 129
1674 20220718-15:39:24 7.5 57.75 0 129
1675 20220718-15:39:25 7.6 57.75 0 129
1676 20220718-15:39:26 7.7 57.75 0 129
1677 20220718-15:39:27 7.8 57.75 0 129
1678 20220718-15:39:29 7.9 57.75 0 129
1679 20220718-15:39:30 8.0 57.75 0 129
1680 20220718-15:39:31 8.1 57.75 0 129
1681 20220718-15:39:32 8.2 57.75 0 129
1682 20220718-15:39:33 8.3 57.75 0 129
1683 20220718-15:39:34 8.4 57.75 0 129
1684 20220718-15:39:35 8.5 57.75 0 129
1685 20220718-15:39:36 8.6 57.75 0 129
1686 20220718-15:39:38 8.7 57.75 0 129
1687 20220718-15:39:40 8.8 57.75 0 129
1688 20220718-15:39:43 8.9 57.75 0 129
1689 20220718-15:39:45 9.0 57.75 0 130
1690 20220718-15:39:48 9.1 57.75 0 130
1691 20220718-15:39:52 9.2 57.75 0 130
1692 20220718-15:39:53 9.3 57.75 0 130
1693 20220718-15:39:55 9.4 57.75 0 130
1694 20220718-15:39:56 9.5 57.75 0 130
1695 20220718-15:39:58 9.6 57.75 0 130
1696 20220718-15:39:59 9.7 57.75 0 130
1697 20220718-15:40:00 9.8 57.75 0 130
1698 20220718-15:40:01 9.9 57.75 0 130
1699 20220718-15:40:02 10.0 57.75 0 130
1700 20220718-15:40:03 10.1 57.75 0 130
1701 20220718-15:40:04 10.2 57.75 0 130
1702 20220718-15:40:07 10.3 57.75 0 130
1703 20220718-15:40:10 10.4 57.75 0 130
1704 20220718-15:40:12 10.5 57.75 0 130
1705 20220718-15:40:13 10.6 57.75 0 130
1706 20220718-15:40:15 10.7 57.75 0 130
1707 20220718-15:40:16 10.8 57.75 0 130
1708 20220718-15:40:19 10.9 57.75 0 130
1709 20220718-15:40:21 11.0 57.75 0 131
1710 20220718-15:40:22 11.1 57.75 0 131
1711 20220718-15:40:24 11.2 57.75 0 131
1712 20220718-15:40:25 11.3 57.75 0 131
1713 20220718-15:40:26 11.4 57.75 0 131
1714 20220718-15:40:27 11.5 57.75 0 131
1715 20220718-15:40:28 11.6 57.75 0 131
1716 20220718-15:40:29 11.7 57.75 0 131
1717 20220718-15:40:30 11.8 57.75 0 131
1718 20220718-15:40:31 11.9 57.75 0 131
1719 20220718-15:40:33 12.0 57.75 0 131
1720 20220718-15:40:34 12.1 57.75 0 131
1721 20220718-15:40:35 12.2 57.75 0 131
1722 20220718-15:40:36 12.3 57.75 0 131
1723 20220718-15:40:37 12.4 57.75 0 131
1724 20220718-15:40:38 12.5 57.75 0 131
1725 20220718-15:40:40 12.6 57.75 0 131
1726 20220718-15:40:41 12.7 57.75 0 131
1727 20220718-15:40:42 12.8 57.75 0 131
1728 20220718-15:40:43 12.9 57.75 0 131
1729 20220718-15:40:44 13.0 57.75 0 132
1730 20220718-15:40:46 13.1 57.75 0 132
1731 20220718-15:40:48 13.2 57.75 0 132
1732 20220718-15:40:49 13.3 57.75 0 132
1733 20220718-15:40:50 13.4 57.75 0 132
1734 20220718-15:40:51 13.5 57.75 0 132
1735 20220718-15:40:52 13.6 57.75 0 132
1736 20220718-15:40:53 13.7 57.75 0 132
1737 20220718-15:40:54 13.8 57.75 0 132
1738 20220718-15:40:55 13.9 57.75 0 132
1739 20220718-15:40:56 14.0 57.75 0 132
1740 20220718-15:40:57 14.1 57.75 0 132
1741 20220718-15:40:59 14.2 57.75 0 132
1742 20220718-15:41:00 14.3 57.75 0 132
1743 20220718-15:41:01 14.4 57.75 0 132
1744 20220718-15:41:03 14.5 57.75 0 132
1745 20220718-15:41:04 14.6 57.75 0 132
1746 20220718-15:41:05 14.7 57.75 0 132
1747 20220718-15:41:07 14.8 57.75 0 132
1748 20220718-15:41:08 14.9 57.75 0 132
1749 20220718-15:41:09 15.0 57.75 0 133
1750 20220718-15:41:12 15.1 57.75 0 133
1751 20220718-15:41:13 15.2 57.75 0 133
1752 20220718-15:41:14 15.3 57.75 0 133
1753 20220718-15:41:15 15.4 57.75 0 133
1754 20220718-15:41:16 15.5 57.75 0 133
1755 20220718-15:41:16 15.6 57.75 0 133
1756 20220718-15:41:17 15.7 57.75 0 133
1757 20220718-15:41:18 15.8 57.75 0 133
1758 20220718-15:41:19 15.9 57.75 0 133
1759 20220718-15:41:20 16.0 57.75 0 133
1760 20220718-15:41:22 16.1 57.75 0 133
1761 20220718-15:41:23 16.2 57.75 0 133
1762 20220718-15:41:24 16.3 57.75 0 133
1763 20220718-15:41:25 16.4 57.75 0 133
1764 20220718-15:41:26 16.5 57.75 0 133
1765 20220718-15:41:27 16.6 57.75 0 133
1766 20220718-15:41:28 16.7 57.75 0 133
1767 20220718-15:41:28 16.8 57.75 0 133
1768 20220718-15:41:29 16.9 57.75 0 133
1769 20220718-15:41:30 17.0 57.75 0 134
1770 20220718-15:41:31 17.1 57.75 0 134
1771 20220718-15:41:33 17.2 57.75 0 134
1772 20220718-15:41:35 17.3 57.75 0 134
1773 20220718-15:41:37 17.4 57.75 0 134
1774 20220718-15:41:38 17.5 57.75 0 134
1775 20220718-15:41:41 17.6 57.75 0 134
1776 20220718-15:41:42 17.7 57.75 0 134
1777 20220718-15:41:43 17.8 57.75 0 134
1778 20220718-15:41:44 17.9 57.75 0 134
1779 20220718-15:41:45 18.0 57.75 0 134
1780 20220718-15:41:46 18.1 57.75 0 134
1781 20220718-15:41:48 18.2 57.75 0 134
1782 20220718-15:41:49 18.3 57.75 0 134
1783 20220718-15:41:50 18.4 57.75 0 134
1784 20220718-15:41:51 18.5 57.75 0 134
1785 20220718-15:41:52 18.6 57.75 0 134
1786 20220718-15:41:53 18.7 57.75 0 134
1787 20220718-15:41:54 18.8 57.75 0 134
1788 20220718-15:41:56 18.9 57.75 0 134
1789 20220718-15:41:57 19.0 57.75 0 135
1790 20220718-15:42:01 19.1 57.75 0 135
1791 20220718-15:42:02 19.2 57.75 0 135
1792 20220718-15:42:04 19.3 57.75 0 135
1793 20220718-15:42:05 19.4 57.75 0 135
1794 20220718-15:42:06 19.5 57.75 0 135
1795 20220718-15:42:07 19.6 57.75 0 135
1796 20220718-15:42:08 19.7 57.75 0 135
1797 20220718-15:42:10 19.8 57.75 0 135
1798 20220718-15:42:19 19.9 57.75 0 135
1799 20220718-15:42:20 20.0 57.75 0 135
1800 20220718-15:42:22 20.1 57.75 0 135
1801 20220718-15:42:24 20.2 57.75 0 135
1802 20220718-15:42:26 20.3 57.75 0 135
1803 20220718-15:42:27 20.4 57.75 0 135
1804 20220718-15:42:28 20.5 57.75 0 135
1805 20220718-15:42:30 20.6 57.75 0 135
1806 20220718-15:42:31 20.7 57.75 0 135
1807 20220718-15:42:32 20.8 57.75 0 135
1808 20220718-15:42:33 20.9 57.75 0 135
1809 20220718-15:42:34 21.0 57.75 0 136
1810 20220718-15:42:35 21.1 57.75 0 136
1811 20220718-15:42:37 21.2 57.75 0 136
1812 20220718-15:42:38 21.3 57.75 0 136
1813 20220718-15:42:39 21.4 57.75 0 136
1814 20220718-15:42:41 21.5 57.75 0 136
1815 20220718-15:42:43 21.7 57.75 0 136
1816 20220718-15:42:45 21.8 57.75 0 136
1817 20220718-15:42:46 21.8 57.75 0 136
1818 20220718-15:42:47 21.9 57.75 0 136
1819 20220718-15:42:48 22.0 57.75 0 136
1820 20220718-15:42:49 22.1 57.75 0 136
1821 20220718-15:42:50 22.2 57.75 0 136
1822 20220718-15:42:52 22.3 57.75 0 136
1823 20220718-15:42:53 22.4 57.75 0 136
1824 20220718-15:42:54 22.5 57.75 0 136
1825 20220718-15:42:55 22.6 57.75 0 136
1826 20220718-15:42:56 22.7 57.75 0 136
1827 20220718-15:42:57 22.8 57.75 0 136
1828 20220718-15:42:58 22.9 57.75 0 136
1829 20220718-15:42:59 23.0 57.75 0 137
1830 20220718-15:43:01 23.1 57.75 0 137
1831 20220718-15:43:04 23.2 57.75 0 137
1832 20220718-15:43:05 23.3 57.75 0 137
1833 20220718-15:43:06 23.4 57.75 0 137
1834 20220718-15:43:07 23.5 57.75 0 137
1835 20220718-15:43:08 23.6 57.75 0 137
1836 20220718-15:43:10 23.7 57.75 0 137
1837 20220718-15:43:11 23.8 57.75 0 137
1838 20220718-15:43:12 23.9 57.75 0 137
1839 20220718-15:43:14 24.0 57.75 0 137
1840 20220718-15:43:15 24.1 57.75 0 137
1841 20220718-15:43:16 24.2 57.75 0 137
1842 20220718-15:43:17 24.3 57.75 0 137
1843 20220718-15:43:18 24.4 57.75 0 137
1844 20220718-15:43:20 24.5 57.75 0 137
1845 20220718-15:43:21 24.6 57.75 0 137
1846 20220718-15:43:22 24.7 57.75 0 137
1847 20220718-15:43:23 24.8 57.75 0 137
1848 20220718-15:43:24 24.9 57.75 0 137
1849 20220718-15:43:25 25.0 57.75 0 138
1850 20220718-15:43:26 25.1 57.75 0 138
1851 20220718-15:43:27 25.2 57.75 0 138
1852 20220718-15:43:28 25.3 57.75 0 138
1853 20220718-15:43:29 25.4 57.75 0 138
1854 20220718-15:43:30 25.5 57.75 0 138
1855 20220718-15:43:31 25.6 57.75 0 138
1856 20220718-15:43:32 25.7 57.75 0 138
1857 20220718-15:43:33 25.8 57.75 0 138
1858 20220718-15:43:34 25.9 57.75 0 138
1859 20220718-15:43:35 26.0 57.75 0 138
1860 20220718-15:43:36 26.1 57.75 0 138
1861 20220718-15:43:37 26.2 57.75 0 138
1862 20220718-15:43:38 26.3 57.75 0 138
1863 20220718-15:43:39 26.4 57.75 0 138
1864 20220718-15:43:41 26.5 57.75 0 138
1865 20220718-15:43:42 26.6 57.75 0 138
1866 20220718-15:43:43 26.7 57.75 0 138
1867 20220718-15:43:44 26.8 57.75 0 138
1868 20220718-15:43:45 26.9 57.75 0 138
1869 20220718-15:43:46 27.0 57.75 0 139
1870 20220718-15:43:47 27.1 57.75 0 139
1871 20220718-15:43:48 27.2 57.75 0 139
1872 20220718-15:43:50 27.3 57.75 0 139
1873 20220718-15:43:51 27.4 57.75 0 139
1874 20220718-15:43:53 27.5 57.75 0 139
1875 20220718-15:43:54 27.6 57.75 0 139
1876 20220718-15:43:55 27.7 57.75 0 139
1877 20220718-15:43:56 27.8 57.75 0 139
1878 20220718-15:43:57 27.9 57.75 0 139
1879 20220718-15:43:59 28.0 57.75 0 139
1880 20220718-15:44:00 28.1 57.75 0 139
1881 20220718-15:44:01 28.2 57.75 0 139
1882 20220718-15:44:02 28.3 57.75 0 139
1883 20220718-15:44:03 28.4 57.75 0 139
1884 20220718-15:44:04 28.5 57.75 0 139
1885 20220718-15:44:06 28.6 57.75 0 139
1886 20220718-15:44:07 28.7 57.75 0 139
1887 20220718-15:44:09 28.8 57.75 0 139
1888 20220718-15:44:10 28.9 57.75 0 139
1889 20220718-15:44:11 29.0 57.75 0 140
1890 20220718-15:44:13 29.1 57.75 0 140
1891 20220718-15:44:14 29.2 57.75 0 140
1892 20220718-15:44:16 29.3 57.75 0 140
1893 20220718-15:44:17 29.4 57.75 0 140
1894 20220718-15:44:19 29.5 57.75 0 140
1895 20220718-15:44:22 29.6 57.75 0 140
1896 20220718-15:44:23 29.7 57.75 0 140
1897 20220718-15:44:26 29.8 57.75 0 140
1898 20220718-15:44:27 29.9 57.75 0 140
1899 20220718-15:44:29 30.0 57.75 0 140
1900 20220718-15:44:41 30.1 57.75 0 140
1901 20220718-15:44:42 30.2 57.75 0 140
1902 20220718-15:44:44 30.3 57.75 0 140
1903 20220718-15:44:46 30.4 57.75 0 140
1904 20220718-15:44:47 30.5 57.75 0 140
1905 20220718-15:44:48 30.6 57.75 0 140
1906 20220718-15:44:49 30.7 57.75 0 140
1907 20220718-15:44:50 30.8 57.75 0 140
1908 20220718-15:44:52 30.9 57.75 0 140
1909 20220718-15:44:56 31.0 57.75 0 141
1910 20220718-15:44:57 31.1 57.75 0 141
1911 20220718-15:44:58 31.2 57.75 0 141
1912 20220718-15:45:03 31.2 57.75 45 141
1913 20220718-15:45:05 31.2 57.75 45 141
1914 20220718-15:45:08 31.2 57.75 45 141
1915 20220718-15:45:10 31.2 57.75 45 141
1916 20220718-15:45:13 31.2 57.75 45 141
1917 20220718-15:45:17 31.2 57.75 90 141
1918 20220718-15:45:19 31.2 57.75 90 141
1919 20220718-15:45:31 31.2 57.85 90 141
1920 20220718-15:45:33 31.2 57.95 90 141
1921 20220718-15:45:34 31.2 58.05 90 141
1922 20220718-15:45:36 31.2 58.15 90 141
1923 20220718-15:45:38 31.2 58.25 90 141
1924 20220718-15:45:39 31.2 58.35 90 141
1925 20220718-15:45:40 31.2 58.45 90 141
1926 20220718-15:45:42 31.2 58.55 90 141
1927 20220718-15:45:43 31.2 58.65 90 142
1928 20220718-15:45:44 31.2 58.75 90 142
1929 20220718-15:45:45 31.2 58.85 90 142
1930 20220718-15:45:47 31.2 58.95 90 142
1931 20220718-15:45:49 31.2 59.05 90 142
1932 20220718-15:45:50 31.2 59.15 90 142
1933 20220718-15:45:51 31.2 59.25 90 142
1934 20220718-15:45:52 31.2 59.35 90 142
1935 20220718-15:45:53 31.2 59.45 90 142
1936 20220718-15:45:54 31.2 59.55 90 142
1937 20220718-15:45:56 31.2 59.65 90 142
1938 20220718-15:45:57 31.2 59.75 90 142
1939 20220718-15:45:58 31.2 59.85 90 142
1940 20220718-15:45:59 31.2 59.95 90 142
1941 20220718-15:46:01 31.2 60.05 90 142
1942 20220718-15:46:02 31.2 60.15 90 142
1943 20220718-15:46:04 31.2 60.25 90 142
1944 20220718-15:46:10 31.2 60.55 90 142
1945 20220718-15:46:12 31.2 60.65 90 142
1946 20220718-15:46:13 31.2 60.75 90 142
1947 20220718-15:46:14 31.2 60.85 90 142
1948 20220718-15:46:15 31.2 60.95 90 142
1949 20220718-15:46:16 31.2 61.05 90 143
1950 20220718-15:46:17 31.2 61.15 90 143
1951 20220718-15:46:18 31.2 61.25 90 143
1952 20220718-15:46:19 31.2 61.35 90 143
1953 20220718-15:46:20 31.2 61.45 90 143
1954 20220718-15:46:21 31.2 61.55 90 143
1955 20220718-15:46:22 31.2 61.65 90 143
1956 20220718-15:46:23 31.2 61.75 90 143
1957 20220718-15:46:23 31.2 61.85 90 143
1958 20220718-15:46:24 31.2 61.95 90 143
1959 20220718-15:46:25 31.2 62.05 90 143
1960 20220718-15:46:26 31.2 62.15 90 143
1961 20220718-15:46:27 31.2 62.25 90 143
1962 20220718-15:46:28 31.2 62.35 90 143
1963 20220718-15:46:28 31.2 62.45 90 143
1964 20220718-15:46:29 31.2 62.55 90 143
1965 20220718-15:46:30 31.2 62.65 90 143
1966 20220718-15:46:30 31.2 62.75 90 143
1967 20220718-15:46:31 31.2 62.85 90 143
1968 20220718-15:46:31 31.2 62.95 90 143
1969 20220718-15:46:32 31.2 63.05 90 144
1970 20220718-15:46:33 31.2 63.15 90 144
1971 20220718-15:46:33 31.2 63.25 90 144
1972 20220718-15:46:34 31.2 63.35 90 144
1973 20220718-15:46:35 31.2 63.45 90 144
1974 20220718-15:46:35 31.2 63.55 90 144
1975 20220718-15:46:36 31.2 63.65 90 144
1976 20220718-15:46:38 31.2 63.75 90 144
1977 20220718-15:46:39 31.2 63.85 90 144
1978 20220718-15:46:40 31.2 63.95 90 144
1979 20220718-15:46:41 31.2 64.05 90 144
1980 20220718-15:46:42 31.2 64.15 90 144
1981 20220718-15:46:43 31.2 64.25 90 144
1982 20220718-15:46:43 31.2 64.35 90 144
1983 20220718-15:46:44 31.2 64.45 90 144
1984 20220718-15:46:45 31.2 64.55 90 144
1985 20220718-15:46:45 31.2 64.65 90 144
1986 20220718-15:46:46 31.2 64.75 90 144
1987 20220718-15:46:47 31.2 64.85 90 144
1988 20220718-15:46:48 31.2 64.95 90 144
1989 20220718-15:46:49 31.2 65.05 90 145
1990 20220718-15:46:49 31.2 65.15 90 145
1991 20220718-15:46:50 31.2 65.25 90 145
1992 20220718-15:46:51 31.2 65.35 90 145
1993 20220718-15:46:51 31.2 65.45 90 145
1994 20220718-15:46:52 31.2 65.55 90 145
1995 20220718-15:46:53 31.2 65.65 90 145
1996 20220718-15:46:53 31.2 65.75 90 145
1997 20220718-15:46:54 31.2 65.85 90 145
1998 20220718-15:46:55 31.2 65.95 90 145
1999 20220718-15:46:56 31.2 66.05 90 145
2000 20220718-15:46:57 31.2 66.15 90 145
2001 20220718-15:46:57 31.2 66.25 90 145
2002 20220718-15:46:58 31.2 66.35 90 145
2003 20220718-15:46:59 31.2 66.45 90 145
2004 20220718-15:47:00 31.2 66.55 90 145
2005 20220718-15:47:01 31.2 66.65 90 145
2006 20220718-15:47:01 31.2 66.75 90 145
2007 20220718-15:47:02 31.2 66.85 90 145
2008 20220718-15:47:02 31.2 66.95 90 145
2009 20220718-15:47:03 31.2 67.05 90 146
2010 20220718-15:47:04 31.2 67.15 90 146
2011 20220718-15:47:04 31.2 67.25 90 146
2012 20220718-15:47:05 31.2 67.35 90 146
2013 20220718-15:47:06 31.2 67.45 90 146
2014 20220718-15:47:06 31.2 67.55 90 146
2015 20220718-15:47:07 31.2 67.65 90 146
2016 20220718-15:47:08 31.2 67.75 90 146
2017 20220718-15:47:08 31.2 67.85 90 146
2018 20220718-15:47:09 31.2 67.95 90 146
2019 20220718-15:47:11 31.2 68.05 90 146
2020 20220718-15:47:11 31.2 68.15 90 146
2021 20220718-15:47:12 31.2 68.25 90 146
2022 20220718-15:47:13 31.2 68.35 90 146
2023 20220718-15:47:13 31.2 68.45 90 146
2024 20220718-15:47:14 31.2 68.55 90 146
2025 20220718-15:47:14 31.2 68.65 90 146
2026 20220718-15:47:15 31.2 68.75 90 146
2027 20220718-15:47:16 31.2 68.85 90 146
2028 20220718-15:47:16 31.2 68.95 90 146
2029 20220718-15:47:17 31.2 69.05 90 147
2030 20220718-15:47:18 31.2 69.15 90 147
2031 20220718-15:47:19 31.2 69.25 90 147
2032 20220718-15:47:19 31.2 69.35 90 147
2033 20220718-15:47:20 31.2 69.45 90 147
2034 20220718-15:47:21 31.2 69.55 90 147
2035 20220718-15:47:22 31.2 69.65 90 147
2036 20220718-15:47:22 31.2 69.75 90 147
2037 20220718-15:47:23 31.2 69.85 90 147
2038 20220718-15:47:24 31.2 69.95 90 147
2039 20220718-15:47:24 31.2 70.05 90 147
2040 20220718-15:47:25 31.2 70.15 90 147
2041 20220718-15:47:26 31.2 70.25 90 147
2042 20220718-15:47:27 31.2 70.35 90 147
2043 20220718-15:47:27 31.2 70.45 90 147
2044 20220718-15:47:28 31.2 70.55 90 147
2045 20220718-15:47:29 31.2 70.65 90 147
2046 20220718-15:47:29 31.2 70.75 90 147
2047 20220718-15:47:30 31.2 70.85 90 147
2048 20220718-15:47:31 31.2 70.95 90 147
2049 20220718-15:47:31 31.2 71.05 90 148
2050 20220718-15:47:32 31.2 71.15 90 148
2051 20220718-15:47:33 31.2 71.25 90 148
2052 20220718-15:47:34 31.2 71.35 90 148
2053 20220718-15:47:34 31.2 71.45 90 148
2054 20220718-15:47:35 31.2 71.55 90 148
2055 20220718-15:47:36 31.2 71.65 90 148
2056 20220718-15:47:36 31.2 71.75 90 148
2057 20220718-15:47:37 31.2 71.85 90 148
2058 20220718-15:47:38 31.2 71.95 90 148
2059 20220718-15:47:39 31.2 72.05 90 148
2060 20220718-15:47:40 31.2 72.15 90 148
