1 20220810-11:27:13 6.15 26.5 270 10
2 20220810-11:27:26 6.15 26.5 270 10
3 20220810-11:27:45 6.15 26.5 225 10
4 20220810-11:27:56 6.15 26.5 180 10
5 20220810-11:28:08 6.15 26.5 135 10
6 20220810-11:28:09 6.15 26.5 135 10
7 20220810-11:28:22 6.15 26.5 90 10
8 20220810-11:28:35 6.15 26.5 45 10
9 20220810-11:28:46 6.15 26.5 0 10
10 20220810-11:28:58 6.15 26.5 315 10
11 20220810-11:29:13 6.15 26.5 315 10
12 20220810-11:29:17 6.15 26.5 270 10
13 20220810-11:29:18 6.15 26.5 270 10
14 20220810-11:29:35 6.15 26.5 270 10
15 20220810-11:29:51 6.1 26.55 270 10
16 20220810-11:30:02 6.1 25.55 270 9
17 20220810-11:30:12 6.1 25.55 270 9
18 20220810-11:30:28 6.1 25.55 315 9
19 20220810-11:30:35 6.1 25.55 0 9
20 20220810-11:30:37 6.1 25.55 0 9
21 20220810-11:30:46 6.1 25.55 45 9
22 20220810-11:31:05 6.1 25.55 90 9
23 20220810-11:31:12 6.1 25.55 135 9
24 20220810-11:31:31 6.1 25.55 180 9
25 20220810-11:31:46 6.1 25.55 225 9
26 20220810-11:31:59 6.1 25.55 270 9
27 20220810-11:32:54 6.2 24.55 270 9
28 20220810-11:33:02 6.2 24.55 270 9
29 20220810-11:33:10 6.2 24.55 270 9
30 20220810-11:33:23 6.2 24.55 225 9
31 20220810-11:33:35 6.2 24.55 180 9
32 20220810-11:33:48 6.2 24.55 135 9
33 20220810-11:33:51 6.2 24.55 135 9
34 20220810-11:34:05 6.2 24.55 90 9
35 20220810-11:34:16 6.2 24.55 45 9
36 20220810-11:34:27 6.2 24.55 0 9
37 20220810-11:34:39 6.2 24.55 315 9
38 20220810-11:34:48 6.2 24.55 270 9
39 20220810-11:35:17 6.3 23.55 270 8
40 20220810-11:35:19 6.3 23.55 270 8
41 20220810-11:35:38 6.3 23.55 315 8
42 20220810-11:35:50 6.3 23.55 0 8
43 20220810-11:35:56 6.3 23.55 0 8
44 20220810-11:36:03 6.3 23.55 45 8
45 20220810-11:36:20 6.3 23.55 90 8
46 20220810-11:36:21 6.3 23.55 90 8
47 20220810-11:36:25 6.3 23.55 90 8
48 20220810-11:36:35 6.3 23.55 135 8
49 20220810-11:36:44 6.3 23.55 180 8
50 20220810-11:36:51 6.3 23.55 225 8
51 20220810-11:36:56 6.3 23.55 225 8
52 20220810-11:37:10 6.3 23.55 270 8
53 20220810-11:37:36 6.3 22.45 270 8
54 20220810-11:37:52 6.3 22.45 225 8
55 20220810-11:37:54 6.3 22.45 225 8
56 20220810-11:38:05 6.3 22.45 180 8
57 20220810-11:38:06 6.3 22.45 180 8
58 20220810-11:38:16 6.3 22.45 135 8
59 20220810-11:38:22 6.3 22.45 135 8
60 20220810-11:38:30 6.3 22.45 90 8
61 20220810-11:38:35 6.3 22.45 90 8
62 20220810-11:38:43 6.3 22.45 45 8
63 20220810-11:38:44 6.3 22.45 45 8
64 20220810-11:38:57 6.3 22.45 0 8
65 20220810-11:39:08 6.3 22.45 315 8
66 20220810-11:39:10 6.3 22.45 315 8
67 20220810-11:39:21 6.3 22.45 270 8
68 20220810-11:39:25 6.3 22.45 270 8
69 20220810-11:39:52 6.3 21.45 270 7
70 20220810-11:39:59 6.3 21.45 270 7
71 20220810-11:40:12 6.3 21.45 270 7
72 20220810-11:40:12 6.3 21.45 270 7
73 20220810-11:40:25 6.3 21.45 315 7
74 20220810-11:40:37 6.3 21.45 0 7
75 20220810-11:40:50 6.3 21.45 45 7
76 20220810-11:41:06 6.3 21.45 90 7
77 20220810-11:41:07 6.3 21.45 90 7
78 20220810-11:41:16 6.3 21.45 135 7
79 20220810-11:41:16 6.3 21.45 135 7
80 20220810-11:41:33 6.3 21.45 180 7
81 20220810-11:41:45 6.3 21.45 225 7
82 20220810-11:41:54 6.3 21.45 225 7
83 20220810-11:42:01 6.3 21.45 270 7
84 20220810-11:42:04 6.3 21.45 270 7
85 20220810-11:42:35 6.3 21.45 270 7
86 20220810-11:42:57 6.3 20.55 270 7
87 20220810-11:43:02 6.3 20.55 270 7
88 20220810-11:43:11 6.3 20.55 225 7
89 20220810-11:43:15 6.3 20.55 225 7
90 20220810-11:43:24 6.3 20.55 180 7
91 20220810-11:43:38 6.3 20.55 135 7
92 20220810-11:43:50 6.3 20.55 90 7
93 20220810-11:44:04 6.3 20.55 45 7
94 20220810-11:44:17 6.3 20.55 0 7
95 20220810-11:44:26 6.3 20.55 315 7
96 20220810-11:44:38 6.3 20.55 270 7
97 20220810-11:44:45 6.3 20.55 270 7
98 20220810-11:44:57 6.3 19.55 270 6
99 20220810-11:45:06 6.3 19.55 270 6
100 20220810-11:45:43 6.3 19.55 270 6
