1 20220729-16:20:48 10.55 100.4 90 179
2 20220729-16:21:28 10.55 100.4 45 179
3 20220729-16:21:41 10.55 100.4 45 179
4 20220729-16:21:43 10.55 100.4 0 179
5 20220729-16:21:43 10.55 100.4 0 179
6 20220729-16:22:08 10.55 100.4 315 179
7 20220729-16:22:20 10.55 100.4 270 179
8 20220729-16:22:30 10.55 100.4 225 179
9 20220729-16:22:46 10.55 100.4 180 179
10 20220729-16:23:03 10.55 100.4 180 179
11 20220729-16:23:15 10.55 100.4 135 179
12 20220729-16:23:32 10.55 100.4 90 179
13 20220729-16:24:02 10.55 101.0 0 179
14 20220729-16:24:04 10.55 101.1 0 179
15 20220729-16:24:06 10.55 101.3 0 179
16 20220729-16:24:08 10.55 101.5 0 179
17 20220729-16:24:11 10.55 101.7 0 179
18 20220729-16:24:13 10.55 101.9 0 179
19 20220729-16:24:32 10.55 102.1 0 178
20 20220729-16:25:14 10.55 102.1 45 178
21 20220729-16:25:26 10.55 102.1 0 178
22 20220729-16:25:29 10.55 102.1 0 178
23 20220729-16:25:36 10.55 102.1 315 178
24 20220729-16:25:38 10.55 102.1 315 178
25 20220729-16:25:47 10.55 102.1 270 178
26 20220729-16:26:02 10.55 102.1 225 178
27 20220729-16:26:13 10.55 102.1 180 178
28 20220729-16:26:17 10.55 102.1 180 178
29 20220729-16:26:21 10.55 102.1 135 178
30 20220729-16:26:31 10.55 102.1 90 178
31 20220729-16:26:39 10.55 102.1 90 178
32 20220729-16:27:08 10.55 102.4 90 178
33 20220729-16:27:21 10.65 102.6 90 178
34 20220729-16:27:40 10.65 102.6 135 178
35 20220729-16:27:45 10.65 102.6 135 178
36 20220729-16:27:55 10.65 102.6 180 178
37 20220729-16:28:06 10.65 102.6 225 178
38 20220729-16:28:07 10.65 102.6 225 178
39 20220729-16:28:12 10.65 102.6 225 178
40 20220729-16:28:17 10.65 102.6 270 178
41 20220729-16:28:26 10.65 102.6 315 178
42 20220729-16:28:29 10.65 102.6 315 178
43 20220729-16:28:33 10.65 102.6 0 178
44 20220729-16:28:40 10.65 102.6 0 178
45 20220729-16:28:44 10.65 102.6 45 178
46 20220729-16:28:59 10.65 102.6 45 178
47 20220729-16:29:02 10.65 102.6 90 178
48 20220729-16:29:24 10.65 102.6 90 178
49 20220729-16:29:34 10.65 103.4 90 178
50 20220729-16:29:53 10.65 103.4 90 178
51 20220729-16:30:00 10.65 103.7 90 178
52 20220729-16:30:12 10.65 103.7 135 178
53 20220729-16:30:17 10.65 103.7 135 178
54 20220729-16:30:25 10.65 103.7 180 178
55 20220729-16:30:38 10.65 103.7 225 178
56 20220729-16:30:40 10.65 103.7 225 178
57 20220729-16:30:50 10.65 103.7 270 178
58 20220729-16:31:00 10.65 103.7 315 178
59 20220729-16:31:12 10.65 103.7 0 178
60 20220729-16:31:17 10.65 103.7 0 178
61 20220729-16:31:23 10.65 103.7 45 178
62 20220729-16:31:34 10.65 103.7 90 178
63 20220729-16:31:44 10.65 103.7 90 178
64 20220729-16:31:44 10.65 103.7 90 178
65 20220729-16:32:52 10.75 104.3 90 177
66 20220729-16:33:06 10.75 104.3 135 177
67 20220729-16:33:07 10.75 104.3 135 177
68 20220729-16:33:18 10.75 104.3 180 177
69 20220729-16:33:32 10.75 104.3 225 177
70 20220729-16:33:45 10.75 104.3 270 177
71 20220729-16:33:49 10.75 104.3 270 177
72 20220729-16:33:53 10.75 104.3 315 177
73 20220729-16:33:57 10.75 104.3 315 177
74 20220729-16:34:10 10.75 104.3 0 177
75 20220729-16:34:14 10.75 104.3 0 177
76 20220729-16:34:20 10.75 104.3 45 177
77 20220729-16:34:32 10.75 104.3 90 177
78 20220729-16:34:40 10.75 104.3 90 177
79 20220729-16:34:56 10.65 105.0 90 177
80 20220729-16:35:14 10.65 105.0 45 177
81 20220729-16:35:20 10.65 105.0 0 177
82 20220729-16:35:22 10.65 105.0 0 177
83 20220729-16:35:30 10.65 105.0 315 177
84 20220729-16:35:33 10.65 105.0 315 177
85 20220729-16:35:37 10.65 105.0 270 177
86 20220729-16:35:47 10.65 105.0 225 177
87 20220729-16:36:03 10.65 105.0 270 177
88 20220729-16:36:15 10.65 105.0 225 177
89 20220729-16:36:24 10.65 105.0 180 177
90 20220729-16:36:37 10.65 105.0 90 177
91 20220729-16:36:51 10.55 106.0 90 176
92 20220729-16:37:09 10.55 106.0 90 176
93 20220729-16:37:21 10.55 106.0 135 176
94 20220729-16:37:23 10.55 106.0 135 176
95 20220729-16:37:32 10.55 106.0 180 176
96 20220729-16:37:44 10.55 106.0 225 176
97 20220729-16:37:59 10.55 106.0 270 176
98 20220729-16:38:03 10.55 106.0 270 176
99 20220729-16:38:09 10.55 106.0 315 176
100 20220729-16:38:24 10.55 106.0 0 176
101 20220729-16:38:30 10.55 106.0 0 176
102 20220729-16:38:35 10.55 106.0 45 176
103 20220729-16:38:41 10.55 106.0 45 176
104 20220729-16:38:49 10.55 106.0 90 176
105 20220729-16:40:14 10.55 107.0 90 176
106 20220729-16:40:19 10.55 107.0 45 176
107 20220729-16:40:30 10.55 107.0 0 176
108 20220729-16:40:41 10.55 107.0 315 176
109 20220729-16:40:55 10.55 107.0 270 176
110 20220729-16:41:05 10.55 107.0 225 176
111 20220729-16:41:12 10.55 107.0 180 176
112 20220729-16:41:22 10.55 107.0 135 176
113 20220729-16:41:35 10.55 107.0 90 176
114 20220729-16:41:40 10.55 107.0 90 176
115 20220729-16:42:07 10.65 107.0 45 176
116 20220729-16:42:11 10.65 107.0 45 176
117 20220729-16:42:18 10.65 107.0 0 176
118 20220729-16:42:54 11.65 107.0 0 175
119 20220729-16:43:25 11.65 107.0 315 175
120 20220729-16:43:35 11.65 107.0 270 175
121 20220729-16:43:40 11.65 107.0 270 175
122 20220729-16:43:48 11.65 107.0 225 175
123 20220729-16:43:54 11.65 107.0 225 175
124 20220729-16:44:02 11.65 107.0 180 175
125 20220729-16:44:10 11.65 107.0 135 175
126 20220729-16:44:27 11.65 107.0 90 175
127 20220729-16:44:36 11.65 107.0 45 175
128 20220729-16:44:50 11.65 107.0 0 175
129 20220729-16:45:04 11.65 107.0 0 175
130 20220729-16:45:22 12.65 107.0 0 175
131 20220729-16:45:55 12.85 107.0 0 175
132 20220729-16:46:11 12.85 107.0 45 175
133 20220729-16:46:23 12.85 107.0 90 175
134 20220729-16:46:34 12.85 107.0 135 175
135 20220729-16:46:46 12.85 107.0 180 175
136 20220729-16:46:55 12.85 107.0 225 175
137 20220729-16:47:12 12.85 107.0 270 175
138 20220729-16:47:25 12.85 107.0 315 175
139 20220729-16:47:39 12.85 107.0 0 175
140 20220729-16:47:41 12.85 107.0 45 175
141 20220729-16:47:43 12.85 107.0 90 175
142 20220729-16:47:44 12.85 107.0 90 175
143 20220729-16:48:23 13.85 107.0 90 175
144 20220729-16:49:17 14.65 107.0 90 174
145 20220729-16:49:45 14.65 107.1 0 174
146 20220729-16:49:50 14.65 107.1 45 174
147 20220729-16:49:56 14.65 107.1 90 174
148 20220729-16:50:06 14.65 107.1 135 174
149 20220729-16:50:17 14.65 107.1 180 174
150 20220729-16:50:25 14.65 107.1 225 174
151 20220729-16:50:33 14.65 107.1 270 174
152 20220729-16:50:47 14.65 107.1 315 174
153 20220729-16:50:58 14.65 107.1 0 174
154 20220729-16:51:00 14.65 107.1 0 174
155 20220729-16:52:03 15.25 107.1 0 174
156 20220729-16:52:29 15.25 107.1 315 174
157 20220729-16:52:43 15.25 107.1 315 174
158 20220729-16:53:02 15.25 107.1 270 174
159 20220729-16:53:15 15.25 107.1 225 174
160 20220729-16:53:24 15.25 107.1 180 174
161 20220729-16:53:35 15.25 107.1 135 174
162 20220729-16:53:45 15.25 107.1 90 174
163 20220729-16:53:56 15.25 107.1 45 174
164 20220729-16:54:06 15.25 107.1 0 174
165 20220729-16:54:44 15.95 107.2 0 174
166 20220729-16:54:54 16.05 107.2 0 173
167 20220729-16:55:01 16.05 107.2 0 173
168 20220729-16:55:13 16.05 107.2 45 173
169 20220729-16:55:23 16.05 107.2 90 173
170 20220729-16:55:38 16.05 107.2 135 173
171 20220729-16:55:44 16.05 107.2 180 173
172 20220729-16:55:54 16.05 107.2 225 173
173 20220729-16:56:03 16.05 107.2 270 173
174 20220729-16:56:12 16.05 107.2 315 173
175 20220729-16:56:23 16.05 107.2 0 173
176 20220729-16:56:29 16.05 107.2 0 173
177 20220729-16:56:29 16.05 107.2 0 173
178 20220729-16:56:45 15.45 107.2 0 174
179 20220729-16:56:57 15.45 107.2 0 174
180 20220729-16:57:07 16.45 107.2 0 173
181 20220729-16:58:22 16.45 107.2 45 173
182 20220729-16:58:39 16.45 107.2 90 173
183 20220729-16:58:56 16.45 107.2 90 173
184 20220729-16:58:58 16.45 107.2 135 173
185 20220729-16:59:03 16.45 107.2 180 173
186 20220729-16:59:13 16.45 107.2 225 173
187 20220729-16:59:24 16.45 107.2 270 173
188 20220729-16:59:36 16.45 107.2 315 173
189 20220729-16:59:45 16.45 107.2 0 173
190 20220729-16:59:57 16.45 107.2 45 173
