1 20220711-14:07:57 31.65 71.7 0 148
2 20220711-14:08:00 31.35 71.5 0 148
3 20220711-14:08:04 31.35 71.3 0 148
4 20220711-14:08:12 31.35 70.8 0 147
5 20220711-14:08:14 31.35 70.5 0 147
6 20220711-14:08:15 31.35 70.3 0 147
7 20220711-14:08:16 31.35 70.1 0 147
8 20220711-14:08:18 31.25 69.9 0 147
9 20220711-14:08:20 31.25 69.8 0 147
10 20220711-14:08:21 31.25 69.6 0 147
11 20220711-14:08:22 31.25 69.4 0 147
12 20220711-14:08:25 31.25 69.2 0 147
13 20220711-14:08:26 31.25 69.0 0 147
14 20220711-14:08:28 31.25 68.8 0 146
15 20220711-14:08:29 31.25 68.6 0 146
16 20220711-14:08:36 31.25 68.6 270 146
17 20220711-14:08:38 31.25 68.5 270 146
18 20220711-14:08:39 31.25 68.3 270 146
19 20220711-14:08:40 31.25 68.1 270 146
20 20220711-14:08:43 31.25 67.9 270 146
21 20220711-14:08:44 31.25 67.7 270 146
22 20220711-14:08:45 31.25 67.5 270 146
23 20220711-14:08:47 31.25 67.3 270 146
24 20220711-14:08:52 31.25 67.2 270 146
25 20220711-14:08:53 31.25 67.0 270 146
26 20220711-14:08:54 31.25 66.8 270 145
27 20220711-14:08:57 31.25 66.6 270 145
28 20220711-14:08:58 31.25 66.4 270 145
29 20220711-14:09:00 31.25 66.2 270 145
30 20220711-14:09:01 31.25 66.0 270 145
31 20220711-14:09:03 31.25 65.8 270 145
32 20220711-14:09:05 31.25 65.6 270 145
33 20220711-14:09:05 31.25 65.4 270 145
34 20220711-14:09:06 31.25 65.2 270 145
35 20220711-14:09:07 31.25 65.0 270 145
36 20220711-14:09:08 31.25 64.8 270 144
37 20220711-14:09:09 31.25 64.6 270 144
38 20220711-14:09:10 31.25 64.4 270 144
39 20220711-14:09:11 31.25 64.2 270 144
40 20220711-14:09:12 31.25 64.0 270 144
41 20220711-14:09:14 31.25 63.8 270 144
42 20220711-14:09:15 31.25 63.6 270 144
43 20220711-14:09:16 31.25 63.4 270 144
44 20220711-14:09:18 31.25 63.2 270 144
45 20220711-14:09:21 31.25 63.0 270 144
46 20220711-14:09:21 31.25 62.8 270 143
47 20220711-14:09:22 31.25 62.6 270 143
48 20220711-14:09:23 31.25 62.4 270 143
49 20220711-14:09:25 31.25 62.2 270 143
50 20220711-14:09:26 31.25 62.0 270 143
51 20220711-14:09:29 31.25 61.8 270 143
52 20220711-14:09:31 31.25 61.7 270 143
53 20220711-14:09:32 31.25 61.5 270 143
54 20220711-14:09:33 31.25 61.3 270 143
55 20220711-14:09:35 31.25 61.1 270 143
56 20220711-14:09:36 31.25 60.9 270 142
57 20220711-14:09:37 31.25 60.7 270 142
58 20220711-14:09:39 31.25 60.5 270 142
59 20220711-14:09:41 31.25 60.3 270 142
60 20220711-14:09:42 31.25 60.1 270 142
61 20220711-14:09:43 31.25 59.9 270 142
62 20220711-14:09:45 31.25 59.7 270 142
63 20220711-14:09:46 31.25 59.5 270 142
64 20220711-14:09:47 31.25 59.3 270 142
65 20220711-14:09:54 31.25 59.1 270 142
66 20220711-14:09:58 31.25 58.9 270 142
67 20220711-14:10:06 31.25 58.7 270 142
68 20220711-14:10:07 31.25 58.5 270 141
69 20220711-14:10:27 31.25 57.9 270 141
70 20220711-14:10:30 31.25 57.5 270 141
71 20220711-14:10:31 31.25 57.3 270 141
72 20220711-14:10:52 31.25 57.3 315 141
73 20220711-14:10:59 31.25 57.3 270 141
74 20220711-14:11:03 31.55 57.0 270 141
75 20220711-14:11:07 31.55 56.6 270 141
76 20220711-14:11:08 31.55 56.3 270 141
77 20220711-14:11:10 31.55 56.1 270 141
78 20220711-14:11:11 31.55 55.9 270 102
79 20220711-14:11:14 31.55 55.7 270 102
80 20220711-14:11:15 31.55 55.5 270 102
81 20220711-14:11:17 31.55 55.3 270 102
82 20220711-14:11:22 31.55 55.1 270 102
83 20220711-14:11:26 31.55 54.9 270 102
84 20220711-14:11:30 31.55 54.6 270 102
85 20220711-14:11:31 31.55 53.9 270 100
86 20220711-14:11:33 31.55 53.0 270 100
87 20220711-14:11:34 31.55 52.7 270 100
88 20220711-14:11:35 31.55 52.5 270 100
89 20220711-14:11:36 31.55 52.2 270 100
90 20220711-14:11:37 31.55 52.0 270 100
91 20220711-14:11:40 31.55 51.7 270 98
92 20220711-14:11:41 31.55 51.4 270 98
93 20220711-14:11:44 31.55 51.2 270 98
94 20220711-14:11:47 31.55 50.8 270 98
95 20220711-14:11:50 31.55 50.5 270 98
96 20220711-14:11:52 31.55 50.3 270 98
97 20220711-14:11:52 31.55 50.1 270 98
98 20220711-14:11:53 31.55 49.9 270 96
99 20220711-14:11:55 31.55 49.6 270 96
100 20220711-14:11:58 31.55 49.4 270 96
101 20220711-14:12:05 31.55 49.2 270 96
102 20220711-14:12:06 31.55 49.0 270 96
103 20220711-14:12:07 31.55 48.8 270 96
104 20220711-14:12:09 31.55 48.6 270 96
105 20220711-14:12:11 31.55 48.3 270 96
106 20220711-14:12:12 31.55 48.1 270 96
107 20220711-14:12:15 31.55 47.9 270 94
108 20220711-14:12:20 31.55 47.7 270 94
109 20220711-14:12:22 31.55 47.5 270 94
110 20220711-14:12:24 31.55 47.3 270 94
111 20220711-14:12:25 31.55 47.1 270 94
112 20220711-14:12:26 31.55 46.9 270 94
113 20220711-14:12:27 31.55 46.7 270 94
114 20220711-14:12:28 31.55 46.5 270 94
115 20220711-14:12:30 31.55 46.3 270 94
116 20220711-14:12:31 31.55 46.1 270 94
117 20220711-14:12:32 31.55 45.9 270 93
118 20220711-14:12:33 31.55 45.8 270 93
119 20220711-14:12:34 31.55 45.6 270 93
120 20220711-14:12:35 31.55 45.4 270 93
121 20220711-14:12:37 31.55 45.2 270 93
122 20220711-14:12:42 31.55 45.2 225 93
123 20220711-14:13:05 31.55 45.2 225 93
124 20220711-14:13:07 31.55 45.2 225 93
125 20220711-14:13:09 31.55 45.2 225 93
126 20220711-14:13:11 31.55 45.2 225 93
127 20220711-14:13:20 31.55 45.2 180 93
128 20220711-14:13:27 31.25 45.2 180 93
129 20220711-14:13:29 31.05 45.2 180 93
130 20220711-14:13:32 30.85 45.2 180 92
131 20220711-14:13:34 30.65 45.2 180 92
132 20220711-14:13:37 30.45 45.2 180 92
133 20220711-14:13:38 30.25 45.2 180 92
134 20220711-14:13:40 30.05 45.2 180 92
135 20220711-14:13:42 29.85 45.2 180 92
136 20220711-14:13:43 29.85 45.2 180 92
137 20220711-14:13:46 29.65 45.2 180 92
138 20220711-14:13:48 29.45 45.2 180 92
139 20220711-14:13:50 29.35 45.2 180 92
140 20220711-14:14:22 29.35 45.2 315 92
141 20220711-14:14:29 29.35 45.2 180 92
142 20220711-14:14:36 29.35 45.2 225 92
143 20220711-14:14:43 29.35 45.2 180 92
144 20220711-14:14:52 28.75 45.2 180 91
145 20220711-14:14:53 28.35 45.2 180 91
146 20220711-14:14:54 27.95 45.2 180 91
147 20220711-14:14:55 27.35 45.2 180 91
148 20220711-14:14:57 26.55 45.2 180 90
149 20220711-14:14:58 26.05 45.2 180 90
150 20220711-14:15:00 25.85 45.2 180 90
151 20220711-14:15:02 25.55 45.2 180 90
152 20220711-14:15:03 25.35 45.2 180 90
153 20220711-14:15:06 24.95 45.2 180 89
154 20220711-14:15:07 24.65 45.2 180 89
155 20220711-14:15:09 24.45 45.2 180 89
156 20220711-14:15:12 24.25 45.2 180 89
157 20220711-14:15:13 24.05 45.2 180 89
158 20220711-14:15:15 23.85 45.2 180 89
159 20220711-14:15:16 23.65 45.2 180 89
160 20220711-14:15:18 23.45 45.2 180 89
161 20220711-14:15:19 23.25 45.2 180 89
162 20220711-14:15:21 23.05 45.2 180 89
163 20220711-14:15:23 22.75 45.2 180 88
164 20220711-14:15:24 22.55 45.2 180 88
165 20220711-14:15:25 22.35 45.2 180 88
166 20220711-14:15:28 22.15 45.2 180 88
167 20220711-14:15:30 21.95 45.2 180 88
168 20220711-14:15:33 21.75 45.2 180 88
169 20220711-14:15:35 21.55 45.2 180 88
170 20220711-14:15:37 21.35 45.2 180 88
171 20220711-14:15:39 21.15 45.2 180 88
172 20220711-14:15:40 20.95 45.2 180 87
173 20220711-14:15:42 20.75 45.2 180 87
174 20220711-14:15:43 20.55 45.2 180 87
175 20220711-14:15:45 20.35 45.2 180 87
176 20220711-14:15:48 20.25 45.2 180 87
177 20220711-14:15:49 20.15 45.2 180 87
178 20220711-14:15:50 19.95 45.2 180 87
179 20220711-14:15:53 19.75 45.2 180 87
180 20220711-14:15:58 19.75 45.2 180 87
181 20220711-14:16:00 19.55 45.2 180 87
182 20220711-14:16:01 19.35 45.2 180 87
183 20220711-14:16:02 19.15 45.2 180 87
184 20220711-14:16:03 18.95 45.2 180 86
185 20220711-14:16:06 18.75 45.2 180 86
186 20220711-14:16:08 18.55 45.2 180 86
187 20220711-14:16:10 18.35 45.2 180 86
188 20220711-14:16:14 18.15 45.2 180 86
189 20220711-14:16:15 17.95 45.2 180 86
190 20220711-14:16:16 17.75 45.2 180 86
191 20220711-14:16:17 17.55 45.2 180 86
192 20220711-14:16:19 17.35 45.2 180 86
193 20220711-14:16:20 17.15 45.2 180 86
194 20220711-14:16:22 16.85 45.2 180 85
195 20220711-14:16:23 16.55 45.2 180 85
196 20220711-14:16:33 16.55 45.2 135 85
197 20220711-14:16:37 16.55 45.2 180 85
198 20220711-14:16:38 16.25 45.2 180 85
199 20220711-14:16:39 16.05 45.2 180 85
200 20220711-14:16:41 15.85 45.2 180 85
201 20220711-14:16:43 15.65 45.2 180 85
202 20220711-14:16:44 15.45 45.2 180 85
203 20220711-14:16:45 15.25 45.2 180 85
204 20220711-14:16:46 15.05 45.2 180 85
205 20220711-14:16:48 14.85 45.2 180 84
206 20220711-14:16:50 14.65 45.2 180 84
207 20220711-14:16:52 14.45 45.2 180 84
208 20220711-14:16:54 14.25 45.2 180 84
209 20220711-14:16:56 14.05 45.2 180 84
210 20220711-14:16:57 13.85 45.2 180 84
211 20220711-14:16:59 13.65 45.2 180 84
212 20220711-14:17:01 13.45 45.2 180 84
213 20220711-14:17:02 13.25 45.2 180 84
214 20220711-14:17:06 13.05 45.2 180 84
215 20220711-14:17:08 12.85 45.2 180 83
216 20220711-14:17:14 12.55 45.2 180 83
217 20220711-14:17:16 12.35 45.2 180 83
218 20220711-14:17:23 12.15 45.2 180 83
219 20220711-14:17:28 11.95 45.2 180 83
220 20220711-14:17:32 11.75 45.2 180 83
221 20220711-14:17:33 11.55 45.2 180 83
222 20220711-14:17:36 11.35 45.2 180 83
223 20220711-14:17:37 11.15 45.2 180 83
224 20220711-14:17:40 10.95 45.2 180 82
225 20220711-14:17:43 10.75 45.2 180 82
226 20220711-14:17:44 10.55 45.2 180 82
227 20220711-14:17:46 10.25 45.2 180 82
228 20220711-14:17:46 10.05 45.2 180 82
229 20220711-14:17:47 9.85 45.2 180 82
230 20220711-14:17:48 9.65 45.2 180 82
231 20220711-14:17:50 9.45 45.2 180 82
232 20220711-14:17:51 9.25 45.2 180 82
233 20220711-14:17:52 9.05 45.2 180 82
234 20220711-14:17:54 8.85 45.2 180 81
235 20220711-14:17:58 8.65 45.2 180 81
236 20220711-14:18:01 8.45 45.2 180 81
237 20220711-14:18:01 8.25 45.2 180 81
238 20220711-14:18:03 8.05 45.2 180 81
239 20220711-14:18:04 7.85 45.2 180 81
240 20220711-14:18:05 7.65 45.2 180 81
241 20220711-14:18:06 7.45 45.2 180 81
242 20220711-14:18:08 7.25 45.2 180 81
243 20220711-14:18:09 7.05 45.2 180 81
244 20220711-14:18:09 6.85 45.2 180 80
245 20220711-14:18:10 6.65 45.2 180 80
246 20220711-14:18:11 6.45 45.2 180 80
247 20220711-14:18:12 6.35 45.2 180 80
248 20220711-14:18:13 6.15 45.2 180 80
249 20220711-14:18:16 6.05 45.2 180 80
250 20220711-14:18:37 6.05 45.2 135 80
251 20220711-14:18:46 6.05 45.2 90 80
252 20220711-14:18:51 6.05 45.2 45 80
253 20220711-14:19:00 6.05 45.2 90 80
254 20220711-14:19:03 6.05 45.2 45 80
255 20220711-14:19:04 6.05 45.2 0 80
256 20220711-14:19:14 6.25 45.2 0 80
257 20220711-14:19:19 6.45 45.2 0 80
258 20220711-14:19:20 6.65 45.2 0 80
259 20220711-14:19:22 6.85 45.2 0 80
260 20220711-14:19:24 7.05 45.2 0 81
261 20220711-14:19:25 7.25 45.2 0 81
262 20220711-14:19:26 7.45 45.2 0 81
263 20220711-14:19:27 7.75 45.2 0 81
264 20220711-14:19:28 7.95 45.2 0 81
265 20220711-14:19:29 8.15 45.2 0 81
266 20220711-14:19:31 8.35 45.2 0 81
267 20220711-14:19:32 8.55 45.2 0 81
268 20220711-14:19:33 8.75 45.2 0 81
269 20220711-14:19:34 8.95 45.2 0 81
270 20220711-14:19:36 9.15 45.2 0 82
271 20220711-14:19:37 9.45 45.2 0 82
272 20220711-14:19:37 9.65 45.2 0 82
273 20220711-14:19:38 9.85 45.2 0 82
274 20220711-14:19:39 10.05 45.2 0 82
275 20220711-14:19:43 10.25 45.2 0 82
276 20220711-14:19:45 10.45 45.2 0 82
277 20220711-14:19:48 10.55 45.2 0 82
278 20220711-14:19:48 10.65 45.2 0 82
279 20220711-14:19:50 10.75 45.2 0 82
280 20220711-14:19:50 10.85 45.2 0 82
281 20220711-14:19:51 10.95 45.2 0 82
282 20220711-14:19:52 11.05 45.2 0 83
283 20220711-14:19:53 11.15 45.2 0 83
284 20220711-14:19:54 11.25 45.2 0 83
285 20220711-14:19:55 11.35 45.2 0 83
286 20220711-14:19:56 11.45 45.2 0 83
287 20220711-14:19:57 11.55 45.2 0 83
288 20220711-14:19:58 11.65 45.2 0 83
289 20220711-14:19:59 11.75 45.2 0 83
290 20220711-14:20:00 11.85 45.2 0 83
291 20220711-14:20:02 12.05 45.2 0 83
292 20220711-14:20:02 12.25 45.2 0 83
293 20220711-14:20:03 12.45 45.2 0 83
294 20220711-14:20:04 12.65 45.2 0 83
295 20220711-14:20:05 12.85 45.2 0 83
296 20220711-14:20:06 13.05 45.2 0 84
297 20220711-14:20:07 13.25 45.2 0 84
298 20220711-14:20:08 13.45 45.2 0 84
299 20220711-14:20:10 13.65 45.2 0 84
300 20220711-14:20:11 13.85 45.2 0 84
301 20220711-14:20:13 14.05 45.2 0 84
302 20220711-14:20:14 14.25 45.2 0 84
303 20220711-14:20:15 14.45 45.2 0 84
304 20220711-14:20:17 14.65 45.2 0 84
305 20220711-14:20:19 14.85 45.2 0 84
306 20220711-14:20:20 15.05 45.2 0 85
307 20220711-14:20:22 15.25 45.2 0 85
308 20220711-14:20:23 15.45 45.2 0 85
309 20220711-14:20:24 15.65 45.2 0 85
310 20220711-14:20:26 15.85 45.2 0 85
311 20220711-14:20:27 16.05 45.2 0 85
312 20220711-14:20:28 16.25 45.2 0 85
313 20220711-14:20:30 16.45 45.2 0 85
314 20220711-14:20:32 16.65 45.2 0 85
315 20220711-14:20:36 16.85 45.1 0 85
316 20220711-14:20:37 17.05 45.1 0 86
317 20220711-14:20:38 17.25 45.1 0 86
318 20220711-14:20:48 17.35 45.1 0 86
319 20220711-14:20:51 17.45 45.1 0 86
320 20220711-14:20:52 17.65 45.1 0 86
321 20220711-14:20:54 17.85 45.1 0 86
322 20220711-14:20:56 18.05 45.1 0 86
323 20220711-14:20:58 18.25 45.1 0 86
324 20220711-14:20:59 18.45 45.1 0 86
325 20220711-14:21:00 18.65 45.1 0 86
326 20220711-14:21:01 18.85 45.1 0 86
327 20220711-14:21:03 19.05 45.1 0 87
328 20220711-14:21:05 19.25 45.1 0 87
329 20220711-14:21:11 19.35 45.1 0 87
330 20220711-14:21:14 19.45 45.1 0 87
331 20220711-14:21:16 19.55 45.1 0 87
332 20220711-14:21:18 19.65 45.1 0 87
333 20220711-14:21:20 19.75 45.1 0 87
334 20220711-14:21:22 19.85 45.1 0 87
335 20220711-14:21:24 19.95 45.1 0 87
336 20220711-14:21:25 20.15 45.1 0 87
337 20220711-14:21:26 20.35 45.1 0 87
338 20220711-14:21:28 20.55 45.1 0 87
339 20220711-14:21:29 20.75 45.1 0 87
340 20220711-14:21:31 20.95 45.1 0 87
341 20220711-14:21:32 21.15 45.1 0 88
342 20220711-14:21:34 21.35 45.1 0 88
343 20220711-14:21:35 21.55 45.1 0 88
344 20220711-14:21:38 21.65 45.1 0 88
345 20220711-14:21:41 21.75 45.1 0 88
346 20220711-14:21:42 21.85 45.1 0 88
347 20220711-14:21:44 21.95 45.1 0 88
348 20220711-14:21:44 22.15 45.1 0 88
349 20220711-14:21:45 22.35 45.1 0 88
350 20220711-14:21:47 22.55 45.1 0 88
351 20220711-14:21:48 22.75 45.1 0 88
352 20220711-14:21:50 22.95 45.1 0 88
353 20220711-14:21:51 23.15 45.1 0 89
354 20220711-14:21:52 23.35 45.1 0 89
355 20220711-14:21:54 23.55 45.1 0 89
356 20220711-14:21:55 23.75 45.1 0 89
357 20220711-14:21:57 23.95 45.1 0 89
358 20220711-14:21:59 24.15 45.1 0 89
359 20220711-14:22:01 24.35 45.1 0 89
360 20220711-14:22:02 24.55 45.1 0 89
361 20220711-14:22:03 24.75 45.1 0 89
362 20220711-14:22:05 24.95 45.1 0 89
363 20220711-14:22:06 25.15 45.1 0 90
364 20220711-14:22:08 25.35 45.1 0 90
365 20220711-14:22:09 25.55 45.1 0 90
366 20220711-14:22:10 25.75 45.1 0 90
367 20220711-14:22:11 25.95 45.1 0 90
368 20220711-14:22:13 26.15 45.1 0 90
369 20220711-14:22:16 26.25 45.1 0 90
370 20220711-14:22:19 26.35 45.1 0 90
371 20220711-14:22:21 26.45 45.1 0 90
372 20220711-14:22:23 26.55 45.1 0 90
373 20220711-14:22:26 26.65 45.1 0 90
374 20220711-14:22:29 26.75 45.1 0 90
375 20220711-14:22:31 26.85 45.1 0 90
376 20220711-14:22:32 26.95 45.1 0 90
377 20220711-14:22:33 27.05 45.1 0 91
378 20220711-14:22:35 27.15 45.1 0 91
379 20220711-14:22:35 27.25 45.1 0 91
380 20220711-14:22:36 27.35 45.1 0 91
381 20220711-14:22:38 27.45 45.1 0 91
382 20220711-14:22:38 27.55 45.1 0 91
383 20220711-14:22:39 27.75 45.1 0 91
384 20220711-14:22:40 27.95 45.1 0 91
385 20220711-14:22:42 28.15 45.1 0 91
386 20220711-14:22:43 28.35 45.1 0 91
387 20220711-14:22:44 28.55 45.1 0 91
388 20220711-14:22:45 28.75 45.1 0 91
389 20220711-14:22:45 28.95 45.1 0 91
390 20220711-14:22:47 29.15 45.1 0 92
391 20220711-14:22:48 29.35 45.1 0 92
392 20220711-14:22:49 29.55 45.1 0 92
393 20220711-14:22:52 29.75 45.1 0 92
394 20220711-14:22:53 30.05 45.1 0 92
395 20220711-14:22:55 30.15 45.1 0 92
396 20220711-14:22:56 30.35 45.1 0 92
397 20220711-14:22:57 30.55 45.1 0 92
398 20220711-14:22:58 30.65 45.1 0 92
399 20220711-14:22:59 30.75 45.1 0 92
400 20220711-14:23:00 30.85 45.1 0 92
401 20220711-14:23:01 30.95 45.1 0 92
402 20220711-14:23:02 31.05 45.1 0 93
403 20220711-14:23:03 31.15 45.1 0 93
404 20220711-14:23:05 31.25 45.1 0 93
405 20220711-14:23:06 31.35 45.1 0 93
406 20220711-14:23:07 31.45 45.1 0 93
407 20220711-14:23:19 31.45 45.1 315 93
408 20220711-14:23:24 31.45 45.1 315 93
409 20220711-14:23:28 31.45 45.1 315 93
410 20220711-14:23:32 31.55 45.1 315 93
411 20220711-14:23:34 31.55 45.1 315 93
412 20220711-14:23:36 31.55 45.1 270 93
413 20220711-14:23:44 31.65 44.8 270 93
414 20220711-14:23:45 31.65 44.5 270 93
415 20220711-14:23:46 31.65 44.3 270 93
416 20220711-14:23:47 31.65 44.1 270 93
417 20220711-14:23:47 31.65 43.9 270 66
418 20220711-14:23:49 31.65 43.7 270 66
419 20220711-14:23:50 31.65 43.5 270 66
420 20220711-14:23:51 31.65 43.3 270 66
421 20220711-14:23:52 31.65 43.1 270 66
422 20220711-14:23:54 31.65 42.9 270 66
423 20220711-14:23:55 31.65 42.8 270 66
424 20220711-14:24:08 31.55 43.0 225 66
425 20220711-14:24:09 31.55 43.0 225 66
426 20220711-14:24:10 31.55 43.0 225 66
427 20220711-14:24:14 31.55 43.0 180 66
428 20220711-14:24:22 31.25 43.0 180 66
429 20220711-14:24:23 31.25 43.1 180 66
430 20220711-14:24:24 31.05 43.1 180 66
431 20220711-14:24:25 30.85 43.1 180 67
432 20220711-14:24:26 30.65 43.1 180 67
433 20220711-14:24:27 30.45 43.1 180 67
434 20220711-14:24:29 30.25 43.1 180 67
435 20220711-14:24:30 30.05 43.1 180 67
436 20220711-14:24:32 29.85 43.1 180 67
437 20220711-14:24:33 29.65 43.1 180 67
438 20220711-14:24:34 29.45 43.1 180 67
439 20220711-14:24:36 29.35 43.1 180 67
440 20220711-14:24:37 29.15 43.1 180 67
441 20220711-14:24:39 28.95 43.1 180 68
442 20220711-14:24:42 28.75 43.1 180 68
443 20220711-14:24:44 28.55 43.1 180 68
444 20220711-14:24:46 28.35 43.1 180 68
445 20220711-14:24:47 28.15 43.1 180 68
446 20220711-14:24:48 27.95 43.1 180 68
447 20220711-14:24:49 27.75 43.1 180 68
448 20220711-14:24:51 27.55 43.1 180 68
449 20220711-14:24:52 27.35 43.1 180 68
450 20220711-14:24:54 27.15 43.1 180 68
451 20220711-14:24:56 26.95 43.1 180 69
452 20220711-14:25:00 26.95 43.3 180 69
453 20220711-14:25:12 26.75 43.3 180 69
454 20220711-14:25:18 26.35 43.6 180 69
455 20220711-14:25:19 26.05 43.6 180 69
456 20220711-14:25:20 25.65 43.6 180 69
457 20220711-14:25:22 25.45 43.6 180 69
458 20220711-14:25:23 25.25 43.6 180 69
459 20220711-14:25:24 24.95 43.6 180 70
460 20220711-14:25:26 24.75 43.6 180 70
461 20220711-14:25:32 24.35 43.5 180 70
462 20220711-14:25:33 24.15 43.5 180 70
463 20220711-14:25:35 23.95 43.5 180 70
464 20220711-14:25:36 23.65 43.5 180 70
465 20220711-14:25:38 23.45 43.5 180 70
466 20220711-14:25:40 23.25 43.5 180 70
467 20220711-14:25:42 23.05 43.5 180 70
468 20220711-14:25:44 22.85 43.5 180 71
469 20220711-14:25:47 22.65 43.5 180 71
470 20220711-14:25:48 22.45 43.5 180 71
471 20220711-14:25:50 22.25 43.5 180 71
472 20220711-14:25:51 22.05 43.5 180 71
473 20220711-14:25:53 21.85 43.5 180 71
474 20220711-14:25:54 21.65 43.5 180 71
475 20220711-14:25:55 21.45 43.5 180 71
476 20220711-14:25:57 21.25 43.5 180 71
477 20220711-14:25:58 21.05 43.5 180 71
478 20220711-14:25:59 20.85 43.5 180 72
479 20220711-14:26:01 20.65 43.5 180 72
480 20220711-14:26:03 20.45 43.5 180 72
481 20220711-14:26:04 20.25 43.5 180 72
482 20220711-14:26:07 20.05 43.5 180 72
483 20220711-14:26:10 19.95 43.5 180 72
484 20220711-14:26:13 19.85 43.5 180 72
485 20220711-14:26:15 19.75 43.5 180 72
486 20220711-14:26:17 19.65 43.5 180 72
487 20220711-14:26:18 19.55 43.5 180 72
488 20220711-14:26:20 19.45 43.5 180 72
489 20220711-14:26:22 19.35 43.5 180 72
490 20220711-14:26:23 19.25 43.5 180 72
491 20220711-14:26:23 19.15 43.5 180 72
492 20220711-14:26:25 18.95 43.5 180 73
493 20220711-14:26:28 18.75 43.5 180 73
494 20220711-14:26:30 18.55 43.5 180 73
495 20220711-14:26:33 18.35 43.5 180 73
496 20220711-14:26:37 18.15 43.5 180 73
497 20220711-14:26:41 17.95 43.5 180 73
498 20220711-14:26:43 17.75 43.5 180 73
499 20220711-14:26:57 17.45 43.5 180 73
500 20220711-14:27:11 17.25 43.5 180 73
501 20220711-14:27:13 17.05 43.5 180 73
502 20220711-14:27:16 16.85 43.5 180 74
503 20220711-14:27:26 16.85 43.5 225 74
504 20220711-14:27:30 16.45 43.5 225 74
505 20220711-14:27:32 16.45 43.5 180 74
506 20220711-14:27:34 15.95 43.5 180 74
507 20220711-14:27:36 15.75 43.5 180 74
508 20220711-14:27:37 15.55 43.5 180 74
509 20220711-14:27:38 15.35 43.5 180 74
510 20220711-14:27:40 15.15 43.5 180 74
511 20220711-14:27:41 14.95 43.5 180 75
512 20220711-14:27:44 14.75 43.5 180 75
513 20220711-14:27:45 14.55 43.5 180 75
514 20220711-14:27:47 14.35 43.5 180 75
515 20220711-14:27:49 14.15 43.5 180 75
516 20220711-14:27:55 13.95 43.5 180 75
517 20220711-14:27:57 13.55 43.5 180 75
518 20220711-14:27:58 13.15 43.5 180 75
519 20220711-14:28:00 12.65 43.5 180 76
520 20220711-14:28:01 12.45 43.5 180 76
521 20220711-14:28:03 12.15 43.5 180 76
522 20220711-14:28:04 11.85 43.5 180 76
523 20220711-14:28:05 11.65 43.5 180 76
524 20220711-14:28:06 11.45 43.5 180 76
525 20220711-14:28:08 11.25 43.5 180 76
526 20220711-14:28:09 11.05 43.5 180 76
527 20220711-14:28:10 10.85 43.5 180 77
528 20220711-14:28:12 10.65 43.5 180 77
529 20220711-14:28:16 10.45 43.5 180 77
530 20220711-14:28:18 10.25 43.5 180 77
531 20220711-14:28:19 10.05 43.5 180 77
532 20220711-14:28:20 9.85 43.5 180 77
533 20220711-14:28:21 9.65 43.5 180 77
534 20220711-14:28:23 9.45 43.5 180 77
535 20220711-14:28:24 9.25 43.5 180 77
536 20220711-14:28:25 9.05 43.5 180 77
537 20220711-14:28:27 8.85 43.5 180 78
538 20220711-14:28:29 8.65 43.5 180 78
539 20220711-14:28:32 8.45 43.5 180 78
540 20220711-14:28:35 8.25 43.5 180 78
541 20220711-14:28:36 8.05 43.5 180 78
542 20220711-14:28:39 7.95 43.5 180 78
543 20220711-14:28:40 7.85 43.5 180 78
544 20220711-14:28:41 7.75 43.5 180 78
545 20220711-14:28:42 7.65 43.5 180 78
546 20220711-14:28:43 7.45 43.5 180 78
547 20220711-14:28:44 7.25 43.5 180 78
548 20220711-14:28:45 7.05 43.5 180 78
549 20220711-14:28:46 6.85 43.5 180 79
550 20220711-14:28:47 6.65 43.5 180 79
551 20220711-14:28:48 6.45 43.5 180 79
552 20220711-14:28:50 6.25 43.5 180 79
553 20220711-14:28:53 6.15 43.5 180 79
554 20220711-14:28:59 6.15 43.5 135 79
555 20220711-14:29:20 6.15 43.5 90 79
556 20220711-14:29:25 6.15 43.5 45 79
557 20220711-14:29:30 6.15 43.5 45 79
558 20220711-14:29:33 6.15 43.5 45 79
559 20220711-14:29:38 6.15 43.5 0 79
560 20220711-14:29:42 6.15 43.5 0 79
561 20220711-14:29:48 6.45 43.5 0 79
562 20220711-14:29:50 6.65 43.5 0 79
563 20220711-14:29:52 6.85 43.5 0 79
564 20220711-14:29:54 7.05 43.5 0 78
565 20220711-14:29:55 7.35 43.5 0 78
566 20220711-14:29:57 7.75 43.5 0 78
567 20220711-14:29:58 7.95 43.5 0 78
568 20220711-14:30:00 8.15 43.5 0 78
569 20220711-14:30:01 8.35 43.5 0 78
570 20220711-14:30:02 8.55 43.5 0 78
571 20220711-14:30:03 8.75 43.5 0 78
572 20220711-14:30:06 8.95 43.5 0 78
573 20220711-14:30:07 9.15 43.5 0 77
574 20220711-14:30:09 9.35 43.5 0 77
575 20220711-14:30:12 9.45 43.5 0 77
576 20220711-14:30:15 9.55 43.5 0 77
577 20220711-14:30:16 9.65 43.5 0 77
578 20220711-14:30:17 9.75 43.5 0 77
579 20220711-14:30:19 9.85 43.5 0 77
580 20220711-14:30:22 9.95 43.5 0 77
581 20220711-14:30:27 10.05 43.5 0 77
582 20220711-14:30:29 10.15 43.5 0 77
583 20220711-14:30:30 10.25 43.5 0 77
584 20220711-14:30:31 10.35 43.5 0 77
585 20220711-14:30:33 10.45 43.5 0 77
586 20220711-14:30:34 10.65 43.5 0 77
587 20220711-14:30:35 10.95 43.5 0 77
588 20220711-14:30:39 11.15 43.5 0 76
589 20220711-14:30:41 11.25 43.5 0 76
590 20220711-14:30:42 11.45 43.5 0 76
591 20220711-14:30:43 11.55 43.5 0 76
592 20220711-14:30:45 11.65 43.5 0 76
593 20220711-14:30:46 11.75 43.5 0 76
594 20220711-14:30:47 11.85 43.5 0 76
595 20220711-14:30:48 11.95 43.5 0 76
596 20220711-14:30:49 12.05 43.5 0 76
597 20220711-14:30:51 12.15 43.5 0 76
598 20220711-14:30:52 12.25 43.5 0 76
599 20220711-14:30:53 12.35 43.5 0 76
600 20220711-14:30:54 12.45 43.5 0 76
601 20220711-14:30:55 12.55 43.5 0 76
602 20220711-14:30:57 12.65 43.5 0 76
603 20220711-14:30:57 12.75 43.5 0 76
604 20220711-14:30:59 12.85 43.5 0 76
605 20220711-14:31:00 12.95 43.5 0 76
606 20220711-14:31:02 13.05 43.5 0 75
607 20220711-14:31:03 13.35 43.5 0 75
608 20220711-14:31:04 13.55 43.5 0 75
609 20220711-14:31:05 13.75 43.5 0 75
610 20220711-14:31:07 13.85 43.5 0 75
611 20220711-14:31:08 14.05 43.5 0 75
612 20220711-14:31:10 14.25 43.5 0 75
613 20220711-14:31:11 14.45 43.5 0 75
614 20220711-14:31:12 14.65 43.5 0 75
615 20220711-14:31:13 14.75 43.5 0 75
616 20220711-14:31:14 14.85 43.5 0 75
617 20220711-14:31:15 14.95 43.5 0 75
618 20220711-14:31:16 15.05 43.5 0 74
619 20220711-14:31:18 15.35 43.5 0 74
620 20220711-14:31:19 15.55 43.5 0 74
621 20220711-14:31:20 15.75 43.5 0 74
622 20220711-14:31:21 15.85 43.5 0 74
623 20220711-14:31:22 16.05 43.5 0 74
624 20220711-14:31:24 16.15 43.5 0 74
625 20220711-14:31:25 16.25 43.5 0 74
626 20220711-14:31:26 16.35 43.5 0 74
627 20220711-14:31:27 16.45 43.5 0 74
628 20220711-14:31:28 16.65 43.5 0 74
629 20220711-14:31:29 16.85 43.5 0 74
630 20220711-14:31:31 17.05 43.5 0 73
631 20220711-14:31:33 17.25 43.5 0 73
632 20220711-14:31:34 17.45 43.5 0 73
633 20220711-14:31:36 17.65 43.5 0 73
634 20220711-14:31:38 17.85 43.5 0 73
635 20220711-14:31:40 17.95 43.5 0 73
636 20220711-14:31:42 18.05 43.5 0 73
637 20220711-14:31:44 18.15 43.5 0 73
638 20220711-14:31:45 18.25 43.5 0 73
639 20220711-14:31:46 18.45 43.5 0 73
640 20220711-14:31:47 18.65 43.5 0 73
641 20220711-14:31:48 18.85 43.5 0 73
642 20220711-14:31:49 19.05 43.5 0 72
643 20220711-14:31:50 19.25 43.5 0 72
644 20220711-14:31:51 19.45 43.5 0 72
645 20220711-14:31:52 19.65 43.5 0 72
646 20220711-14:31:58 19.75 43.5 0 72
647 20220711-14:32:00 19.85 43.5 0 72
648 20220711-14:32:02 19.95 43.5 0 72
649 20220711-14:32:02 20.15 43.5 0 72
650 20220711-14:32:03 20.35 43.5 0 72
651 20220711-14:32:05 20.55 43.5 0 72
652 20220711-14:32:06 20.65 43.5 0 72
653 20220711-14:32:07 20.75 43.5 0 72
654 20220711-14:32:08 20.95 43.5 0 72
655 20220711-14:32:09 21.05 43.5 0 71
656 20220711-14:32:11 21.15 43.5 0 71
657 20220711-14:32:12 21.25 43.5 0 71
658 20220711-14:32:14 21.35 43.5 0 71
659 20220711-14:32:15 21.55 43.5 0 71
660 20220711-14:32:16 21.65 43.5 0 71
661 20220711-14:32:17 21.85 43.5 0 71
662 20220711-14:32:18 22.05 43.5 0 71
663 20220711-14:32:19 22.15 43.5 0 71
664 20220711-14:32:20 22.35 43.5 0 71
665 20220711-14:32:22 22.45 43.5 0 71
666 20220711-14:32:23 22.65 43.5 0 71
667 20220711-14:32:25 22.85 43.5 0 71
668 20220711-14:32:26 23.05 43.5 0 70
669 20220711-14:32:27 23.25 43.5 0 70
670 20220711-14:32:28 23.45 43.5 0 70
671 20220711-14:32:29 23.65 43.5 0 70
672 20220711-14:32:30 23.85 43.5 0 70
673 20220711-14:32:32 24.05 43.5 0 70
674 20220711-14:32:33 24.25 43.5 0 70
675 20220711-14:32:35 24.45 43.5 0 70
676 20220711-14:32:37 24.65 43.5 0 70
677 20220711-14:32:42 24.75 43.5 0 70
678 20220711-14:32:44 24.95 43.5 0 70
679 20220711-14:32:47 25.15 43.5 0 69
680 20220711-14:32:51 25.25 43.5 0 69
681 20220711-14:32:52 25.45 43.5 0 69
682 20220711-14:32:53 25.65 43.5 0 69
683 20220711-14:32:54 25.85 43.5 0 69
684 20220711-14:32:55 26.05 43.5 0 69
685 20220711-14:32:56 26.25 43.5 0 69
686 20220711-14:32:58 26.45 43.5 0 69
687 20220711-14:33:00 26.65 43.5 0 69
688 20220711-14:33:03 26.75 43.4 0 69
689 20220711-14:33:05 26.85 43.4 0 69
690 20220711-14:33:06 27.05 43.4 0 68
691 20220711-14:33:08 27.25 43.4 0 68
692 20220711-14:33:10 27.35 43.4 0 68
693 20220711-14:33:10 27.55 43.4 0 68
694 20220711-14:33:12 27.75 43.4 0 68
695 20220711-14:33:13 27.95 43.4 0 68
696 20220711-14:33:14 28.15 43.4 0 68
697 20220711-14:33:15 28.35 43.4 0 68
698 20220711-14:33:16 28.55 43.4 0 68
699 20220711-14:33:18 28.75 43.4 0 68
700 20220711-14:33:22 28.75 43.4 315 68
701 20220711-14:33:26 28.75 43.4 0 68
702 20220711-14:33:27 28.95 43.4 0 68
703 20220711-14:33:28 29.15 43.4 0 67
704 20220711-14:33:30 29.35 43.4 0 67
705 20220711-14:33:31 29.55 43.4 0 67
706 20220711-14:33:33 29.75 43.4 0 67
707 20220711-14:33:34 29.95 43.4 0 67
708 20220711-14:33:37 30.15 43.4 0 67
709 20220711-14:33:39 30.35 43.4 0 67
710 20220711-14:33:41 30.55 43.4 0 67
711 20220711-14:33:43 30.75 43.4 0 67
712 20220711-14:33:45 30.95 43.4 0 67
713 20220711-14:33:47 31.15 43.4 0 66
714 20220711-14:33:51 31.35 43.4 0 66
715 20220711-14:33:53 31.55 43.4 0 66
716 20220711-14:33:54 31.75 43.4 0 66
717 20220711-14:33:55 31.95 43.4 0 66
718 20220711-14:33:57 32.15 43.4 0 66
719 20220711-14:34:07 32.15 43.4 315 66
720 20220711-14:34:23 32.15 43.4 315 66
721 20220711-14:34:24 32.15 43.4 315 66
722 20220711-14:34:27 32.15 43.4 270 66
723 20220711-14:34:32 32.15 43.4 225 66
724 20220711-14:34:34 32.15 43.4 225 66
725 20220711-14:34:36 32.15 43.4 225 66
726 20220711-14:34:39 32.15 43.4 225 66
727 20220711-14:34:42 32.15 43.4 225 66
728 20220711-14:34:45 32.15 43.4 180 66
729 20220711-14:34:52 31.65 43.2 180 66
730 20220711-14:34:53 31.45 43.2 180 66
731 20220711-14:34:55 31.25 43.2 180 66
732 20220711-14:34:56 31.05 43.2 180 66
733 20220711-14:34:58 30.85 43.2 180 67
734 20220711-14:34:59 30.65 43.2 180 67
735 20220711-14:35:01 30.45 43.2 180 67
736 20220711-14:35:02 30.25 43.2 180 67
737 20220711-14:35:03 30.05 43.2 180 67
738 20220711-14:35:04 29.85 43.2 180 67
739 20220711-14:35:06 29.65 43.2 180 67
740 20220711-14:35:07 29.45 43.2 180 67
741 20220711-14:35:08 29.25 43.2 180 67
742 20220711-14:35:10 29.05 43.2 180 67
743 20220711-14:35:11 28.75 43.2 180 68
744 20220711-14:35:12 28.45 43.2 180 68
745 20220711-14:35:14 28.15 43.2 180 68
746 20220711-14:35:15 28.05 43.2 180 68
747 20220711-14:35:16 27.85 43.2 180 68
748 20220711-14:35:17 27.75 43.2 180 68
749 20220711-14:35:18 27.65 43.2 180 68
750 20220711-14:35:19 27.55 43.2 180 68
751 20220711-14:35:22 27.55 43.2 180 68
752 20220711-14:35:23 27.45 43.2 180 68
753 20220711-14:35:24 27.35 43.2 180 68
754 20220711-14:35:26 27.25 43.2 180 68
755 20220711-14:35:28 27.25 43.3 180 68
756 20220711-14:35:29 27.15 43.3 180 68
757 20220711-14:35:30 27.05 43.3 180 68
758 20220711-14:35:31 26.95 43.3 180 69
759 20220711-14:35:34 26.85 43.3 180 69
760 20220711-14:35:37 26.75 43.3 180 69
761 20220711-14:35:39 26.75 43.4 180 69
762 20220711-14:35:40 26.65 43.4 180 69
763 20220711-14:35:41 26.55 43.4 180 69
764 20220711-14:35:42 26.45 43.4 180 69
765 20220711-14:35:43 26.25 43.4 180 69
766 20220711-14:35:45 26.05 43.4 180 69
767 20220711-14:35:46 25.85 43.5 180 69
768 20220711-14:35:47 25.65 43.5 180 69
769 20220711-14:35:48 25.45 43.5 180 69
770 20220711-14:35:49 25.25 43.5 180 69
771 20220711-14:35:51 25.05 43.5 180 69
772 20220711-14:35:52 24.85 43.5 180 70
773 20220711-14:35:54 24.65 43.5 180 70
774 20220711-14:35:55 24.45 43.5 180 70
775 20220711-14:35:57 24.25 43.5 180 70
776 20220711-14:36:07 24.05 43.5 0 70
777 20220711-14:36:10 23.85 43.5 0 70
778 20220711-14:36:12 23.65 43.5 0 70
779 20220711-14:36:14 23.45 43.5 0 70
780 20220711-14:36:15 23.25 43.5 0 70
781 20220711-14:36:16 23.05 43.5 0 70
782 20220711-14:36:17 22.85 43.5 0 71
783 20220711-14:36:18 22.65 43.5 0 71
784 20220711-14:36:19 22.45 43.5 0 71
785 20220711-14:36:19 22.25 43.5 0 71
786 20220711-14:36:20 22.05 43.5 0 71
787 20220711-14:36:21 21.85 43.5 0 71
788 20220711-14:36:22 21.65 43.5 0 71
789 20220711-14:36:23 21.45 43.5 0 71
790 20220711-14:36:24 21.25 43.5 0 71
791 20220711-14:36:27 21.15 43.5 0 71
792 20220711-14:36:29 21.05 43.5 0 71
793 20220711-14:36:31 20.95 43.5 0 72
794 20220711-14:36:38 20.95 43.5 45 72
795 20220711-14:36:40 20.75 43.5 45 72
796 20220711-14:36:41 20.55 43.5 45 72
797 20220711-14:36:43 20.55 43.5 0 72
798 20220711-14:36:47 20.15 43.5 0 72
799 20220711-14:36:49 20.15 43.5 45 72
800 20220711-14:36:50 20.15 43.5 45 72
801 20220711-14:37:00 20.15 43.5 45 72
802 20220711-14:37:07 20.15 43.5 0 72
803 20220711-14:37:17 20.15 43.5 315 72
804 20220711-14:37:19 20.15 43.5 315 72
805 20220711-14:37:19 20.15 43.5 315 72
806 20220711-14:37:20 20.15 43.5 315 72
807 20220711-14:37:21 20.15 43.5 315 72
808 20220711-14:37:26 20.15 43.5 270 72
809 20220711-14:37:28 20.15 43.0 270 72
810 20220711-14:37:31 19.85 42.6 270 72
811 20220711-14:37:32 19.85 42.4 270 72
812 20220711-14:37:33 19.85 42.4 270 72
813 20220711-14:37:35 19.85 42.2 270 72
814 20220711-14:37:40 19.85 42.0 270 72
815 20220711-14:37:42 19.85 41.8 270 43
816 20220711-14:37:44 19.85 41.6 270 43
817 20220711-14:37:47 19.85 41.4 270 43
818 20220711-14:37:49 19.85 41.2 270 43
819 20220711-14:37:50 19.85 41.0 270 43
820 20220711-14:37:52 19.85 40.8 270 43
821 20220711-14:37:54 19.85 40.6 270 43
822 20220711-14:37:57 19.85 40.5 270 43
823 20220711-14:38:00 19.85 40.4 270 43
824 20220711-14:38:02 19.85 40.2 270 43
825 20220711-14:38:03 19.85 40.0 270 43
826 20220711-14:38:05 19.85 39.8 270 42
827 20220711-14:38:06 19.85 39.6 270 42
828 20220711-14:38:07 19.85 39.4 270 42
829 20220711-14:38:09 19.85 39.2 270 42
830 20220711-14:38:11 19.85 39.0 270 42
831 20220711-14:38:13 19.85 38.9 270 42
832 20220711-14:38:14 19.85 38.7 270 42
833 20220711-14:38:15 19.85 38.5 270 42
834 20220711-14:38:16 19.85 38.3 270 42
835 20220711-14:38:18 19.85 38.1 270 42
836 20220711-14:38:19 19.85 37.9 270 41
837 20220711-14:38:21 19.85 37.7 270 41
838 20220711-14:38:22 19.85 37.5 270 41
839 20220711-14:38:23 19.85 37.3 270 41
840 20220711-14:38:25 19.85 37.1 270 41
841 20220711-14:38:26 19.85 36.9 270 41
842 20220711-14:38:27 19.85 36.7 270 41
843 20220711-14:38:30 19.85 36.5 270 41
844 20220711-14:38:31 19.85 36.3 270 41
845 20220711-14:38:36 19.85 36.1 270 41
846 20220711-14:38:42 19.85 35.9 270 40
847 20220711-14:38:45 19.85 35.7 270 40
848 20220711-14:38:47 19.85 35.5 270 40
849 20220711-14:38:49 19.85 35.3 270 40
850 20220711-14:38:50 19.85 35.2 270 40
851 20220711-14:38:51 19.85 35.1 270 40
852 20220711-14:38:56 19.85 35.0 270 40
853 20220711-14:38:58 19.85 34.8 270 40
854 20220711-14:39:00 19.85 34.6 270 40
855 20220711-14:39:01 19.85 34.5 270 40
856 20220711-14:39:03 19.85 34.3 270 40
857 20220711-14:39:04 19.85 34.2 270 40
858 20220711-14:39:05 19.85 34.0 270 40
859 20220711-14:39:06 19.85 33.8 270 39
860 20220711-14:39:08 19.85 33.6 270 39
861 20220711-14:39:09 19.85 33.4 270 39
862 20220711-14:39:10 19.85 33.2 270 39
863 20220711-14:39:11 19.85 33.0 270 39
864 20220711-14:39:13 19.85 32.8 270 39
865 20220711-14:39:14 19.85 32.6 270 39
866 20220711-14:39:15 19.85 32.4 270 39
867 20220711-14:39:17 19.85 32.2 270 39
868 20220711-14:39:18 19.85 32.0 270 39
869 20220711-14:39:19 19.85 31.8 270 39
870 20220711-14:39:20 19.85 31.6 270 39
871 20220711-14:39:22 19.85 31.4 270 39
872 20220711-14:39:23 19.85 31.2 270 39
873 20220711-14:39:24 19.85 31.0 270 39
874 20220711-14:39:25 19.85 30.8 270 38
875 20220711-14:39:26 19.85 30.6 270 38
876 20220711-14:39:27 19.85 30.4 270 38
877 20220711-14:39:29 19.85 30.2 270 38
878 20220711-14:39:31 19.85 30.0 270 38
879 20220711-14:39:32 19.85 29.8 270 38
880 20220711-14:39:33 19.85 29.6 270 38
881 20220711-14:39:35 19.85 29.4 270 38
882 20220711-14:39:36 19.85 29.2 270 38
883 20220711-14:39:37 19.85 29.0 270 38
884 20220711-14:39:38 19.85 28.8 270 37
885 20220711-14:39:40 19.85 28.6 270 37
886 20220711-14:39:41 19.85 28.5 270 37
887 20220711-14:39:42 19.85 28.4 270 37
888 20220711-14:39:43 19.85 28.3 270 37
889 20220711-14:39:45 19.85 28.2 270 37
890 20220711-14:39:46 19.85 28.1 270 37
891 20220711-14:39:47 19.85 28.0 270 37
892 20220711-14:39:48 19.85 27.9 270 37
893 20220711-14:39:50 19.85 27.8 270 37
894 20220711-14:39:51 19.85 27.7 270 37
895 20220711-14:39:52 19.85 27.6 270 37
896 20220711-14:39:53 19.85 27.5 270 37
897 20220711-14:39:55 19.85 27.4 270 37
898 20220711-14:39:56 19.85 27.3 270 37
899 20220711-14:39:57 19.85 27.2 270 37
900 20220711-14:39:58 19.85 27.1 270 37
901 20220711-14:40:00 19.85 26.9 270 36
902 20220711-14:40:03 19.85 26.8 270 36
903 20220711-14:40:05 19.85 26.7 270 36
904 20220711-14:40:07 19.85 26.6 270 36
905 20220711-14:40:08 19.85 26.5 270 36
906 20220711-14:40:09 19.85 26.4 270 36
907 20220711-14:40:10 19.85 26.3 270 36
908 20220711-14:40:12 19.85 26.2 270 36
909 20220711-14:40:14 19.85 26.1 270 36
910 20220711-14:40:15 19.85 26.0 270 36
911 20220711-14:40:16 19.85 25.9 270 36
912 20220711-14:40:17 19.85 25.8 270 36
913 20220711-14:40:18 19.85 25.7 270 36
914 20220711-14:40:19 19.85 25.6 270 36
915 20220711-14:40:21 19.85 25.5 270 36
916 20220711-14:40:22 19.85 25.4 270 36
917 20220711-14:40:23 19.85 25.3 270 36
918 20220711-14:40:24 19.85 25.1 270 36
919 20220711-14:40:26 19.85 24.9 270 35
920 20220711-14:40:27 19.85 24.7 270 35
921 20220711-14:40:28 19.85 24.5 270 35
922 20220711-14:40:30 19.85 24.3 270 35
923 20220711-14:40:31 19.85 24.1 270 35
924 20220711-14:40:34 19.85 24.0 270 35
925 20220711-14:40:35 19.85 23.8 270 35
926 20220711-14:40:36 19.85 23.6 270 35
927 20220711-14:40:37 19.85 23.4 270 35
928 20220711-14:40:39 19.85 23.2 270 35
929 20220711-14:40:41 19.85 23.1 270 35
930 20220711-14:40:43 19.85 23.0 270 35
931 20220711-14:40:44 19.85 22.8 270 34
932 20220711-14:40:46 19.85 22.6 270 34
933 20220711-14:40:47 19.85 22.4 270 34
934 20220711-14:40:49 19.85 22.2 270 34
935 20220711-14:40:52 19.85 22.2 315 34
936 20220711-14:40:56 19.85 22.2 315 34
937 20220711-14:40:58 19.85 22.0 315 34
938 20220711-14:41:03 19.85 22.0 270 34
939 20220711-14:41:08 19.85 21.7 270 34
940 20220711-14:41:09 19.85 21.5 270 34
941 20220711-14:41:11 19.85 21.3 270 34
942 20220711-14:41:12 19.85 21.0 270 34
943 20220711-14:41:13 19.85 20.8 270 33
944 20220711-14:41:14 19.85 20.4 270 33
945 20220711-14:41:15 19.85 20.1 270 33
946 20220711-14:41:16 19.85 19.9 270 33
947 20220711-14:41:18 19.85 19.7 270 33
948 20220711-14:41:19 19.85 19.5 270 33
949 20220711-14:41:20 19.85 19.3 270 33
950 20220711-14:41:21 19.85 19.2 270 33
951 20220711-14:41:22 19.85 19.2 270 33
952 20220711-14:41:24 19.85 19.1 270 33
953 20220711-14:41:25 19.85 19.0 270 33
954 20220711-14:41:27 19.85 18.9 270 32
955 20220711-14:41:29 19.85 18.8 270 32
956 20220711-14:41:31 19.85 18.7 270 32
957 20220711-14:41:32 19.85 18.6 270 32
958 20220711-14:41:33 19.85 18.5 270 32
959 20220711-14:41:34 19.85 18.4 270 32
960 20220711-14:41:36 19.85 18.3 270 32
961 20220711-14:41:36 19.85 18.2 270 32
962 20220711-14:41:37 19.85 18.1 270 32
963 20220711-14:41:38 19.85 18.0 270 32
964 20220711-14:41:39 19.85 17.9 270 32
965 20220711-14:41:40 19.85 17.8 270 32
966 20220711-14:41:41 19.85 17.7 270 32
967 20220711-14:41:42 19.85 17.6 270 32
968 20220711-14:41:43 19.85 17.4 270 32
969 20220711-14:41:44 19.85 17.2 270 32
970 20220711-14:41:45 19.85 17.0 270 32
971 20220711-14:41:46 19.85 16.8 270 31
972 20220711-14:41:47 19.85 16.7 270 31
973 20220711-14:41:49 19.85 16.6 270 31
974 20220711-14:41:50 19.85 16.5 270 31
975 20220711-14:41:52 19.85 16.4 270 31
976 20220711-14:41:53 19.85 16.3 270 31
977 20220711-14:41:53 19.85 16.2 270 31
978 20220711-14:41:54 19.85 16.0 270 31
979 20220711-14:41:55 19.85 15.8 270 31
980 20220711-14:41:56 19.85 15.6 270 31
981 20220711-14:41:58 19.85 15.5 270 31
982 20220711-14:41:59 19.85 15.3 270 31
983 20220711-14:42:00 19.85 15.1 270 31
984 20220711-14:42:01 19.85 14.9 270 30
985 20220711-14:42:02 19.85 14.7 270 30
986 20220711-14:42:03 19.85 14.6 270 30
987 20220711-14:42:08 19.85 14.5 270 30
988 20220711-14:42:11 19.85 14.4 270 30
989 20220711-14:42:13 19.85 14.3 270 30
990 20220711-14:42:14 19.85 14.2 270 30
991 20220711-14:42:15 19.85 14.0 270 30
992 20220711-14:42:16 19.85 13.8 270 30
993 20220711-14:42:18 19.85 13.6 270 30
994 20220711-14:42:19 19.85 13.4 270 30
995 20220711-14:42:20 19.85 13.2 270 30
996 20220711-14:42:21 19.85 13.1 270 30
997 20220711-14:42:22 19.85 12.9 270 29
998 20220711-14:42:23 19.85 12.7 270 29
999 20220711-14:42:24 19.85 12.5 270 29
1000 20220711-14:42:25 19.85 12.3 270 29
1001 20220711-14:42:26 19.85 12.1 270 29
1002 20220711-14:42:27 19.85 12.0 270 29
1003 20220711-14:42:28 19.85 11.9 270 29
1004 20220711-14:42:29 19.85 11.8 270 29
1005 20220711-14:42:30 19.85 11.7 270 29
1006 20220711-14:42:31 19.85 11.6 270 29
1007 20220711-14:42:32 19.85 11.5 270 29
1008 20220711-14:42:33 19.85 11.4 270 29
1009 20220711-14:42:34 19.85 11.3 270 29
1010 20220711-14:42:34 19.85 11.1 270 29
1011 20220711-14:42:36 19.85 11.0 270 29
1012 20220711-14:42:37 19.85 10.8 270 28
1013 20220711-14:42:38 19.85 10.7 270 28
1014 20220711-14:42:39 19.85 10.6 270 28
1015 20220711-14:42:42 19.85 10.5 270 28
1016 20220711-14:42:44 19.85 10.4 270 28
1017 20220711-14:42:44 19.85 10.2 270 28
1018 20220711-14:42:45 19.85 10.1 270 28
1019 20220711-14:42:46 19.85 9.9 270 28
1020 20220711-14:42:47 19.85 9.7 270 28
1021 20220711-14:42:48 19.85 9.5 270 28
1022 20220711-14:42:50 19.85 9.5 270 28
1023 20220711-14:42:51 19.85 9.4 270 28
1024 20220711-14:42:59 19.85 9.3 270 28
1025 20220711-14:43:01 19.85 9.2 270 28
1026 20220711-14:43:02 19.85 9.1 270 28
1027 20220711-14:43:03 19.85 9.0 270 28
1028 20220711-14:43:05 19.85 8.9 270 27
1029 20220711-14:43:06 19.85 8.8 270 27
1030 20220711-14:43:08 19.85 8.7 270 27
1031 20220711-14:43:09 19.85 8.6 270 27
1032 20220711-14:43:10 19.85 8.5 270 27
1033 20220711-14:43:11 19.85 8.4 270 27
1034 20220711-14:43:12 19.85 8.3 270 27
1035 20220711-14:43:13 19.85 8.2 270 27
1036 20220711-14:43:13 19.85 8.1 270 27
1037 20220711-14:43:14 19.85 8.0 270 27
1038 20220711-14:43:15 19.85 7.9 270 27
1039 20220711-14:43:15 19.85 7.8 270 27
1040 20220711-14:43:16 19.85 7.7 270 27
1041 20220711-14:43:16 19.85 7.6 270 27
1042 20220711-14:43:18 19.85 7.5 270 27
1043 20220711-14:43:19 19.85 7.3 270 27
1044 20220711-14:43:20 19.85 7.1 270 27
1045 20220711-14:43:21 19.85 6.9 270 26
1046 20220711-14:43:22 19.85 6.7 270 26
1047 20220711-14:43:24 19.85 6.5 270 26
1048 20220711-14:43:26 19.85 6.4 270 26
1049 20220711-14:43:40 19.85 6.4 225 26
1050 20220711-14:43:48 19.85 6.4 225 26
1051 20220711-14:43:49 19.85 6.4 225 26
1052 20220711-14:43:50 19.85 6.4 225 26
1053 20220711-14:43:54 19.85 6.4 180 26
1054 20220711-14:43:56 19.85 6.4 180 26
1055 20220711-14:43:57 19.85 6.4 135 26
1056 20220711-14:44:00 19.85 6.4 135 26
1057 20220711-14:44:02 19.85 6.4 135 26
1058 20220711-14:44:05 19.85 6.4 90 26
1059 20220711-14:44:13 19.85 6.7 90 26
1060 20220711-14:44:15 19.85 6.9 90 26
1061 20220711-14:44:18 19.85 7.1 90 27
1062 20220711-14:44:21 19.85 7.3 90 27
1063 20220711-14:44:24 19.85 7.5 90 27
1064 20220711-14:44:26 19.85 7.7 90 27
1065 20220711-14:44:28 19.85 7.9 90 27
1066 20220711-14:44:30 19.85 8.2 90 27
1067 20220711-14:44:31 19.85 8.4 90 27
1068 20220711-14:44:32 19.85 8.6 90 27
1069 20220711-14:44:33 19.85 8.8 90 27
1070 20220711-14:44:34 19.85 9.0 90 28
1071 20220711-14:44:35 19.85 9.2 90 28
1072 20220711-14:44:37 19.85 9.4 90 28
1073 20220711-14:44:38 19.85 9.6 90 28
1074 20220711-14:44:39 19.85 9.8 90 28
1075 20220711-14:44:40 19.85 10.0 90 28
1076 20220711-14:44:42 19.85 10.2 90 28
1077 20220711-14:44:43 19.85 10.4 90 28
1078 20220711-14:44:45 19.85 10.5 90 28
1079 20220711-14:44:48 19.85 10.6 90 28
1080 20220711-14:44:48 19.85 10.7 90 28
1081 20220711-14:44:49 19.85 10.8 90 28
1082 20220711-14:44:50 19.85 10.9 90 28
1083 20220711-14:44:51 19.85 11.0 90 29
1084 20220711-14:44:51 19.85 11.1 90 29
1085 20220711-14:44:52 19.85 11.2 90 29
1086 20220711-14:44:53 19.85 11.3 90 29
1087 20220711-14:44:54 19.85 11.4 90 29
1088 20220711-14:44:56 19.85 11.6 90 29
1089 20220711-14:44:56 19.85 11.8 90 29
1090 20220711-14:44:57 19.85 12.0 90 29
1091 20220711-14:44:59 19.85 12.2 90 29
1092 20220711-14:45:00 19.85 12.4 90 29
1093 20220711-14:45:02 19.85 12.5 90 29
1094 20220711-14:45:03 19.85 12.5 90 29
1095 20220711-14:45:05 19.85 12.7 90 29
1096 20220711-14:45:06 19.85 12.9 90 29
1097 20220711-14:45:06 19.85 13.1 90 30
1098 20220711-14:45:07 19.85 13.3 90 30
1099 20220711-14:45:08 19.85 13.5 90 30
1100 20220711-14:45:10 19.85 13.7 90 30
1101 20220711-14:45:11 19.85 13.7 90 30
1102 20220711-14:45:12 19.85 13.9 90 30
1103 20220711-14:45:13 19.85 14.1 90 30
1104 20220711-14:45:15 19.85 14.3 90 30
1105 20220711-14:45:16 19.85 14.5 90 30
1106 20220711-14:45:20 19.85 14.6 90 30
1107 20220711-14:45:21 19.85 14.7 90 30
1108 20220711-14:45:22 19.85 14.8 90 30
1109 20220711-14:45:27 19.85 14.9 90 30
1110 20220711-14:45:28 19.85 15.0 90 31
1111 20220711-14:45:29 19.85 15.1 90 31
1112 20220711-14:45:30 19.85 15.2 90 31
1113 20220711-14:45:31 19.85 15.3 90 31
1114 20220711-14:45:32 19.85 15.4 90 31
1115 20220711-14:45:33 19.85 15.5 90 31
1116 20220711-14:45:34 19.85 15.6 90 31
1117 20220711-14:45:35 19.85 15.7 90 31
1118 20220711-14:45:36 19.85 15.8 90 31
1119 20220711-14:45:37 19.85 15.9 90 31
1120 20220711-14:45:38 19.85 16.0 90 31
1121 20220711-14:45:39 19.85 16.1 90 31
1122 20220711-14:45:39 19.85 16.2 90 31
1123 20220711-14:45:40 19.85 16.3 90 31
1124 20220711-14:45:41 19.85 16.4 90 31
1125 20220711-14:45:42 19.85 16.5 90 31
1126 20220711-14:45:44 19.85 16.6 90 31
1127 20220711-14:45:44 19.85 16.7 90 31
1128 20220711-14:45:45 19.85 16.8 90 31
1129 20220711-14:45:46 19.85 16.9 90 31
1130 20220711-14:45:46 19.85 17.0 90 32
1131 20220711-14:45:47 19.85 17.1 90 32
1132 20220711-14:45:48 19.85 17.2 90 32
1133 20220711-14:45:50 19.85 17.4 90 32
1134 20220711-14:45:51 19.85 17.6 90 32
1135 20220711-14:45:52 19.85 17.7 90 32
1136 20220711-14:45:53 19.85 17.8 90 32
1137 20220711-14:45:54 19.85 17.9 90 32
1138 20220711-14:45:56 19.85 18.0 90 32
1139 20220711-14:45:57 19.85 18.1 90 32
1140 20220711-14:45:57 19.85 18.2 90 32
1141 20220711-14:45:58 19.85 18.3 90 32
1142 20220711-14:45:59 19.85 18.4 90 32
1143 20220711-14:46:00 19.85 18.5 90 32
1144 20220711-14:46:01 19.85 18.6 90 32
1145 20220711-14:46:02 19.85 18.7 90 32
1146 20220711-14:46:05 19.85 18.9 90 32
1147 20220711-14:46:06 19.85 19.0 90 33
1148 20220711-14:46:09 19.85 19.1 90 33
1149 20220711-14:46:10 19.85 19.2 90 33
1150 20220711-14:46:11 19.85 19.3 90 33
1151 20220711-14:46:11 19.85 19.4 90 33
1152 20220711-14:46:12 19.85 19.5 90 33
1153 20220711-14:46:13 19.85 19.6 90 33
1154 20220711-14:46:14 19.85 19.7 90 33
1155 20220711-14:46:15 19.85 19.8 90 33
1156 20220711-14:46:16 19.85 19.9 90 33
1157 20220711-14:46:17 19.85 20.0 90 33
1158 20220711-14:46:18 19.85 20.1 90 33
1159 20220711-14:46:18 19.85 20.2 90 33
1160 20220711-14:46:19 19.85 20.3 90 33
1161 20220711-14:46:20 19.85 20.4 90 33
1162 20220711-14:46:21 19.85 20.5 90 33
1163 20220711-14:46:28 19.85 20.7 90 33
1164 20220711-14:46:29 19.85 20.8 90 33
1165 20220711-14:46:31 19.85 20.9 90 33
1166 20220711-14:46:32 19.85 21.0 90 34
1167 20220711-14:46:33 19.85 21.3 90 34
1168 20220711-14:46:34 19.85 21.6 90 34
1169 20220711-14:46:35 19.85 21.8 90 34
1170 20220711-14:46:36 19.85 22.0 90 34
1171 20220711-14:46:38 19.85 22.2 90 34
1172 20220711-14:46:39 19.85 22.4 90 34
1173 20220711-14:46:41 19.85 22.6 90 34
1174 20220711-14:46:43 19.85 22.8 90 34
1175 20220711-14:46:44 19.85 23.0 90 35
1176 20220711-14:46:46 19.85 23.3 90 35
1177 20220711-14:46:47 19.85 23.5 90 35
1178 20220711-14:46:48 19.85 23.7 90 35
1179 20220711-14:46:49 19.85 23.9 90 35
1180 20220711-14:46:51 19.85 24.0 90 35
1181 20220711-14:46:53 19.85 24.1 90 35
1182 20220711-14:46:56 19.85 24.2 90 35
1183 20220711-14:46:57 19.85 24.3 90 35
1184 20220711-14:47:00 19.85 24.4 90 35
1185 20220711-14:47:01 19.85 24.5 90 35
1186 20220711-14:47:05 19.85 24.6 90 35
1187 20220711-14:47:06 19.85 24.7 90 35
1188 20220711-14:47:08 19.85 24.8 90 35
1189 20220711-14:47:09 19.85 25.0 90 36
1190 20220711-14:47:09 19.85 25.2 90 36
1191 20220711-14:47:10 19.85 25.4 90 36
1192 20220711-14:47:12 19.85 25.6 90 36
1193 20220711-14:47:14 19.85 25.8 90 36
1194 20220711-14:47:16 19.85 26.0 90 36
1195 20220711-14:47:17 19.85 26.2 90 36
1196 20220711-14:47:17 19.85 26.4 90 36
1197 20220711-14:47:18 19.85 26.6 90 36
1198 20220711-14:47:19 19.85 26.8 90 36
1199 20220711-14:47:20 19.85 27.0 90 37
1200 20220711-14:47:21 19.85 27.2 90 37
1201 20220711-14:47:22 19.85 27.4 90 37
1202 20220711-14:47:23 19.85 27.6 90 37
1203 20220711-14:47:24 19.85 27.8 90 37
1204 20220711-14:47:25 19.85 28.0 90 37
1205 20220711-14:47:26 19.85 28.2 90 37
1206 20220711-14:47:27 19.85 28.4 90 37
1207 20220711-14:47:28 19.85 28.6 90 37
1208 20220711-14:47:29 19.85 28.7 90 37
1209 20220711-14:47:30 19.85 28.9 90 37
1210 20220711-14:47:32 19.85 29.1 90 38
1211 20220711-14:47:33 19.85 29.3 90 38
1212 20220711-14:47:34 19.85 29.5 90 38
1213 20220711-14:47:35 19.85 29.7 90 38
1214 20220711-14:47:38 19.85 30.1 90 38
1215 20220711-14:47:39 19.85 30.3 90 38
1216 20220711-14:47:40 19.85 30.5 90 38
1217 20220711-14:47:41 19.85 30.7 90 38
1218 20220711-14:47:42 19.85 30.9 90 38
1219 20220711-14:47:44 19.85 31.1 90 39
1220 20220711-14:47:45 19.85 31.3 90 39
1221 20220711-14:47:46 19.85 31.5 90 39
1222 20220711-14:47:47 19.85 31.7 90 39
1223 20220711-14:47:48 19.85 31.9 90 39
1224 20220711-14:47:49 19.85 32.1 90 39
1225 20220711-14:47:50 19.85 32.3 90 39
1226 20220711-14:47:51 19.85 32.5 90 39
1227 20220711-14:47:52 19.85 32.7 90 39
1228 20220711-14:47:54 19.85 32.9 90 39
1229 20220711-14:47:55 19.85 33.1 90 39
1230 20220711-14:47:56 19.85 33.3 90 39
1231 20220711-14:47:57 19.85 33.5 90 39
1232 20220711-14:47:58 19.85 33.7 90 39
1233 20220711-14:47:59 19.85 33.9 90 39
1234 20220711-14:48:00 19.85 34.1 90 40
1235 20220711-14:48:01 19.85 34.3 90 40
1236 20220711-14:48:03 19.85 34.5 90 40
1237 20220711-14:48:10 19.85 34.6 90 40
1238 20220711-14:48:11 19.85 34.7 90 40
1239 20220711-14:48:12 19.85 34.8 90 40
1240 20220711-14:48:13 19.85 34.9 90 40
1241 20220711-14:48:13 19.85 35.0 90 40
1242 20220711-14:48:14 19.85 35.1 90 40
1243 20220711-14:48:17 19.85 35.1 90 40
1244 20220711-14:48:17 19.85 35.2 90 40
1245 20220711-14:48:20 19.85 35.3 90 40
1246 20220711-14:48:24 19.85 35.4 90 40
1247 20220711-14:48:25 19.85 35.5 90 40
1248 20220711-14:48:26 19.85 35.6 90 40
1249 20220711-14:48:27 19.85 35.7 90 40
1250 20220711-14:48:28 19.85 35.8 90 40
1251 20220711-14:48:29 19.85 35.9 90 40
1252 20220711-14:48:30 19.85 36.0 90 41
1253 20220711-14:48:32 19.85 36.1 90 41
1254 20220711-14:48:33 19.85 36.2 90 41
1255 20220711-14:48:34 19.85 36.3 90 41
1256 20220711-14:48:34 19.85 36.4 90 41
1257 20220711-14:48:35 19.85 36.5 90 41
1258 20220711-14:48:36 19.85 36.6 90 41
1259 20220711-14:48:37 19.85 36.7 90 41
1260 20220711-14:48:40 19.85 36.8 90 41
1261 20220711-14:48:42 19.85 36.9 90 41
1262 20220711-14:48:43 19.85 37.0 90 41
1263 20220711-14:48:45 19.85 37.1 90 41
1264 20220711-14:48:46 19.85 37.2 90 41
1265 20220711-14:48:47 19.85 37.3 90 41
1266 20220711-14:48:48 19.85 37.4 90 41
1267 20220711-14:48:49 19.85 37.5 90 41
1268 20220711-14:48:49 19.85 37.6 90 41
1269 20220711-14:48:50 19.85 37.7 90 41
1270 20220711-14:48:51 19.85 37.8 90 41
1271 20220711-14:48:52 19.85 37.9 90 41
1272 20220711-14:48:52 19.85 38.0 90 42
1273 20220711-14:48:53 19.85 38.1 90 42
1274 20220711-14:48:54 19.85 38.2 90 42
1275 20220711-14:48:55 19.85 38.3 90 42
1276 20220711-14:48:56 19.85 38.4 90 42
1277 20220711-14:48:57 19.85 38.5 90 42
1278 20220711-14:48:57 19.85 38.6 90 42
1279 20220711-14:48:58 19.85 38.7 90 42
1280 20220711-14:48:59 19.85 38.8 90 42
1281 20220711-14:49:00 19.85 38.9 90 42
1282 20220711-14:49:00 19.85 39.0 90 42
1283 20220711-14:49:01 19.85 39.1 90 42
1284 20220711-14:49:02 19.85 39.2 90 42
1285 20220711-14:49:03 19.85 39.3 90 42
1286 20220711-14:49:04 19.85 39.4 90 42
1287 20220711-14:49:06 19.85 39.5 90 42
1288 20220711-14:49:07 19.85 39.6 90 42
1289 20220711-14:49:08 19.85 39.7 90 42
1290 20220711-14:49:09 19.85 39.8 90 42
1291 20220711-14:49:10 19.85 39.9 90 42
1292 20220711-14:49:10 19.85 40.0 90 43
1293 20220711-14:49:11 19.85 40.1 90 43
1294 20220711-14:49:12 19.85 40.2 90 43
1295 20220711-14:49:12 19.85 40.3 90 43
1296 20220711-14:49:13 19.85 40.4 90 43
1297 20220711-14:49:14 19.85 40.5 90 43
1298 20220711-14:49:15 19.85 40.6 90 43
1299 20220711-14:49:16 19.85 40.7 90 43
1300 20220711-14:49:16 19.85 40.8 90 43
1301 20220711-14:49:17 19.85 40.9 90 43
1302 20220711-14:49:18 19.85 41.0 90 43
1303 20220711-14:49:22 19.85 41.1 90 43
1304 20220711-14:49:22 19.85 41.2 90 43
1305 20220711-14:49:23 19.85 41.3 90 43
1306 20220711-14:49:24 19.85 41.4 90 43
1307 20220711-14:49:25 19.85 41.5 90 43
1308 20220711-14:49:27 19.85 41.6 90 43
1309 20220711-14:49:27 19.85 41.7 90 43
1310 20220711-14:49:28 19.85 41.8 90 43
1311 20220711-14:49:29 19.85 41.9 90 43
1312 20220711-14:49:30 19.85 42.0 90 72
1313 20220711-14:49:31 19.85 42.1 90 72
1314 20220711-14:49:32 19.85 42.2 90 72
1315 20220711-14:49:36 19.85 42.3 90 72
1316 20220711-14:49:37 19.85 42.4 90 72
1317 20220711-14:49:39 19.85 42.5 90 72
1318 20220711-14:49:40 19.85 42.6 90 72
1319 20220711-14:49:41 19.85 42.7 90 72
1320 20220711-14:49:42 19.85 42.8 90 72
1321 20220711-14:49:43 19.85 42.9 90 72
1322 20220711-14:49:45 19.85 43.0 90 72
1323 20220711-14:49:46 19.85 43.1 90 72
1324 20220711-14:49:47 19.85 43.2 90 72
1325 20220711-14:49:48 19.85 43.3 90 72
1326 20220711-14:49:49 19.85 43.4 90 72
1327 20220711-14:49:50 19.85 43.5 90 72
1328 20220711-14:49:51 19.85 43.6 90 72
1329 20220711-14:49:53 19.85 43.7 90 72
1330 20220711-14:49:54 19.85 43.8 90 72
1331 20220711-14:49:54 19.85 43.9 90 72
1332 20220711-14:49:56 19.85 44.0 90 87
1333 20220711-14:49:57 19.85 44.1 90 87
1334 20220711-14:49:57 19.85 44.2 90 87
1335 20220711-14:49:59 19.85 44.3 90 87
1336 20220711-14:50:00 19.85 44.5 90 87
1337 20220711-14:50:00 19.85 44.6 90 87
1338 20220711-14:50:01 19.85 44.8 90 87
1339 20220711-14:50:02 19.85 44.9 90 87
1340 20220711-14:50:05 19.85 45.0 90 87
1341 20220711-14:50:12 19.85 45.0 45 87
1342 20220711-14:50:20 19.85 45.0 45 87
1343 20220711-14:50:21 19.85 45.0 45 87
1344 20220711-14:50:22 19.85 45.0 45 87
1345 20220711-14:50:26 19.85 45.0 45 87
1346 20220711-14:50:27 19.85 45.0 45 87
1347 20220711-14:50:30 19.85 45.0 0 87
1348 20220711-14:50:37 20.35 45.0 0 87
1349 20220711-14:50:40 20.55 45.0 0 87
1350 20220711-14:50:41 20.75 45.0 0 87
1351 20220711-14:50:42 20.95 45.0 0 87
1352 20220711-14:50:45 21.25 45.0 0 88
1353 20220711-14:50:46 21.45 45.0 0 88
1354 20220711-14:50:48 21.65 45.0 0 88
1355 20220711-14:50:53 21.85 45.0 0 88
1356 20220711-14:50:55 22.05 45.0 0 88
1357 20220711-14:50:59 22.25 45.0 0 88
1358 20220711-14:51:02 22.75 45.0 0 88
1359 20220711-14:51:03 22.95 45.0 0 88
1360 20220711-14:51:06 23.05 45.0 0 89
1361 20220711-14:51:07 23.15 45.0 0 89
1362 20220711-14:51:11 23.35 45.0 0 89
1363 20220711-14:51:12 23.55 45.0 0 89
1364 20220711-14:51:13 23.75 45.0 0 89
1365 20220711-14:51:14 23.95 45.0 0 89
1366 20220711-14:51:15 24.15 45.0 0 89
1367 20220711-14:51:17 24.35 45.0 0 89
1368 20220711-14:51:18 24.55 45.0 0 89
1369 20220711-14:51:20 24.65 45.0 0 89
1370 20220711-14:51:21 24.65 45.0 0 89
1371 20220711-14:51:24 24.75 45.0 0 89
1372 20220711-14:51:26 24.85 45.0 0 89
1373 20220711-14:51:28 24.95 45.0 0 89
1374 20220711-14:51:29 25.05 45.0 0 90
1375 20220711-14:51:32 25.15 45.0 0 90
1376 20220711-14:51:34 25.25 45.0 0 90
1377 20220711-14:51:36 25.35 45.0 0 90
1378 20220711-14:51:37 25.45 45.0 0 90
1379 20220711-14:51:38 25.55 45.0 0 90
1380 20220711-14:51:39 25.65 45.0 0 90
1381 20220711-14:51:40 25.75 45.0 0 90
1382 20220711-14:51:41 25.85 45.0 0 90
1383 20220711-14:51:42 25.95 45.0 0 90
1384 20220711-14:51:44 26.05 45.0 0 90
1385 20220711-14:51:44 26.15 45.0 0 90
1386 20220711-14:51:45 26.25 45.0 0 90
1387 20220711-14:51:46 26.35 45.0 0 90
1388 20220711-14:51:48 26.55 45.0 0 90
1389 20220711-14:51:49 26.75 45.0 0 90
1390 20220711-14:51:50 26.85 45.0 0 90
1391 20220711-14:51:51 26.95 45.0 0 90
1392 20220711-14:51:53 27.05 45.0 0 91
1393 20220711-14:51:54 27.15 45.0 0 91
1394 20220711-14:51:54 27.25 45.0 0 91
1395 20220711-14:51:55 27.35 45.0 0 91
1396 20220711-14:51:57 27.45 45.0 0 91
1397 20220711-14:51:58 27.65 45.0 0 91
1398 20220711-14:52:02 27.85 45.0 0 91
1399 20220711-14:52:02 28.05 45.0 0 91
1400 20220711-14:52:03 28.35 45.0 0 91
1401 20220711-14:52:04 28.55 45.0 0 91
1402 20220711-14:52:05 28.75 45.0 0 91
1403 20220711-14:52:08 28.95 45.0 0 91
1404 20220711-14:52:12 29.15 45.0 0 92
1405 20220711-14:52:14 29.35 45.0 0 92
1406 20220711-14:52:16 29.55 45.0 0 92
1407 20220711-14:52:16 29.75 45.0 0 92
1408 20220711-14:52:17 29.95 45.0 0 92
1409 20220711-14:52:19 30.15 45.0 0 92
1410 20220711-14:52:29 30.15 45.0 45 92
1411 20220711-14:52:33 30.15 45.0 45 92
1412 20220711-14:52:35 30.15 45.0 45 92
1413 20220711-14:52:36 30.15 45.0 45 92
1414 20220711-14:52:38 30.15 45.0 45 92
1415 20220711-14:52:39 30.15 45.0 45 92
1416 20220711-14:52:42 30.15 45.0 45 92
1417 20220711-14:52:47 30.15 45.0 45 92
1418 20220711-14:52:57 30.35 45.3 45 92
1419 20220711-14:53:01 29.95 45.5 45 92
1420 20220711-14:53:03 29.95 45.8 45 92
1421 20220711-14:53:10 29.95 45.8 90 92
1422 20220711-14:53:14 30.15 46.3 90 95
1423 20220711-14:53:15 30.15 46.7 90 95
1424 20220711-14:53:17 30.15 46.9 90 95
1425 20220711-14:53:18 30.15 47.1 90 95
1426 20220711-14:53:20 30.15 47.3 90 95
1427 20220711-14:53:21 30.15 47.5 90 95
1428 20220711-14:53:24 30.15 47.7 90 95
1429 20220711-14:53:26 30.15 47.9 90 95
1430 20220711-14:53:28 30.05 48.1 90 97
1431 20220711-14:53:32 30.05 48.3 90 97
1432 20220711-14:53:33 30.05 48.5 90 97
1433 20220711-14:53:35 30.05 48.7 90 97
1434 20220711-14:53:36 30.05 48.9 90 97
1435 20220711-14:53:38 30.05 49.1 90 97
1436 20220711-14:53:40 30.05 49.3 90 97
1437 20220711-14:53:41 30.05 49.5 90 97
1438 20220711-14:53:44 29.55 49.5 90 97
1439 20220711-14:53:46 29.25 49.5 90 97
1440 20220711-14:53:47 29.15 49.5 90 97
1441 20220711-14:53:51 29.15 49.9 90 97
1442 20220711-14:53:52 29.15 50.1 90 99
1443 20220711-14:53:56 29.15 50.3 90 99
1444 20220711-14:54:11 29.15 50.5 90 99
1445 20220711-14:54:13 29.15 50.7 90 99
1446 20220711-14:54:15 29.15 50.9 90 99
1447 20220711-14:54:17 29.15 51.3 90 99
1448 20220711-14:54:19 29.15 51.5 90 99
1449 20220711-14:54:21 29.15 51.7 90 99
1450 20220711-14:54:24 29.15 51.9 90 99
1451 20220711-14:54:27 29.15 52.1 90 101
1452 20220711-14:54:30 29.15 52.3 90 101
1453 20220711-14:54:31 29.15 52.4 90 101
1454 20220711-14:54:34 29.15 52.5 90 101
1455 20220711-14:54:36 29.15 52.6 90 101
1456 20220711-14:54:38 29.15 52.7 90 101
1457 20220711-14:54:40 29.15 52.8 90 101
1458 20220711-14:54:43 29.15 52.9 90 101
1459 20220711-14:54:44 29.15 53.1 90 101
1460 20220711-14:54:46 29.15 53.3 90 101
1461 20220711-14:54:47 29.15 53.4 90 101
1462 20220711-14:54:49 29.15 53.5 90 101
1463 20220711-14:54:50 29.15 53.6 90 101
1464 20220711-14:54:52 29.15 53.7 90 101
1465 20220711-14:54:53 29.15 53.8 90 101
1466 20220711-14:54:54 29.15 53.9 90 101
1467 20220711-14:54:56 29.15 54.0 90 103
1468 20220711-14:54:58 29.15 54.1 90 103
1469 20220711-14:54:59 29.15 54.2 90 103
1470 20220711-14:55:01 29.15 54.4 90 103
1471 20220711-14:55:02 29.15 54.6 90 103
1472 20220711-14:55:03 29.15 54.7 90 103
1473 20220711-14:55:06 29.15 54.8 90 103
1474 20220711-14:55:12 29.15 54.8 45 103
1475 20220711-14:55:16 29.35 54.8 45 103
1476 20220711-14:55:18 29.45 54.9 45 103
1477 20220711-14:55:19 29.65 55.0 45 103
1478 20220711-14:55:21 29.85 55.1 45 103
1479 20220711-14:55:22 30.05 55.2 45 103
1480 20220711-14:55:23 30.25 55.3 45 103
1481 20220711-14:55:24 30.45 55.4 45 103
1482 20220711-14:55:26 30.65 55.7 45 103
1483 20220711-14:55:28 30.85 55.8 45 103
1484 20220711-14:55:31 30.95 55.9 45 103
1485 20220711-14:55:33 30.85 56.1 45 140
1486 20220711-14:55:36 30.95 56.6 45 140
1487 20220711-14:55:38 30.95 57.0 45 140
1488 20220711-14:55:39 31.05 57.3 45 141
1489 20220711-14:55:41 31.15 57.5 45 141
1490 20220711-14:55:43 31.15 58.0 45 141
1491 20220711-14:55:45 31.25 58.3 45 141
1492 20220711-14:55:47 31.15 58.6 45 142
1493 20220711-14:55:52 31.15 58.7 45 142
1494 20220711-14:55:58 31.15 58.7 90 142
1495 20220711-14:56:02 31.15 59.1 90 142
1496 20220711-14:56:04 31.15 59.3 90 142
1497 20220711-14:56:05 31.15 59.5 90 142
1498 20220711-14:56:07 31.15 59.7 90 142
1499 20220711-14:56:08 31.15 59.9 90 142
1500 20220711-14:56:10 31.15 60.1 90 142
1501 20220711-14:56:12 31.15 60.5 90 142
1502 20220711-14:56:13 31.15 60.7 90 142
1503 20220711-14:56:15 31.15 60.9 90 142
1504 20220711-14:56:17 31.15 61.1 90 143
1505 20220711-14:56:19 31.15 61.3 90 143
1506 20220711-14:56:24 31.15 61.5 90 143
1507 20220711-14:56:25 31.15 61.7 90 143
1508 20220711-14:56:26 31.15 61.9 90 143
1509 20220711-14:56:27 31.15 62.2 90 143
1510 20220711-14:56:28 31.15 62.4 90 143
1511 20220711-14:56:29 31.15 62.6 90 143
1512 20220711-14:56:30 31.15 62.8 90 143
1513 20220711-14:56:31 31.15 63.0 90 144
1514 20220711-14:56:32 31.15 63.2 90 144
1515 20220711-14:56:34 31.15 63.4 90 144
1516 20220711-14:56:34 31.15 63.6 90 144
1517 20220711-14:56:35 31.15 63.8 90 144
1518 20220711-14:56:36 31.15 64.0 90 144
1519 20220711-14:56:37 31.15 64.2 90 144
1520 20220711-14:56:38 31.15 64.4 90 144
1521 20220711-14:56:39 31.15 64.6 90 144
1522 20220711-14:56:39 31.15 64.8 90 144
1523 20220711-14:56:41 31.15 64.9 90 144
1524 20220711-14:56:42 31.15 65.0 90 145
1525 20220711-14:56:43 31.15 65.1 90 145
1526 20220711-14:56:44 31.15 65.2 90 145
1527 20220711-14:56:45 31.15 65.3 90 145
1528 20220711-14:56:46 31.15 65.4 90 145
1529 20220711-14:56:47 31.15 65.5 90 145
1530 20220711-14:56:47 31.15 65.6 90 145
1531 20220711-14:56:48 31.15 65.7 90 145
1532 20220711-14:56:49 31.15 65.8 90 145
1533 20220711-14:56:51 31.15 65.9 90 145
1534 20220711-14:56:52 31.15 66.0 90 145
1535 20220711-14:56:53 31.15 66.1 90 145
1536 20220711-14:56:54 31.15 66.2 90 145
1537 20220711-14:56:56 31.15 66.3 90 145
1538 20220711-14:56:57 31.15 66.4 90 145
1539 20220711-14:56:58 31.15 66.4 90 145
1540 20220711-14:56:59 31.15 66.5 90 145
1541 20220711-14:57:00 31.15 66.6 90 145
1542 20220711-14:57:02 31.15 66.7 90 145
1543 20220711-14:57:03 31.15 67.0 90 146
1544 20220711-14:57:05 31.15 67.1 90 146
1545 20220711-14:57:05 31.15 67.2 90 146
1546 20220711-14:57:06 31.15 67.3 90 146
1547 20220711-14:57:07 31.15 67.4 90 146
1548 20220711-14:57:08 31.15 67.5 90 146
1549 20220711-14:57:09 31.15 67.7 90 146
1550 20220711-14:57:12 31.15 67.8 90 146
1551 20220711-14:57:17 31.15 67.9 90 146
1552 20220711-14:57:20 31.15 68.0 90 146
1553 20220711-14:57:23 31.15 68.1 90 146
1554 20220711-14:57:24 31.15 68.3 90 146
1555 20220711-14:57:26 31.15 68.4 90 146
1556 20220711-14:57:30 31.15 68.4 90 146
1557 20220711-14:57:31 31.15 68.5 90 146
1558 20220711-14:57:32 31.15 68.6 90 146
1559 20220711-14:57:33 31.15 68.7 90 146
1560 20220711-14:57:35 31.15 68.8 90 146
1561 20220711-14:57:36 31.15 68.9 90 146
1562 20220711-14:57:37 31.15 69.0 90 147
1563 20220711-14:57:38 31.15 69.1 90 147
1564 20220711-14:57:39 31.15 69.2 90 147
1565 20220711-14:57:39 31.15 69.4 90 147
1566 20220711-14:57:40 31.15 69.5 90 147
1567 20220711-14:57:40 31.15 69.6 90 147
1568 20220711-14:57:41 31.15 69.7 90 147
1569 20220711-14:57:41 31.15 69.8 90 147
1570 20220711-14:57:42 31.15 69.9 90 147
1571 20220711-14:57:43 31.15 70.0 90 147
1572 20220711-14:57:44 31.15 70.2 90 147
1573 20220711-14:57:45 31.15 70.4 90 147
1574 20220711-14:57:46 31.15 70.6 90 147
1575 20220711-14:57:47 31.15 70.8 90 147
1576 20220711-14:57:48 31.15 70.9 90 147
1577 20220711-14:57:49 31.15 71.0 90 148
1578 20220711-14:57:49 31.15 71.1 90 148
1579 20220711-14:57:51 31.15 71.2 90 148
1580 20220711-14:57:52 31.15 71.3 90 148
1581 20220711-14:57:53 31.15 71.4 90 148
1582 20220711-14:57:53 31.15 71.5 90 148
1583 20220711-14:57:54 31.15 71.6 90 148
1584 20220711-14:57:55 31.15 71.7 90 148
1585 20220711-14:57:56 31.15 71.8 90 148
1586 20220711-14:57:57 31.15 71.9 90 148
1587 20220711-14:58:21 31.15 71.9 90 148
