1 20220809-14:32:44 20.05 40.65 90 42
2 20220809-14:35:00 20.05 40.65 90 42
3 20220809-14:35:25 20.05 40.65 45 42
4 20220809-14:35:37 20.05 40.65 0 42
5 20220809-14:35:47 20.05 40.65 315 42
6 20220809-14:35:49 20.05 40.65 315 42
7 20220809-14:35:58 20.05 40.65 270 42
8 20220809-14:36:09 20.05 40.65 225 42
9 20220809-14:36:11 20.05 40.65 225 42
10 20220809-14:36:19 20.05 40.65 180 42
11 20220809-14:36:30 20.05 40.65 135 42
12 20220809-14:36:40 20.05 40.65 90 42
13 20220809-14:37:09 20.05 41.35 45 42
14 20220809-14:37:17 20.05 41.35 45 42
15 20220809-14:37:31 20.05 41.35 90 42
16 20220809-14:37:48 20.05 41.35 135 42
17 20220809-14:37:50 20.05 41.35 180 42
18 20220809-14:38:03 20.05 41.35 225 42
19 20220809-14:38:14 20.05 41.35 270 42
20 20220809-14:38:20 20.05 41.35 315 42
21 20220809-14:38:29 20.05 41.35 315 42
22 20220809-14:38:30 20.05 41.35 0 42
23 20220809-14:38:34 20.05 39.85 0 42
24 20220809-14:38:40 20.05 39.85 45 42
25 20220809-14:38:47 20.05 39.85 45 42
26 20220809-14:38:57 20.05 39.85 90 42
27 20220809-14:38:59 20.05 39.85 90 42
28 20220809-14:39:29 20.15 40.75 90 43
29 20220809-14:39:38 20.15 40.75 90 43
30 20220809-14:39:46 20.15 40.75 90 43
31 20220809-14:39:55 20.15 40.75 45 43
32 20220809-14:40:02 20.15 40.75 0 43
33 20220809-14:40:16 20.15 40.75 315 43
34 20220809-14:40:23 20.15 40.75 315 43
35 20220809-14:40:29 20.15 40.75 270 43
36 20220809-14:40:30 20.15 40.75 270 43
37 20220809-14:40:40 20.15 40.75 225 43
38 20220809-14:40:41 20.15 40.75 225 43
39 20220809-14:40:49 20.15 40.75 180 43
40 20220809-14:41:01 20.15 40.75 135 43
41 20220809-14:41:02 20.15 40.75 135 43
42 20220809-14:41:11 20.15 40.75 90 43
43 20220809-14:41:14 20.15 40.75 90 43
44 20220809-14:41:31 20.15 41.55 90 43
45 20220809-14:41:50 20.15 41.55 90 43
46 20220809-14:41:54 20.15 41.55 135 43
47 20220809-14:41:55 20.15 41.55 135 43
48 20220809-14:42:07 20.15 41.55 180 43
49 20220809-14:42:08 20.15 41.55 180 43
50 20220809-14:42:14 20.15 41.55 225 43
51 20220809-14:42:16 20.15 41.55 225 43
52 20220809-14:42:28 20.15 41.55 270 43
53 20220809-14:42:30 20.15 41.55 270 43
54 20220809-14:42:38 20.15 41.55 315 43
55 20220809-14:42:51 20.15 41.55 0 43
56 20220809-14:42:53 20.15 41.55 0 43
57 20220809-14:42:57 20.15 41.55 45 43
58 20220809-14:43:01 20.15 41.55 45 43
59 20220809-14:43:12 20.15 41.55 90 43
60 20220809-14:43:15 20.15 41.55 90 43
61 20220809-14:43:34 20.15 42.55 90 72
62 20220809-14:43:41 20.15 42.55 90 72
63 20220809-14:43:41 20.15 42.55 90 72
64 20220809-14:43:58 20.15 42.55 45 72
65 20220809-14:44:09 20.15 42.55 0 72
66 20220809-14:44:24 20.15 42.55 315 72
67 20220809-14:44:36 20.15 42.55 270 72
68 20220809-14:44:47 20.15 42.55 225 72
69 20220809-14:44:58 20.15 42.55 180 72
70 20220809-14:45:12 20.15 42.55 135 72
71 20220809-14:45:24 20.15 42.55 90 72
72 20220809-14:45:28 20.15 42.55 90 72
73 20220809-14:45:33 20.15 42.55 90 72
74 20220809-14:46:04 20.15 42.55 90 72
