1 20220713-15:48:42 31.35 71.85 90 148
2 20220713-15:49:14 31.35 72.15 90 148
3 20220713-15:49:16 31.35 72.35 90 148
4 20220713-15:49:18 31.35 72.55 90 148
5 20220713-15:49:18 31.35 72.75 90 148
6 20220713-15:49:23 31.35 72.95 90 148
7 20220713-15:49:25 31.35 73.15 90 149
8 20220713-15:49:29 31.35 73.35 90 149
9 20220713-15:49:31 31.35 73.55 90 149
10 20220713-15:49:32 31.35 73.75 90 149
11 20220713-15:49:33 31.35 73.95 90 149
12 20220713-15:49:35 31.35 74.15 90 149
13 20220713-15:49:36 31.35 74.35 90 149
14 20220713-15:49:37 31.35 74.55 90 149
15 20220713-15:49:38 31.35 74.75 90 149
16 20220713-15:49:39 31.35 74.95 90 149
17 20220713-15:49:40 31.35 75.15 90 150
18 20220713-15:49:41 31.35 75.35 90 150
19 20220713-15:49:43 31.35 75.55 90 150
20 20220713-15:49:44 31.35 75.75 90 150
21 20220713-15:49:45 31.35 75.95 90 150
22 20220713-15:49:46 31.35 76.05 90 150
23 20220713-15:49:48 31.35 76.15 90 150
24 20220713-15:49:49 31.35 76.25 90 150
25 20220713-15:49:50 31.35 76.35 90 150
26 20220713-15:49:51 31.35 76.45 90 150
27 20220713-15:49:52 31.35 76.55 90 150
28 20220713-15:49:53 31.35 76.65 90 150
29 20220713-15:49:56 31.35 76.75 90 150
30 20220713-15:49:57 31.35 76.85 90 150
31 20220713-15:50:00 31.35 77.05 90 151
32 20220713-15:50:01 31.35 77.15 90 151
33 20220713-15:50:03 31.35 77.25 90 151
34 20220713-15:50:07 31.35 77.35 90 151
35 20220713-15:50:09 31.35 77.45 90 151
36 20220713-15:50:12 31.35 77.45 45 151
37 20220713-15:50:21 31.35 77.45 0 151
38 20220713-15:50:28 31.45 77.45 0 151
39 20220713-15:50:29 31.55 77.45 0 151
40 20220713-15:50:30 31.65 77.55 0 151
41 20220713-15:50:32 31.75 77.55 0 151
42 20220713-15:50:47 31.85 77.55 0 151
43 20220713-15:50:49 31.95 77.55 0 151
44 20220713-15:50:51 32.05 77.55 0 270
45 20220713-15:50:54 32.15 77.55 0 270
46 20220713-15:50:56 32.25 77.55 0 270
47 20220713-15:50:57 32.35 77.55 0 270
48 20220713-15:50:59 32.45 77.55 0 270
49 20220713-15:51:01 32.55 77.55 0 270
50 20220713-15:51:03 32.65 77.55 0 270
51 20220713-15:51:04 32.65 77.65 0 270
52 20220713-15:51:05 32.75 77.65 0 270
53 20220713-15:51:06 32.85 77.65 0 270
54 20220713-15:51:07 33.05 77.65 0 270
55 20220713-15:51:08 33.15 77.65 0 270
56 20220713-15:51:08 33.25 77.65 0 270
57 20220713-15:51:09 33.35 77.65 0 270
58 20220713-15:51:10 33.45 77.65 0 270
59 20220713-15:51:12 33.55 77.65 0 270
60 20220713-15:51:13 33.75 77.65 0 270
61 20220713-15:51:14 33.85 77.65 0 270
62 20220713-15:51:14 33.95 77.65 0 270
63 20220713-15:51:15 34.15 77.65 0 269
64 20220713-15:51:16 34.25 77.65 0 269
65 20220713-15:51:18 34.35 77.65 0 269
66 20220713-15:51:19 34.45 77.65 0 269
67 20220713-15:51:20 34.55 77.65 0 269
68 20220713-15:51:21 34.65 77.65 0 269
69 20220713-15:51:22 34.75 77.65 0 269
70 20220713-15:51:23 34.85 77.65 0 269
71 20220713-15:51:24 34.95 77.65 0 269
72 20220713-15:51:25 35.05 77.65 0 269
73 20220713-15:51:27 35.15 77.65 0 269
74 20220713-15:51:28 35.25 77.65 0 269
75 20220713-15:51:29 35.35 77.65 0 269
76 20220713-15:51:31 35.45 77.65 0 269
77 20220713-15:51:32 35.55 77.65 0 269
78 20220713-15:51:33 35.65 77.65 0 269
79 20220713-15:51:34 35.75 77.65 0 269
80 20220713-15:51:35 35.85 77.65 0 269
81 20220713-15:51:35 35.95 77.65 0 269
82 20220713-15:51:36 36.05 77.65 0 268
83 20220713-15:51:37 36.15 77.65 0 268
84 20220713-15:51:38 36.25 77.65 0 268
85 20220713-15:51:39 36.35 77.65 0 268
86 20220713-15:51:40 36.45 77.65 0 268
87 20220713-15:51:41 36.55 77.65 0 268
88 20220713-15:51:42 36.65 77.65 0 268
89 20220713-15:51:43 36.75 77.65 0 268
90 20220713-15:51:44 36.85 77.65 0 268
91 20220713-15:51:44 36.95 77.65 0 268
92 20220713-15:51:45 37.05 77.65 0 268
93 20220713-15:51:46 37.25 77.65 0 268
94 20220713-15:51:47 37.45 77.65 0 268
95 20220713-15:51:48 37.55 77.65 0 268
96 20220713-15:51:49 37.65 77.65 0 268
97 20220713-15:51:50 37.85 77.65 0 268
98 20220713-15:51:51 37.95 77.65 0 268
99 20220713-15:51:52 38.05 77.65 0 267
100 20220713-15:51:53 38.15 77.65 0 267
101 20220713-15:51:54 38.25 77.65 0 267
102 20220713-15:51:55 38.35 77.65 0 267
103 20220713-15:51:57 38.45 77.65 0 267
104 20220713-15:51:58 38.55 77.65 0 267
105 20220713-15:51:58 38.65 77.65 0 267
106 20220713-15:51:59 38.75 77.65 0 267
107 20220713-15:52:00 38.85 77.65 0 267
108 20220713-15:52:01 38.95 77.65 0 267
109 20220713-15:52:02 39.15 77.65 0 267
110 20220713-15:52:02 39.35 77.65 0 267
111 20220713-15:52:04 39.55 77.65 0 267
112 20220713-15:52:04 39.65 77.65 0 267
113 20220713-15:52:05 39.75 77.65 0 267
114 20220713-15:52:07 39.85 77.65 0 267
115 20220713-15:52:08 40.05 77.65 0 266
116 20220713-15:52:09 40.15 77.65 0 266
117 20220713-15:52:10 40.25 77.65 0 266
118 20220713-15:52:11 40.35 77.65 0 266
119 20220713-15:52:12 40.45 77.65 0 266
120 20220713-15:52:13 40.55 77.65 0 266
121 20220713-15:52:14 40.65 77.65 0 266
122 20220713-15:52:15 40.75 77.65 0 266
123 20220713-15:52:16 40.85 77.65 0 266
124 20220713-15:52:17 41.05 77.65 0 266
125 20220713-15:52:18 41.15 77.65 0 266
126 20220713-15:52:19 41.25 77.65 0 266
127 20220713-15:52:19 41.35 77.65 0 266
128 20220713-15:52:20 41.55 77.65 0 266
129 20220713-15:52:21 41.65 77.65 0 266
130 20220713-15:52:22 41.75 77.65 0 266
131 20220713-15:52:23 41.85 77.65 0 266
132 20220713-15:52:25 41.95 77.65 0 266
133 20220713-15:52:25 42.15 77.65 0 265
134 20220713-15:52:26 42.25 77.65 0 265
135 20220713-15:52:28 42.35 77.65 0 265
136 20220713-15:52:29 42.55 77.65 0 265
137 20220713-15:52:30 42.65 77.65 0 265
138 20220713-15:52:31 42.75 77.65 0 265
139 20220713-15:52:32 42.95 77.65 0 265
140 20220713-15:52:33 43.05 77.65 0 265
141 20220713-15:52:34 43.15 77.65 0 265
142 20220713-15:52:35 43.35 77.65 0 265
143 20220713-15:52:35 43.45 77.65 0 265
144 20220713-15:52:36 43.65 77.65 0 265
145 20220713-15:52:37 43.75 77.65 0 265
146 20220713-15:52:38 43.85 77.65 0 265
147 20220713-15:52:39 43.95 77.65 0 265
148 20220713-15:52:40 44.15 77.65 0 264
149 20220713-15:52:41 44.25 77.65 0 264
150 20220713-15:52:42 44.35 77.65 0 264
151 20220713-15:52:43 44.45 77.65 0 264
152 20220713-15:52:44 44.55 77.65 0 264
153 20220713-15:52:45 44.65 77.65 0 264
154 20220713-15:52:46 44.75 77.65 0 264
155 20220713-15:52:47 44.85 77.65 0 264
156 20220713-15:52:48 45.05 77.65 0 264
157 20220713-15:52:49 45.15 77.65 0 264
158 20220713-15:52:50 45.25 77.65 0 264
159 20220713-15:52:51 45.35 77.65 0 264
160 20220713-15:52:52 45.45 77.65 0 264
161 20220713-15:52:53 45.55 77.65 0 264
162 20220713-15:52:54 45.65 77.65 0 264
163 20220713-15:52:55 45.85 77.65 0 264
164 20220713-15:52:56 45.95 77.65 0 264
165 20220713-15:52:57 46.05 77.65 0 263
166 20220713-15:52:58 46.15 77.65 0 263
167 20220713-15:52:59 46.25 77.65 0 263
168 20220713-15:53:00 46.35 77.65 0 263
169 20220713-15:53:01 46.45 77.65 0 263
170 20220713-15:53:02 46.55 77.65 0 263
171 20220713-15:53:03 46.65 77.65 0 263
172 20220713-15:53:05 46.85 77.65 0 263
173 20220713-15:53:05 46.95 77.65 0 263
174 20220713-15:53:06 47.05 77.65 0 263
175 20220713-15:53:07 47.15 77.65 0 263
176 20220713-15:53:08 47.25 77.65 0 263
177 20220713-15:53:09 47.35 77.65 0 263
178 20220713-15:53:10 47.45 77.65 0 263
179 20220713-15:53:10 47.65 77.65 0 263
180 20220713-15:53:12 47.75 77.65 0 263
181 20220713-15:53:13 47.85 77.65 0 263
182 20220713-15:53:14 47.85 77.65 0 263
183 20220713-15:53:14 47.95 77.65 0 263
184 20220713-15:53:16 48.05 77.65 0 262
185 20220713-15:53:16 48.25 77.65 0 262
186 20220713-15:53:17 48.35 77.65 0 262
187 20220713-15:53:18 48.45 77.65 0 262
188 20220713-15:53:19 48.65 77.65 0 262
189 20220713-15:53:20 48.75 77.65 0 262
190 20220713-15:53:21 48.85 77.65 0 262
191 20220713-15:53:22 48.95 77.65 0 262
192 20220713-15:53:23 49.15 77.65 0 262
193 20220713-15:53:24 49.25 77.65 0 262
194 20220713-15:53:25 49.35 77.65 0 262
195 20220713-15:53:26 49.45 77.65 0 262
196 20220713-15:53:27 49.55 77.65 0 262
197 20220713-15:53:28 49.75 77.65 0 262
198 20220713-15:53:29 49.85 77.65 0 262
199 20220713-15:53:30 50.05 77.65 0 261
200 20220713-15:53:32 50.15 77.65 0 261
201 20220713-15:53:33 50.25 77.65 0 261
202 20220713-15:53:34 50.35 77.65 0 261
203 20220713-15:53:35 50.45 77.65 0 261
204 20220713-15:53:36 50.65 77.65 0 261
205 20220713-15:53:37 50.75 77.65 0 261
206 20220713-15:53:38 50.85 77.65 0 261
207 20220713-15:53:39 50.95 77.65 0 261
208 20220713-15:53:40 51.05 77.65 0 261
209 20220713-15:53:41 51.25 77.65 0 261
210 20220713-15:53:42 51.35 77.65 0 261
211 20220713-15:53:43 51.45 77.65 0 261
212 20220713-15:53:44 51.55 77.65 0 261
213 20220713-15:53:45 51.75 77.65 0 261
214 20220713-15:53:46 51.85 77.65 0 261
215 20220713-15:53:47 51.95 77.65 0 261
216 20220713-15:53:48 52.05 77.65 0 260
217 20220713-15:53:48 52.15 77.65 0 260
218 20220713-15:53:49 52.25 77.65 0 260
219 20220713-15:53:50 52.35 77.65 0 260
220 20220713-15:53:51 52.45 77.65 0 260
221 20220713-15:53:52 52.55 77.65 0 260
222 20220713-15:53:53 52.65 77.65 0 260
223 20220713-15:53:54 52.75 77.65 0 260
224 20220713-15:53:54 52.85 77.65 0 260
225 20220713-15:53:55 53.05 77.65 0 260
226 20220713-15:53:56 53.15 77.65 0 260
227 20220713-15:53:57 53.25 77.65 0 260
228 20220713-15:53:58 53.35 77.65 0 260
229 20220713-15:53:59 53.55 77.65 0 260
230 20220713-15:54:00 53.75 77.65 0 260
231 20220713-15:54:01 53.95 77.65 0 260
232 20220713-15:54:02 54.05 77.65 0 259
233 20220713-15:54:04 54.25 77.65 0 259
234 20220713-15:54:05 54.35 77.65 0 259
235 20220713-15:54:06 54.45 77.65 0 259
236 20220713-15:54:07 54.55 77.65 0 259
237 20220713-15:54:08 54.65 77.65 0 259
238 20220713-15:54:09 54.75 77.65 0 259
239 20220713-15:54:10 54.95 77.65 0 259
240 20220713-15:54:10 55.05 77.65 0 259
241 20220713-15:54:11 55.15 77.65 0 259
242 20220713-15:54:12 55.25 77.65 0 259
243 20220713-15:54:13 55.35 77.65 0 259
244 20220713-15:54:14 55.45 77.65 0 259
245 20220713-15:54:14 55.55 77.65 0 259
246 20220713-15:54:15 55.65 77.65 0 259
247 20220713-15:54:16 55.75 77.65 0 259
248 20220713-15:54:17 55.85 77.65 0 259
249 20220713-15:54:17 55.95 77.65 0 259
250 20220713-15:54:18 56.05 77.65 0 258
251 20220713-15:54:19 56.25 77.65 0 258
252 20220713-15:54:20 56.35 77.65 0 258
253 20220713-15:54:21 56.55 77.65 0 258
254 20220713-15:54:22 56.65 77.65 0 258
255 20220713-15:54:22 56.65 77.65 0 258
256 20220713-15:54:23 56.75 77.65 0 258
257 20220713-15:54:24 56.85 77.65 0 258
258 20220713-15:54:25 56.95 77.65 0 258
259 20220713-15:54:26 57.05 77.65 0 258
260 20220713-15:54:27 57.15 77.65 0 258
261 20220713-15:54:27 57.25 77.65 0 258
262 20220713-15:54:28 57.35 77.65 0 258
263 20220713-15:54:32 57.45 77.65 0 258
264 20220713-15:54:36 57.55 77.65 0 258
265 20220713-15:54:37 57.65 77.65 0 257
266 20220713-15:54:38 57.75 77.65 0 257
267 20220713-15:54:39 57.85 77.65 0 257
268 20220713-15:54:40 57.95 77.65 0 257
269 20220713-15:54:47 58.15 77.65 0 257
270 20220713-15:54:48 58.25 77.65 0 257
271 20220713-15:54:53 58.35 77.65 0 257
272 20220713-15:54:59 58.45 77.65 0 257
273 20220713-15:55:12 58.55 77.65 0 257
274 20220713-15:55:30 58.55 77.65 0 257
