1 20220808-11:35:00 31.0 41.5 270 65
0 20220808-11:34:59 31.0 41.5 270 65
2 20220808-11:35:01 31.0 41.5 270 65
3 20220808-11:35:49 31.0 41.5 315 65
4 20220808-11:35:57 31.0 41.5 0 65
5 20220808-11:36:04 31.0 41.5 45 65
6 20220808-11:36:17 31.0 41.5 90 65
7 20220808-11:36:23 31.0 41.5 135 65
8 20220808-11:36:35 31.0 41.5 180 65
9 20220808-11:36:47 31.0 41.5 225 65
10 20220808-11:36:55 31.0 41.5 270 65
11 20220808-11:36:58 31.0 41.5 270 65
12 20220808-11:37:20 31.0 40.5 270 65
13 20220808-11:37:44 31.0 40.4 225 65
14 20220808-11:37:53 31.0 40.4 180 65
15 20220808-11:38:03 31.0 40.4 135 65
16 20220808-11:38:16 31.0 40.4 90 65
17 20220808-11:38:24 31.0 40.4 45 65
18 20220808-11:38:33 31.0 40.4 0 65
19 20220808-11:38:41 31.0 40.4 315 65
20 20220808-11:38:53 31.0 40.4 315 65
21 20220808-11:38:55 31.0 40.4 270 65
22 20220808-11:39:02 31.0 40.4 270 65
23 20220808-11:39:46 31.0 39.6 270 64
24 20220808-11:39:53 31.0 39.6 270 64
25 20220808-11:40:07 31.0 39.6 315 64
26 20220808-11:40:16 31.0 39.6 0 64
27 20220808-11:40:27 31.0 39.6 45 64
28 20220808-11:40:37 31.0 39.6 90 64
29 20220808-11:40:45 31.0 39.6 135 64
30 20220808-11:40:58 31.0 39.6 180 64
31 20220808-11:41:04 31.0 39.6 225 64
32 20220808-11:41:19 31.0 39.6 270 64
33 20220808-11:41:47 31.0 38.6 270 64
34 20220808-11:41:56 31.0 38.6 270 64
35 20220808-11:42:11 31.0 38.6 225 64
36 20220808-11:42:20 31.0 38.6 180 64
37 20220808-11:42:31 31.0 38.6 135 64
38 20220808-11:42:45 31.0 38.6 90 64
39 20220808-11:42:56 31.0 38.6 45 64
40 20220808-11:43:05 31.0 38.6 0 64
41 20220808-11:43:24 31.0 38.6 315 64
42 20220808-11:43:38 31.0 38.6 270 64
43 20220808-11:44:00 31.0 37.5 270 63
44 20220808-11:44:03 31.0 37.5 270 63
45 20220808-11:44:20 31.0 37.5 315 63
46 20220808-11:45:05 31.0 37.5 0 63
47 20220808-11:45:13 31.0 37.5 45 63
48 20220808-11:45:23 31.0 37.5 90 63
49 20220808-11:45:28 31.0 37.5 135 63
50 20220808-11:45:36 31.0 37.5 135 63
51 20220808-11:45:42 31.0 37.5 180 63
52 20220808-11:45:49 31.0 37.5 225 63
53 20220808-11:46:01 31.0 37.5 270 63
54 20220808-11:46:12 31.0 37.5 270 63
55 20220808-11:46:15 31.0 37.5 315 63
56 20220808-11:46:25 31.0 37.5 0 63
57 20220808-11:46:33 31.0 37.5 45 63
58 20220808-11:46:46 31.0 37.5 90 63
59 20220808-11:46:53 31.0 37.5 135 63
60 20220808-11:46:55 31.0 37.5 135 63
61 20220808-11:47:07 31.0 37.5 180 63
62 20220808-11:47:15 31.0 37.5 225 63
63 20220808-11:47:25 31.0 37.5 270 63
64 20220808-11:47:56 31.0 36.6 270 63
65 20220808-11:48:01 31.0 36.6 270 63
66 20220808-11:48:01 31.0 36.6 270 63
67 20220808-11:48:01 31.0 36.6 270 63
68 20220808-11:48:08 31.0 36.6 225 63
69 20220808-11:48:19 31.0 36.6 180 63
70 20220808-11:48:20 31.0 36.6 180 63
71 20220808-11:48:29 31.0 36.6 135 63
72 20220808-11:48:35 31.0 36.6 90 63
73 20220808-11:48:46 31.0 36.6 45 63
74 20220808-11:48:56 31.0 36.6 0 63
75 20220808-11:49:06 31.0 36.6 315 63
76 20220808-11:49:17 31.0 36.6 270 63
77 20220808-11:49:22 31.0 36.6 270 63
78 20220808-11:49:55 31.0 35.6 270 63
79 20220808-11:49:56 31.0 35.6 270 63
80 20220808-11:50:15 31.0 35.4 270 63
81 20220808-11:50:32 31.0 35.4 270 63
82 20220808-11:50:44 31.0 35.4 225 63
83 20220808-11:50:46 31.0 35.4 225 63
84 20220808-11:50:55 31.0 35.3 180 63
85 20220808-11:51:03 31.0 35.4 135 63
86 20220808-11:51:15 31.0 35.4 90 63
87 20220808-11:51:23 31.0 35.4 45 63
88 20220808-11:51:35 31.0 35.4 0 63
89 20220808-11:51:43 31.0 35.4 315 63
90 20220808-11:51:52 31.0 35.4 270 63
91 20220808-11:51:54 31.0 35.4 270 63
92 20220808-11:52:17 31.0 34.6 270 62
93 20220808-11:52:21 31.0 34.6 270 62
94 20220808-11:52:21 31.0 34.6 270 62
95 20220808-11:52:41 31.0 34.6 315 62
96 20220808-11:52:55 31.0 34.6 0 62
97 20220808-11:53:02 31.0 34.6 45 62
98 20220808-11:53:14 31.0 34.6 90 62
99 20220808-11:53:15 31.0 34.6 90 62
100 20220808-11:53:25 31.0 34.6 135 62
101 20220808-11:53:33 31.0 34.6 180 62
102 20220808-11:53:40 31.0 34.6 225 62
103 20220808-11:53:53 31.0 34.6 270 62
104 20220808-11:54:16 31.0 33.6 270 62
105 20220808-11:54:30 31.0 33.6 225 62
106 20220808-11:54:39 31.0 33.6 180 62
107 20220808-11:54:49 31.0 33.6 135 62
108 20220808-11:54:58 31.0 33.6 90 62
109 20220808-11:55:07 31.0 33.6 45 62
110 20220808-11:55:13 31.0 33.6 0 62
111 20220808-11:55:23 31.0 33.6 315 62
112 20220808-11:55:32 31.0 33.6 270 62
113 20220808-11:55:56 31.0 32.5 270 61
114 20220808-11:56:45 31.0 32.9 270 61
115 20220808-11:56:50 31.0 32.4 270 61
116 20220808-11:57:03 31.0 32.4 315 61
117 20220808-11:57:14 31.0 32.4 90 61
118 20220808-11:57:24 31.0 32.4 135 61
119 20220808-11:57:33 31.0 32.4 180 61
120 20220808-11:57:43 31.0 32.4 225 61
121 20220808-11:57:56 31.0 32.4 270 61
122 20220808-11:58:03 31.0 32.4 315 61
123 20220808-11:59:11 31.0 31.5 270 61
124 20220808-11:59:18 31.0 31.5 270 61
125 20220808-11:59:32 31.0 31.5 225 61
126 20220808-11:59:33 31.0 31.5 225 61
127 20220808-11:59:43 31.0 31.5 180 61
128 20220808-11:59:53 31.0 31.5 135 61
129 20220808-11:59:54 31.0 31.5 135 61
130 20220808-12:01:47 31.0 31.4 90 61
131 20220808-12:01:48 31.0 31.4 90 61
132 20220808-12:01:58 31.0 31.4 45 61
133 20220808-12:02:07 31.0 31.4 0 61
134 20220808-12:02:15 31.0 31.4 315 61
135 20220808-12:02:20 31.0 31.4 270 61
136 20220808-12:02:41 31.0 30.5 270 60
137 20220808-12:02:54 31.0 30.5 225 60
138 20220808-12:03:03 31.0 30.5 180 60
139 20220808-12:03:14 31.0 30.5 135 60
140 20220808-12:03:24 31.0 30.5 90 60
141 20220808-12:03:34 31.0 30.5 45 60
142 20220808-12:03:46 31.0 30.5 0 60
143 20220808-12:03:53 31.0 30.5 315 60
144 20220808-12:04:04 31.0 30.5 270 60
145 20220808-12:04:09 31.0 30.5 270 60
146 20220808-12:04:47 30.9 29.5 270 60
147 20220808-12:05:05 30.9 29.5 315 60
148 20220808-12:05:17 30.9 29.5 0 60
149 20220808-12:05:26 30.9 29.5 45 60
150 20220808-12:05:36 30.9 29.5 45 60
151 20220808-12:05:43 30.9 29.5 90 60
152 20220808-12:06:13 30.9 29.5 45 60
153 20220808-12:06:17 30.9 29.5 135 60
154 20220808-12:06:37 30.9 29.5 180 60
155 20220808-12:06:44 30.9 29.5 225 60
156 20220808-12:06:48 30.9 29.5 225 60
157 20220808-12:07:05 30.9 29.5 270 60
158 20220808-12:07:49 30.9 29.5 270 60
159 20220808-12:08:05 30.9 28.5 270 59
160 20220808-12:08:08 30.9 28.5 270 59
161 20220808-12:08:23 30.9 28.5 225 59
162 20220808-12:08:33 30.9 28.5 180 59
163 20220808-12:08:45 30.9 28.5 135 59
164 20220808-12:08:52 30.9 28.5 90 59
165 20220808-12:09:03 30.9 28.5 45 59
166 20220808-12:09:04 30.9 28.5 45 59
167 20220808-12:09:13 30.9 28.5 0 59
168 20220808-12:09:25 30.9 28.5 315 59
169 20220808-12:09:34 30.9 28.5 270 59
170 20220808-12:09:37 30.9 28.5 270 59
171 20220808-12:09:37 30.9 28.5 270 59
172 20220808-12:09:57 30.9 27.5 270 59
173 20220808-12:10:00 30.9 27.5 270 59
174 20220808-12:10:21 30.9 27.5 315 59
175 20220808-12:10:30 30.9 27.5 0 59
176 20220808-12:10:41 30.9 27.5 45 59
177 20220808-12:10:54 30.9 27.5 90 59
178 20220808-12:10:59 30.9 27.5 135 59
179 20220808-12:11:11 30.9 27.5 180 59
180 20220808-12:11:19 30.9 27.5 225 59
181 20220808-12:11:32 30.9 27.5 270 59
182 20220808-12:11:37 30.9 27.5 270 59
183 20220808-12:12:05 31.0 26.5 270 58
184 20220808-12:12:27 31.0 26.5 315 58
185 20220808-12:12:39 31.0 26.5 0 58
186 20220808-12:12:46 31.0 26.5 45 58
187 20220808-12:13:01 31.0 26.5 90 58
188 20220808-12:13:11 31.0 26.5 135 58
189 20220808-12:13:20 31.0 26.5 180 58
190 20220808-12:13:29 31.0 26.5 225 58
191 20220808-12:13:40 31.0 26.5 270 58
192 20220808-12:13:52 31.0 26.5 270 58
193 20220808-12:14:16 31.0 25.5 270 58
194 20220808-12:14:16 31.0 25.5 270 58
195 20220808-12:14:25 31.0 25.5 270 58
196 20220808-12:14:35 31.0 25.5 225 58
197 20220808-12:14:40 31.0 25.5 180 58
198 20220808-12:14:51 31.0 25.5 135 58
199 20220808-12:15:03 31.0 25.5 90 58
200 20220808-12:15:11 31.0 25.5 45 58
201 20220808-12:15:20 31.0 25.5 0 58
202 20220808-12:15:30 31.0 25.5 315 58
203 20220808-12:15:42 31.0 25.5 270 58
204 20220808-12:15:50 31.0 25.5 270 58
205 20220808-12:16:19 31.0 24.5 270 57
206 20220808-12:16:22 31.0 24.5 270 57
207 20220808-12:16:32 31.0 24.5 270 57
208 20220808-12:16:45 31.0 24.5 225 57
209 20220808-12:16:53 31.0 24.5 180 57
210 20220808-12:17:05 31.0 24.5 135 57
211 20220808-12:17:12 31.0 24.5 90 57
212 20220808-12:17:23 31.0 24.5 45 57
213 20220808-12:17:32 31.0 24.5 0 57
214 20220808-12:17:42 31.0 24.5 315 57
215 20220808-12:17:52 31.0 24.5 270 57
216 20220808-12:17:53 31.0 24.5 270 57
217 20220808-12:18:51 31.0 24.4 270 57
