1 20220809-11:58:59 19.85 37.55 90 41
2 20220809-11:59:50 19.85 37.55 90 41
3 20220809-12:00:24 19.85 38.45 90 42
4 20220809-12:00:36 19.85 38.45 90 42
5 20220809-12:00:36 19.85 38.45 90 42
6 20220809-12:00:53 19.85 38.45 45 42
7 20220809-12:01:02 19.85 38.45 0 42
8 20220809-12:01:10 19.85 38.45 315 42
9 20220809-12:01:21 19.85 38.45 270 42
10 20220809-12:01:25 19.85 38.45 270 42
11 20220809-12:01:35 19.85 38.45 225 42
12 20220809-12:01:44 19.85 38.45 180 42
13 20220809-12:01:55 19.85 38.45 135 42
14 20220809-12:02:06 19.85 38.45 90 42
15 20220809-12:03:07 19.95 38.55 90 42
16 20220809-12:03:25 19.95 39.45 90 42
17 20220809-12:03:46 19.95 39.45 135 42
18 20220809-12:03:54 19.95 39.45 180 42
19 20220809-12:04:04 19.95 39.45 225 42
20 20220809-12:04:19 19.95 39.45 270 42
21 20220809-12:04:24 19.95 39.45 315 42
22 20220809-12:04:26 19.95 39.45 315 42
23 20220809-12:04:39 19.95 39.45 0 42
24 20220809-12:04:48 19.95 39.45 45 42
25 20220809-12:04:49 19.95 39.45 45 42
26 20220809-12:04:56 19.95 39.45 45 42
27 20220809-12:05:02 19.95 39.45 90 42
28 20220809-12:05:52 19.95 39.45 90 42
